0 0.559640522875817 0.2672826086956522 0.055702614379084976 0.04841304347826087
0 0.5250980392156863 0.3937826086956521 0.04604575163398693 0.06226086956521739
0 0.5436764705882353 0.4891304347826087 0.05050653594771242 0.0731304347826087
0 0.8429901960784313 0.3221304347826087 0.049019607843137254 0.059282608695652175
0 0.6220261437908496 0.23171739130434785 0.03936274509803921 0.06226086956521739
0 0.5254738562091503 0.23171739130434785 0.042336601307189546 0.05632608695652174
0 0.5926960784313726 0.4980217391304348 0.05348039215686274 0.06719565217391305
0 0.5975163398692811 0.39576086956521744 0.0542156862745098 0.060282608695652176
0 0.8348202614379086 0.7712391304347825 0.05348039215686274 0.0721304347826087
0 0.6955555555555556 0.8913043478260869 0.06313725490196079 0.06917391304347827
0 0.5083986928104575 0.9501086956521739 0.060163398692810455 0.06226086956521739
0 0.4616013071895425 0.8414130434782608 0.0482843137254902 0.04841304347826087
0 0.5455228758169934 0.7717391304347826 0.05124183006535948 0.057304347826086954
0 0.5540686274509804 0.7267826086956521 0.04455882352941176 0.04643478260869565
0 0.6279738562091504 0.7445652173913043 0.03638888888888889 0.05632608695652174
0 0.6550816993464053 0.7485217391304347 0.05050653594771242 0.05632608695652174
0 0.6639869281045752 0.8063260869565217 0.05050653594771242 0.059282608695652175
0 0.7909967320261437 0.6758913043478262 0.054967320261437906 0.05532608695652174
0 0.886062091503268 0.7514782608695653 0.04604575163398693 0.0642391304347826
0 0.9187418300653595 0.683804347826087 0.05199346405228758 0.0731304347826087
0 0.840767973856209 0.6748913043478261 0.04455882352941176 0.06521739130434782
0 0.577467320261438 0.9515869565217392 0.06758169934640523 0.05336956521739131
0 0.69109477124183 0.7094782608695652 0.05272875816993464 0.05532608695652174
0 0.5087581699346405 0.5983260869565218 0.04455882352941176 0.06619565217391304
0 0.615343137254902 0.08152173913043478 0.03490196078431373 0.04841304347826087
0 0.438202614379085 0.057304347826086954 0.04011437908496732 0.057304347826086954
0 0.6844117647058824 0.5355652173913044 0.043823529411764706 0.05532608695652174
0 0.7635130718954248 0.8255869565217391 0.060898692810457525 0.0642391304347826
0 0.411078431372549 0.9046521739130434 0.03638888888888889 0.05434782608695652
0 0.34238562091503266 0.9021739130434783 0.06238562091503268 0.059282608695652175
0 0.3869444444444444 0.7979347826086957 0.05199346405228758 0.07410869565217391
0 0.41218954248366013 0.7722391304347827 0.04604575163398693 0.058304347826086955
0 0.43893790849673203 0.6289565217391304 0.05348039215686274 0.052369565217391306
0 0.36800653594771243 0.633891304347826 0.043823529411764706 0.0642391304347826
0 0.41294117647058826 0.5652173913043478 0.05050653594771242 0.06719565217391305
0 0.48052287581699343 0.6719347826086955 0.054967320261437906 0.0632391304347826
0 0.8258986928104575 0.4056304347826087 0.049019607843137254 0.058304347826086955
0 0.8630228758169934 0.5009782608695652 0.0430718954248366 0.043478260869565216
0 0.8619117647058824 0.823608695652174 0.04679738562091503 0.060282608695652176
0 0.5681699346405229 0.8552391304347826 0.047532679738562095 0.052369565217391306
0 0.587107843137255 0.7613695652173913 0.043823529411764706 0.044456521739130436
0 0.6138398692810457 0.7771739130434783 0.03936274509803921 0.058304347826086955
0 0.4593627450980392 0.2648260869565217 0.03490196078431373 0.05532608695652174
0 0.40588235294117647 0.11510869565217392 0.03936274509803921 0.052369565217391306
0 0.4326143790849673 0.11413043478260869 0.03490196078431373 0.06226086956521739
0 0.8697058823529411 0.0918913043478261 0.049019607843137254 0.05336956521739131
0 0.44004901960784315 0.4155217391304348 0.04531045751633987 0.050391304347826085
0 0.4578758169934641 0.4772826086956522 0.04679738562091503 0.059282608695652175
0 0.4961274509803921 0.4886304347826087 0.0430718954248366 0.0642391304347826
0 0.16897058823529412 0.7297391304347827 0.06758169934640523 0.08004347826086956
0 0.1938562091503268 0.9115652173913044 0.06833333333333333 0.0918913043478261
0 0.12032679738562091 0.8843913043478261 0.06684640522875816 0.08893478260869564
0 0.1232843137254902 0.6052391304347826 0.06387254901960784 0.05632608695652174
0 0.260702614379085 0.5177826086956522 0.054967320261437906 0.06719565217391305
0 0.14148692810457517 0.5005 0.0542156862745098 0.052369565217391306
0 0.07426470588235294 0.5390217391304347 0.06238562091503268 0.0642391304347826
0 0.20165032679738562 0.6768695652173914 0.060163398692810455 0.06126086956521739
0 0.23544117647058824 0.7663043478260869 0.06387254901960784 0.07015217391304349
0 0.23284313725490197 0.816695652173913 0.060163398692810455 0.08793478260869565
0 0.3123202614379085 0.8137391304347826 0.05718954248366013 0.06817391304347827
0 0.12366013071895426 0.7998913043478261 0.06462418300653594 0.0721304347826087
0 0.4582516339869281 0.9530652173913045 0.049019607843137254 0.044456521739130436
0 0.031568627450980394 0.09534782608695652 0.0482843137254902 0.060282608695652176
0 0.05607843137254902 0.03952173913043478 0.0482843137254902 0.05532608695652174
0 0.21390522875816992 0.4886304347826087 0.05050653594771242 0.050391304347826085
