0 0.7733660130718955 0.09026960784313726 0.059852941176470595 0.07705882352941176
0 0.8154248366013073 0.10909313725490195 0.06666666666666667 0.07705882352941176
0 0.44207516339869285 0.13223039215686275 0.07645424836601307 0.09041666666666667
0 0.40913398692810454 0.10125 0.07717320261437909 0.08019607843137255
0 0.543954248366013 0.20634803921568626 0.05204248366013072 0.07401960784313726
0 0.5983006535947712 0.22044117647058822 0.0963888888888889 0.08593137254901961
0 0.5915032679738562 0.1346078431372549 0.08441176470588235 0.10455882352941176
0 0.664673202614379 0.21338235294117647 0.057745098039215695 0.10004901960784314
0 0.651078431372549 0.11264705882352942 0.05094771241830065 0.10769607843137255
0 0.687140522875817 0.12475490196078431 0.06297385620915033 0.11737745098039216
0 0.18001633986928106 0.36120098039215687 0.1396078431372549 0.14779411764705883
0 0.154640522875817 0.2581127450980392 0.12637254901960784 0.1775735294117647
0 0.25107843137254904 0.2949264705882353 0.1417156862745098 0.15333333333333335
0 0.08645424836601306 0.24355392156862746 0.08720588235294117 0.1290441176470588
0 0.636437908496732 0.42232843137254905 0.10531045751633987 0.14379901960784314
0 0.49848039215686274 0.49723039215686277 0.13044117647058823 0.14776960784313725
0 0.49119281045751634 0.5991176470588235 0.13501633986928105 0.09997549019607843
0 0.25393790849673203 0.8783333333333334 0.08663398692810458 0.12919117647058823
0 0.3148202614379085 0.863406862745098 0.09576797385620915 0.13588235294117645
0 0.3498366013071895 0.8347794117647058 0.07591503267973856 0.12254901960784313
0 0.2897385620915033 0.7756127450980392 0.06727124183006536 0.09306372549019608
0 0.6599673202614379 0.8685049019607843 0.0984967320261438 0.1115686274509804
0 0.617892156862745 0.7599264705882354 0.07133986928104574 0.14637254901960783
0 0.6819117647058823 0.7810539215686275 0.06715686274509804 0.15946078431372548
0 0.8855228758169935 0.5549754901960785 0.07233660130718955 0.12625
0 0.7738888888888888 0.29004901960784313 0.07446078431372549 0.08470588235294119
0 0.9382026143790849 0.3739950980392157 0.04937908496732026 0.08593137254901961
