0 0.029799999999999997 0.6694850948509485 0.047683333333333335 0.07165311653116531
0 0.06451666666666667 0.6721138211382114 0.0391 0.06067750677506775
0 0.09448333333333334 0.6397018970189702 0.032883333333333334 0.05409214092140922
0 0.13135 0.6238211382113821 0.0535 0.05937669376693767
0 0.17731666666666668 0.6697018970189702 0.04671666666666667 0.08401084010840108
0 0.1521 0.7625745257452574 0.04493333333333333 0.08850948509485095
0 0.13369999999999999 0.6968021680216803 0.039 0.09826558265582655
0 0.3172 0.7099457994579946 0.07705 0.10682926829268292
0 0.37838333333333335 0.778970189701897 0.07415000000000001 0.09525745257452574
0 0.37111666666666665 0.6939024390243903 0.07615 0.13211382113821138
0 0.4059166666666667 0.7041463414634146 0.053316666666666665 0.11536585365853659
0 0.4540666666666667 0.7483468834688346 0.0626 0.09929539295392954
0 0.3933333333333333 0.5882655826558265 0.07058333333333333 0.08341463414634147
0 0.3566833333333333 0.5454471544715448 0.0723 0.055528455284552844
0 0.36848333333333333 0.4824932249322493 0.04683333333333334 0.07964769647696478
0 0.29675 0.45322493224932253 0.05405 0.06168021680216802
0 0.4891833333333333 0.5957181571815718 0.042466666666666666 0.06617886178861788
0 0.5872166666666666 0.9542276422764228 0.05281666666666667 0.081869918699187
0 0.5602166666666667 0.9414634146341463 0.04483333333333333 0.08826558265582655
0 0.5451333333333334 0.8683197831978321 0.05341666666666666 0.10168021680216803
0 0.5347 0.8069918699186991 0.05416666666666667 0.08086720867208672
0 0.5880666666666666 0.8733333333333333 0.0614 0.0902981029810298
0 0.6181166666666666 0.9124119241192412 0.06018333333333333 0.08048780487804878
0 0.6224166666666666 0.8232249322493225 0.06631666666666666 0.0889159891598916
0 0.5930333333333333 0.7554471544715446 0.06408333333333334 0.05436314363143631
0 0.55765 0.6681571815718157 0.054400000000000004 0.07609756097560975
0 0.6360166666666667 0.6422222222222222 0.05805 0.07447154471544716
0 0.6673 0.6830081300813008 0.05603333333333333 0.07254742547425475
0 0.58725 0.6101897018970189 0.0628 0.041707317073170734
0 0.8088 0.8577777777777778 0.04526666666666667 0.082710027100271
0 0.7739333333333334 0.825230352303523 0.0487 0.07089430894308943
0 0.7896833333333333 0.773360433604336 0.04748333333333333 0.07823848238482385
0 0.65685 0.5659891598915989 0.05193333333333333 0.06422764227642276
0 0.6106833333333334 0.37878048780487805 0.062349999999999996 0.09205962059620595
0 0.16833333333333333 0.4068834688346883 0.03871666666666667 0.07428184281842819
0 0.21283333333333335 0.3297560975609756 0.038650000000000004 0.0648509485094851
0 0.21493333333333334 0.4348780487804878 0.03236666666666667 0.07401084010840107
0 0.26489999999999997 0.36214092140921406 0.05578333333333333 0.07850948509485095
0 0.47883333333333333 0.3740650406504065 0.05926666666666667 0.061490514905149056
0 0.4060166666666667 0.4340108401084011 0.05823333333333333 0.06208672086720867
0 0.3633166666666667 0.41753387533875336 0.040966666666666665 0.06661246612466125
0 0.8307666666666667 0.7479945799457994 0.05998333333333334 0.07319783197831979
0 0.82475 0.6610569105691058 0.061566666666666665 0.09360433604336044
0 0.8547833333333333 0.5884552845528455 0.06696666666666666 0.09420054200542005
0 0.8181166666666667 0.49533875338753386 0.05876666666666666 0.06032520325203253
0 0.82265 0.5524119241192412 0.06365 0.07086720867208672
0 0.81925 0.4288346883468835 0.06155 0.0794850948509485
0 0.8981666666666667 0.5402168021680217 0.07113333333333333 0.0751490514905149
0 0.9030666666666667 0.4817073170731707 0.05996666666666666 0.07737127371273712
0 0.9734833333333334 0.57289972899729 0.053033333333333335 0.07119241192411924
0 0.9768833333333333 0.6545528455284553 0.04623333333333333 0.05333333333333333
0 0.9732166666666666 0.710379403794038 0.053566666666666665 0.06785907859078591
0 0.9816 0.3938211382113821 0.0368 0.08392953929539296
0 0.9577999999999999 0.3600271002710027 0.05731666666666667 0.08105691056910569
0 0.6946166666666667 0.6261246612466125 0.04936666666666667 0.06585365853658537
0 0.7083166666666667 0.5765582655826558 0.05736666666666667 0.07907859078590786
0 0.23246666666666665 0.568780487804878 0.054400000000000004 0.08214092140921408
0 0.41791666666666666 0.3657452574525745 0.05753333333333334 0.06447154471544715
0 0.3897333333333333 0.3272628726287263 0.04005 0.05707317073170731
0 0.5492 0.3275338753387534 0.04931666666666667 0.08089430894308944
0 0.7574500000000001 0.4385636856368564 0.06433333333333334 0.09772357723577237
0 0.7590166666666667 0.3757723577235772 0.05873333333333334 0.09658536585365854
0 0.7141500000000001 0.3342547425474255 0.07575 0.08252032520325203
0 0.4848 0.4218428184281843 0.046733333333333335 0.05365853658536585
0 0.6102333333333333 0.31905149051490517 0.061266666666666664 0.06170731707317073
0 0.7797333333333333 0.2986720867208672 0.05251666666666667 0.05151761517615176
0 0.7956333333333333 0.36691056910569103 0.05533333333333334 0.063550135501355
0 0.5976833333333333 0.13905149051490515 0.04825 0.04010840108401084
0 0.8 0.21840108401084013 0.043916666666666666 0.0416260162601626
0 0.75525 0.16254742547425474 0.039433333333333334 0.032547425474254744
