0 0.3759967320261438 0.1610294117647059 0.1542156862745098 0.16272058823529412
0 0.29465686274509806 0.29230392156862745 0.10183006535947713 0.18629901960784315
0 0.39950980392156865 0.3525 0.15415032679738563 0.19573529411764706
0 0.5516503267973857 0.3979656862745098 0.16441176470588237 0.1967156862745098
0 0.5247549019607842 0.6886029411764706 0.1487418300653595 0.1730392156862745
0 0.4484803921568628 0.5446078431372549 0.19436274509803922 0.1558578431372549
0 0.2820751633986928 0.6732843137254901 0.1234640522875817 0.15058823529411763
0 0.3426633986928105 0.5946323529411766 0.10034313725490196 0.14041666666666666
0 0.2691339869281046 0.5139705882352941 0.12022875816993464 0.17622549019607844
0 0.09316993464052288 0.8061519607843138 0.13186274509803922 0.20909313725490197
0 0.18611111111111112 0.912892156862745 0.13568627450980394 0.17137254901960786
0 0.19186274509803922 0.7264705882352941 0.12501633986928107 0.2213235294117647
0 0.085 0.6089705882352942 0.09101307189542485 0.12112745098039217
0 0.2670915032679739 0.9426960784313726 0.10797385620915033 0.11458333333333333
0 0.48388888888888887 0.8725245098039216 0.11266339869281046 0.13355392156862744
0 0.05165032679738562 0.9164705882352941 0.09784313725490197 0.14786764705882352
0 0.5789869281045751 0.18276960784313723 0.12333333333333334 0.13036764705882353
0 0.597140522875817 0.3070588235294118 0.14369281045751633 0.14772058823529413
0 0.713186274509804 0.32200980392156864 0.08661764705882352 0.16568627450980392
0 0.9634150326797386 0.31502450980392155 0.06991830065359476 0.16367647058823528
0 0.7158496732026144 0.5462990196078431 0.11318627450980391 0.14786764705882352
0 0.5597549019607843 0.5217156862745098 0.1463562091503268 0.13455882352941176
0 0.20967320261437908 0.41438725490196077 0.07491830065359477 0.17105392156862748
0 0.27875816993464053 0.40137254901960784 0.10972222222222223 0.1529656862745098
