0 0.22007272727272728 0.6074863387978142 0.06709090909090909 0.11393442622950821
0 0.2625090909090909 0.5366120218579236 0.08727272727272728 0.10579234972677595
0 0.32680000000000003 0.34628415300546445 0.07447272727272727 0.08950819672131147
0 0.3230909090909091 0.18633879781420765 0.03876363636363636 0.06103825136612022
0 0.4516727272727272 0.16207650273224045 0.045454545454545456 0.06103825136612022
0 0.5762545454545455 0.15196721311475409 0.06832727272727272 0.11366120218579236
0 0.5203636363636364 0.34273224043715844 0.06967272727272728 0.07633879781420766
0 0.4924363636363636 0.39639344262295084 0.058254545454545455 0.11076502732240437
0 0.6671272727272728 0.21825136612021856 0.06425454545454547 0.09448087431693988
0 0.6122545454545455 0.3887978142076503 0.05549090909090909 0.06524590163934425
0 0.6425818181818183 0.4202185792349727 0.037418181818181816 0.05513661202185792
0 0.7974181818181818 0.16508196721311477 0.046 0.09142076502732241
0 0.9727999999999999 0.21825136612021856 0.04527272727272727 0.09448087431693988
0 0.9159272727272727 0.30885245901639347 0.06483636363636364 0.07530054644808742
0 0.8266909090909091 0.3817486338797814 0.06821818181818183 0.09961748633879781
0 0.8092 0.4692896174863388 0.08170909090909091 0.08650273224043716
0 0.8539636363636364 0.6115300546448087 0.07021818181818182 0.06131147540983607
0 0.7354909090909091 0.6722404371584699 0.07567272727272727 0.12207650273224044
0 0.6684727272727273 0.7370491803278688 0.07501818181818182 0.11808743169398907
0 0.7546909090909091 0.7289617486338799 0.07581818181818183 0.10185792349726776
0 0.7930545454545455 0.7674316939890711 0.06374545454545455 0.10595628415300547
0 0.8812363636363636 0.7213661202185792 0.03992727272727273 0.06846994535519126
0 0.8499272727272726 0.7800546448087432 0.062145454545454545 0.0887431693989071
0 0.6317818181818182 0.8326775956284153 0.07032727272727272 0.09688524590163934
0 0.7034909090909092 0.8585245901639345 0.06421818181818181 0.09387978142076503
0 0.7526545454545455 0.8230601092896175 0.07363636363636364 0.1080327868852459
0 0.7634181818181818 0.9131693989071039 0.06287272727272727 0.09387978142076503
0 0.6462545454545454 0.915191256830601 0.054836363636363634 0.07366120218579235
0 0.8107272727272727 0.8459016393442623 0.04676363636363636 0.05890710382513661
