0 0.7554066666666666 0.9066099706744868 0.029386666666666665 0.030158357771261
0 0.7895399999999999 0.9238651026392962 0.028453333333333334 0.02570674486803519
0 0.8043 0.9073196480938417 0.03306 0.023055718475073317
0 0.8181466666666667 0.9225395894428153 0.038900000000000004 0.024439882697947213
0 0.7251666666666666 0.8577595307917889 0.02374 0.026762463343108507
0 0.7090733333333332 0.8501231671554252 0.011626666666666667 0.025841642228739005
0 0.7864133333333333 0.8141524926686218 0.0233 0.027841642228739003
0 0.81014 0.8366920821114369 0.03084 0.02767155425219941
0 0.8901000000000001 0.7715894428152492 0.02622 0.02436950146627566
0 0.90912 0.8060821114369501 0.02914 0.028252199413489738
0 0.7562066666666666 0.7333196480938416 0.025613333333333335 0.025079178885630497
0 0.71994 0.7177771260997067 0.024579999999999998 0.02378299120234604
0 0.7696866666666666 0.7084809384164223 0.028739999999999998 0.023958944281524928
0 0.73792 0.6818064516129032 0.02791333333333333 0.019161290322580647
0 0.7487933333333334 0.6272903225806451 0.026853333333333333 0.026011730205278593
0 0.9868999999999999 0.5860410557184751 0.026199999999999998 0.02479765395894428
0 0.9547399999999999 0.5790205278592375 0.024593333333333335 0.02527859237536657
0 0.9601533333333333 0.5587448680351906 0.0235 0.012926686217008798
0 0.9573333333333334 0.5479237536656891 0.027006666666666665 0.02434017595307918
0 0.9436333333333333 0.5249090909090909 0.02478 0.0164574780058651
0 0.9389066666666666 0.5478592375366569 0.01728 0.017413489736070382
0 0.8895866666666667 0.5331143695014663 0.023880000000000002 0.02243988269794721
0 0.8598666666666667 0.5364926686217009 0.022433333333333333 0.020815249266862172
0 0.7908933333333332 0.5522287390029326 0.021133333333333334 0.018727272727272728
0 0.7705666666666666 0.5487272727272727 0.025773333333333332 0.01592375366568915
0 0.74998 0.5535659824046921 0.028300000000000002 0.02070381231671554
0 0.7411133333333334 0.5355601173020528 0.02327333333333333 0.0161524926686217
0 0.7233733333333333 0.5337536656891495 0.016393333333333333 0.018826979472140765
0 0.77752 0.5113841642228739 0.016640000000000002 0.017419354838709676
0 0.8010866666666667 0.5108563049853372 0.017686666666666667 0.014269794721407623
0 0.7998333333333333 0.5250733137829912 0.022160000000000003 0.00775366568914956
0 0.8151866666666666 0.5437184750733137 0.02322666666666667 0.019882697947214076
0 0.80632 0.5326510263929618 0.023486666666666666 0.015917888563049855
0 0.49322000000000005 0.5263695014662757 0.03898666666666666 0.03365982404692082
0 0.8275266666666666 0.922850439882698 0.04290666666666667 0.03948973607038123
0 0.8219733333333333 0.4350557184750733 0.03344 0.025178885630498533
0 0.97294 0.4304222873900293 0.032933333333333335 0.023331378299120235
0 0.8813599999999999 0.3889149560117302 0.03514 0.024932551319648093
0 0.6898799999999999 0.5161114369501466 0.03165333333333333 0.021085043988269797
0 0.79478 0.340574780058651 0.027766666666666665 0.024750733137829915
0 0.5283733333333333 0.5957008797653959 0.028513333333333335 0.027008797653958944
0 0.53198 0.6386744868035191 0.02182 0.022199413489736072
0 0.8852466666666666 0.2712375366568915 0.025913333333333333 0.021008797653958945
0 0.3149666666666667 0.46826392961876834 0.023013333333333337 0.018480938416422288
0 0.6110666666666666 0.3276363636363636 0.024906666666666667 0.02089149560117302
0 0.9096666666666666 0.3203108504398827 0.03358 0.02586510263929619
0 0.45122666666666666 0.5624985337243401 0.022233333333333334 0.02211143695014663
0 0.23824 0.8007800586510263 0.027280000000000002 0.023513196480938418
0 0.9224333333333334 0.4226099706744868 0.03607333333333333 0.031143695014662756
0 0.5799866666666667 0.5117184750733138 0.030126666666666666 0.02975366568914956
0 0.7931133333333333 0.263425219941349 0.028286666666666665 0.02541935483870968
0 0.75426 0.2193607038123167 0.02972666666666667 0.026809384164222873
0 0.7309533333333333 0.23388856304985337 0.029626666666666666 0.025219941348973606
0 0.38406666666666667 0.7749032258064517 0.028406666666666667 0.026856304985337243
0 0.8108733333333333 0.318357771260997 0.03238 0.025131964809384164
0 0.9851466666666667 0.35375953079178885 0.027233333333333335 0.029208211143695012
0 0.8475066666666666 0.14465102639296187 0.02622666666666667 0.024228739002932553
0 0.5039533333333333 0.6044926686217009 0.024526666666666665 0.026199413489736072
0 0.2659866666666667 0.682615835777126 0.031893333333333336 0.026914956011730204
0 0.74982 0.2888211143695015 0.02744 0.028932551319648094
0 0.12272666666666666 0.5346686217008798 0.029326666666666668 0.024609970674486805
0 0.4145933333333333 0.6508797653958944 0.026260000000000002 0.026351906158357773
0 0.3821266666666667 0.4782697947214076 0.030526666666666667 0.025131964809384164
0 0.23601999999999998 0.48681524926686215 0.031599999999999996 0.023513196480938418
0 0.48480666666666666 0.39306744868035187 0.02324 0.02089149560117302
0 0.6038533333333334 0.37158357771260997 0.031946666666666665 0.02253958944281525
0 0.45094666666666666 0.3859882697947214 0.021660000000000002 0.02034017595307918
0 0.7115266666666666 0.1553958944281525 0.03300666666666666 0.029249266862170085
0 0.044820000000000006 0.5185571847507331 0.028026666666666665 0.0227683284457478
0 0.27098666666666665 0.6010733137829911 0.02182 0.023190615835777126
0 0.17469333333333334 0.7050791788856305 0.03226 0.02810557184750733
0 0.43707333333333337 0.7851554252199414 0.020573333333333332 0.02442815249266862
0 0.29804 0.5483401759530792 0.026013333333333336 0.024228739002932553
0 0.3837933333333334 0.42504985337243406 0.021786666666666666 0.019865102639296185
0 0.46982 0.8481466275659824 0.026520000000000002 0.030211143695014663
0 0.8613799999999999 0.3942873900293255 0.04669333333333334 0.028973607038123166
0 0.36492 0.5971671554252199 0.01894 0.017636363636363638
0 0.8325199999999999 0.09399413489736069 0.034153333333333334 0.023237536656891496
0 0.11030666666666668 0.47876246334310846 0.02338 0.023865102639296188
0 0.07708000000000001 0.44189442815249264 0.02324 0.025912023460410556
0 0.06806 0.4948739002932551 0.02972666666666667 0.023912023460410558
0 0.8869133333333332 0.6333020527859238 0.016113333333333334 0.013120234604105573
0 0.4343 0.8710909090909091 0.027126666666666664 0.021700879765395895
0 0.11814666666666666 0.8168973607038122 0.023119999999999998 0.031085043988269796
0 0.09102 0.6127917888563049 0.026520000000000002 0.030668621700879764
0 0.20341333333333333 0.7919941348973607 0.034339999999999996 0.03365982404692082
0 0.31192 0.3808621700879765 0.03486 0.027695014662756597
0 0.39877999999999997 0.26831085043988273 0.03506666666666667 0.025618768328445746
0 0.20091333333333333 0.5234369501466276 0.029226666666666668 0.030961876832844574
0 0.4634333333333333 0.8989266862170089 0.025233333333333333 0.02262756598240469
0 0.020640000000000002 0.5908211143695015 0.027233333333333335 0.027372434017595308
0 0.6848866666666666 0.24377712609970673 0.038540000000000005 0.02964809384164223
0 0.3749133333333333 0.3339824046920821 0.031946666666666665 0.027953079178885627
0 0.28028000000000003 0.3442404692082111 0.030180000000000002 0.030211143695014663
0 0.10781333333333333 0.44848680351906156 0.03281333333333333 0.03120234604105572
0 0.4484533333333333 0.21703812316715543 0.030646666666666666 0.027114369501466274
0 0.4395733333333333 0.48852785923753667 0.0401 0.03253372434017595
0 0.017533333333333335 0.6166979472140762 0.031186666666666668 0.03124926686217009
0 0.10205333333333334 0.7133782991202345 0.021699999999999997 0.023818181818181818
0 0.09879333333333333 0.7475601173020527 0.022753333333333334 0.021237536656891497
0 0.3552066666666666 0.2548856304985337 0.03172 0.02870381231671554
0 0.23559999999999998 0.25439296187683286 0.032573333333333336 0.028486803519061583
0 0.9107733333333334 0.13244574780058652 0.042113333333333336 0.03004692082111437
0 0.39905333333333337 0.215208211143695 0.03642 0.02981818181818182
0 0.27958666666666665 0.8671847507331378 0.02298 0.021912023460410556
0 0.9555333333333333 0.9054721407624633 0.014159999999999999 0.012733137829912025
0 0.9362333333333333 0.4010733137829912 0.02688 0.01207624633431085
0 0.9069866666666667 0.39720821114369503 0.0225 0.02143108504398827
0 0.89914 0.3259178885630499 0.023459999999999998 0.014328445747800586
0 0.8801866666666667 0.3300938416422287 0.018840000000000003 0.016574780058651026
0 0.87094 0.3135073313782991 0.019766666666666665 0.02124340175953079
0 0.8812333333333333 0.29651612903225805 0.024853333333333335 0.011530791788856305
0 0.8676999999999999 0.2899061583577713 0.02162 0.013085043988269793
0 0.8547533333333334 0.2987565982404692 0.0207 0.012480938416422288
0 0.8649266666666667 0.27545454545454545 0.018846666666666668 0.01104398826979472
0 0.8947533333333334 0.279425219941349 0.01584 0.015319648093841643
0 0.90516 0.2773841642228739 0.02278 0.010727272727272726
0 0.8233133333333333 0.2282991202346041 0.021633333333333334 0.016803519061583578
0 0.8140666666666666 0.24731964809384166 0.022560000000000004 0.0096950146627566
0 0.82864 0.253524926686217 0.023213333333333332 0.01573607038123167
0 0.8325666666666666 0.2396891495601173 0.01813333333333333 0.010299120234604105
0 0.8481733333333333 0.22798826979472142 0.021606666666666663 0.014973607038123168
0 0.9162533333333334 0.17620527859237536 0.020013333333333334 0.012703812316715543
0 0.8840066666666666 0.1817008797653959 0.016533333333333334 0.011483870967741934
0 0.8672399999999999 0.1778299120234604 0.01792 0.013519061583577713
0 0.8972933333333334 0.2120175953079179 0.02530666666666667 0.0135366568914956
0 0.9152066666666666 0.20652199413489736 0.020906666666666667 0.012316715542521995
0 0.9109333333333334 0.22931378299120236 0.024839999999999997 0.013958944281524928
0 0.95682 0.1621642228739003 0.015346666666666666 0.011472140762463343
0 0.9787800000000001 0.2252434017595308 0.0232 0.01558357771260997
0 0.9517333333333333 0.2192434017595308 0.019046666666666667 0.014563049853372433
0 0.9334733333333334 0.220158357771261 0.018586666666666665 0.017612903225806453
0 0.9548533333333333 0.20357184750733137 0.0239 0.01007624633431085
0 0.94064 0.21191788856304986 0.021826666666666668 0.014557184750733138
0 0.7038866666666667 0.321425219941349 0.025560000000000003 0.017542521994134898
0 0.6744133333333333 0.3279354838709677 0.026260000000000002 0.01347800586510264
0 0.7174133333333332 0.3425865102639296 0.0207 0.015929618768328446
0 0.6942933333333333 0.34024633431085044 0.024406666666666667 0.01490909090909091
0 0.6845866666666668 0.2960117302052786 0.01886 0.017976539589442814
0 0.6973 0.29133137829912026 0.01932 0.015935483870967743
0 0.6654 0.2941759530791789 0.022106666666666663 0.01675073313782991
0 0.6922133333333332 0.26833431085043985 0.020246666666666666 0.011442815249266863
0 0.5535066666666667 0.3134076246334311 0.01752 0.01737243401759531
0 0.6788066666666667 0.2472258064516129 0.019780000000000002 0.018052785923753666
0 0.57732 0.28527859237536657 0.019353333333333333 0.011155425219941348
0 0.6119866666666667 0.3699941348973607 0.017946666666666666 0.02070381231671554
0 0.61742 0.333466275659824 0.0191 0.012340175953079178
0 0.68758 0.4452961876832845 0.016 0.014727272727272728
0 0.6190533333333333 0.19038709677419355 0.016173333333333335 0.017325513196480936
0 0.61598 0.20436363636363636 0.02072 0.008826979472140763
0 0.5168200000000001 0.23255718475073314 0.019146666666666666 0.01467448680351906
0 0.5252733333333333 0.21744281524926687 0.017613333333333335 0.015131964809384165
0 0.48533333333333334 0.35747214076246336 0.019146666666666666 0.01238709677419355
0 0.46436666666666665 0.3507448680351906 0.014753333333333332 0.018498533724340176
0 0.44050666666666666 0.3118064516129032 0.021253333333333332 0.016463343108504398
0 0.38802666666666663 0.31680351906158355 0.017793333333333335 0.017894428152492668
0 0.40563333333333335 0.3044574780058651 0.022060000000000003 0.010457478005865101
0 0.46576 0.2993607038123167 0.02 0.010868035190615837
0 0.4991266666666667 0.2679648093841642 0.017226666666666668 0.014416422287390028
0 0.4958866666666667 0.27825806451612906 0.018153333333333334 0.012703812316715543
0 0.49716 0.24757184750733138 0.019773333333333334 0.011700879765395893
0 0.4891666666666667 0.25450439882697945 0.020466666666666668 0.012510263929618768
0 0.48684666666666665 0.20129032258064516 0.01676 0.016175953079178886
0 0.4727133333333334 0.2023108504398827 0.013366666666666667 0.014140762463343108
0 0.6149 0.30235777126099705 0.0191 0.014035190615835778
0 0.6265133333333334 0.27568328445747803 0.014 0.008533724340175953
0 0.6139133333333333 0.27440469208211143 0.020026666666666665 0.010375366568914957
0 0.5823866666666667 0.27578885630498534 0.016206666666666664 0.01619941348973607
0 0.5956266666666667 0.28677419354838707 0.02142 0.013038123167155425
0 0.5367533333333333 0.2782873900293255 0.017226666666666668 0.008944281524926686
0 0.5251933333333333 0.28621114369501466 0.017493333333333333 0.00822873900293255
0 0.39832 0.24518475073313784 0.015293333333333334 0.013237536656891495
0 0.4114466666666666 0.2452375366568915 0.019780000000000002 0.010574780058651027
0 0.3656933333333333 0.22561876832844574 0.016926666666666666 0.01027565982404692
0 0.35907333333333336 0.23226392961876832 0.016233333333333336 0.01007624633431085
0 0.36848000000000003 0.3068445747800586 0.01832 0.015173020527859238
0 0.5452333333333333 0.20774780058651024 0.010193333333333332 0.013759530791788857
0 0.5616066666666667 0.20672727272727273 0.013673333333333334 0.011718475073313783
0 0.55302 0.21116715542521997 0.009086666666666667 0.013114369501466275
0 0.5844866666666667 0.17024633431085043 0.016926666666666666 0.013548387096774195
0 0.73394 0.4533548387096774 0.019693333333333334 0.021912023460410556
0 0.71316 0.44625219941348976 0.022719999999999997 0.016897360703812318
0 0.69458 0.45636363636363636 0.022793333333333332 0.01804692082111437
0 0.50074 0.5253900293255132 0.024439999999999996 0.02099706744868035
0 0.33438666666666667 0.3880762463343108 0.021213333333333334 0.01580058651026393
0 0.2839333333333333 0.3486275659824047 0.02274 0.017824046920821113
0 0.36858 0.3382228739002932 0.017133333333333334 0.019689149560117303
0 0.3893733333333333 0.33147214076246334 0.023513333333333334 0.013431085043988268
0 0.34564666666666666 0.24681524926686216 0.01782 0.016498533724340174
0 0.35342666666666667 0.26163049853372433 0.016666666666666666 0.015178885630498533
0 0.25070000000000003 0.3743870967741936 0.016893333333333333 0.011712609970674486
0 0.19096 0.4307741935483871 0.01796 0.017824046920821113
0 0.18266000000000002 0.41109677419354834 0.01606 0.010961876832844575
0 0.23613333333333333 0.38035777126099707 0.01842 0.013847507331378298
0 0.19984666666666664 0.5081173020527859 0.018626666666666666 0.013237536656891495
0 0.21354 0.5986041055718475 0.017133333333333334 0.015700879765395893
0 0.19345333333333334 0.581941348973607 0.018766666666666664 0.01916715542521994
0 0.17975333333333332 0.5474486803519062 0.019233333333333335 0.018222873900293254
0 0.3345533333333333 0.2327683284457478 0.013179999999999999 0.012920821114369502
0 0.32322666666666666 0.2564281524926686 0.01632 0.01058651026392962
0 0.4415733333333333 0.10478592375366569 0.011219999999999999 0.008914956011730205
0 0.47339333333333333 0.1856656891495601 0.01434 0.013120234604105573
0 0.47019999999999995 0.2693020527859238 0.018986666666666666 0.014263929618768328
0 0.4644533333333333 0.2790615835777126 0.016553333333333333 0.012328445747800586
0 0.44906666666666667 0.40441642228739 0.021873333333333335 0.01650439882697947
0 0.5303 0.539624633431085 0.021886666666666665 0.01941348973607038
0 0.44796 0.5355014662756598 0.02727333333333333 0.022023460410557184
0 0.41991333333333336 0.34123167155425216 0.01342 0.01852199413489736
0 0.40565333333333337 0.35441055718475073 0.01602 0.012956011730205278
0 0.34013333333333334 0.44636363636363635 0.01806 0.01516715542521994
0 0.29290666666666665 0.4153079178885631 0.012453333333333334 0.011976539589442817
0 0.39408 0.41170087976539593 0.019653333333333335 0.01653958944281525
0 0.5102266666666667 0.40435190615835775 0.023813333333333332 0.02008211143695015
0 0.5500466666666667 0.4346451612903226 0.0205 0.021372434017595306
0 0.5955666666666667 0.4331202346041056 0.0208 0.016809384164222875
0 0.6178866666666667 0.4308387096774194 0.017053333333333334 0.013765395894428151
0 0.5599266666666667 0.40156011730205277 0.014333333333333333 0.019067448680351904
0 0.5753333333333334 0.39763049853372434 0.018786666666666667 0.015771260997067448
0 0.5916066666666666 0.3980703812316716 0.020813333333333333 0.01147800586510264
0 0.6052866666666666 0.3938885630498534 0.022833333333333334 0.013765395894428151
0 0.6293333333333333 0.3888797653958944 0.019673333333333334 0.01389442815249267
0 0.6734 0.37500293255131967 0.024873333333333334 0.013524926686217008
0 0.49964000000000003 0.5060117302052786 0.02595333333333333 0.02503225806451613
0 0.42924666666666667 0.4082991202346041 0.017 0.01666275659824047
0 0.41400666666666663 0.38419354838709674 0.020873333333333334 0.020733137829912023
0 0.6362533333333333 0.4522873900293255 0.01694 0.01641642228739003
0 0.6929733333333333 0.3915483870967742 0.019886666666666667 0.01828739002932551
0 0.7370666666666666 0.3716129032258065 0.017086666666666667 0.020885630498533723
0 0.7689400000000001 0.36942521994134897 0.02315333333333333 0.016158357771260998
0 0.77064 0.32524926686217004 0.01924 0.019642228739002933
0 0.7574133333333333 0.308633431085044 0.021566666666666668 0.014187683284457478
0 0.8458466666666666 0.33355425219941354 0.014599999999999998 0.01175366568914956
0 0.7438 0.1396950146627566 0.024053333333333333 0.012017595307917888
0 0.7237666666666668 0.13377126099706746 0.020193333333333334 0.01405865102639296
0 0.7264733333333333 0.15181818181818182 0.017253333333333332 0.01665689149560117
0 0.6819133333333334 0.16951906158357768 0.019126666666666667 0.017759530791788856
0 0.7562533333333334 0.18327272727272728 0.018326666666666665 0.014228739002932552
0 0.5022533333333333 0.23488563049853373 0.012613333333333334 0.01126099706744868
0 0.4623333333333333 0.15706158357771263 0.018193333333333332 0.016521994134897362
