0 0.13950980392156861 0.2526470588235294 0.16591503267973856 0.22247549019607843
0 0.48140522875816993 0.2846813725490196 0.16591503267973856 0.2149264705882353
0 0.4725980392156863 0.486421568627451 0.12568627450980394 0.17345588235294115
0 0.3129738562091503 0.46946078431372545 0.16088235294117645 0.2149264705882353
0 0.3663888888888889 0.3384313725490196 0.1546078431372549 0.1828921568627451
0 0.40787581699346404 0.19041666666666665 0.12946078431372549 0.1810049019607843
0 0.562467320261438 0.4336274509803921 0.09929738562091504 0.17345588235294115
0 0.5712745098039216 0.6193382352941177 0.12694444444444444 0.19041666666666665
0 0.5027614379084967 0.7154901960784315 0.15083333333333335 0.23943627450980393
0 0.6491993464052288 0.48926470588235293 0.1118627450980392 0.20551470588235293
0 0.8213888888888888 0.5505392156862745 0.11437908496732026 0.14705882352941177
0 0.7497549019607843 0.6825 0.12442810457516341 0.2149264705882353
0 0.7880882352941176 0.8606617647058823 0.1030718954248366 0.16401960784313727
0 0.867892156862745 0.7032352941176471 0.10181372549019609 0.13950980392156864
0 0.8899019607843137 0.8776470588235293 0.09803921568627451 0.2130392156862745
0 0.8867483660130719 0.1706372549019608 0.11437908496732026 0.20174019607843138
0 0.9725980392156863 0.22247549019607843 0.05480392156862745 0.12443627450980393
0 0.9621732026143791 0.0999264705882353 0.07165032679738563 0.13198529411764706
0 0.70890522875817 0.4628676470588235 0.1106045751633987 0.21681372549019606
