0 0.6743300653594771 0.364828431372549 0.10683006535947712 0.13387254901960785
0 0.5561764705882353 0.09237745098039216 0.05906862745098039 0.10558823529411765
0 0.9581372549019608 0.1574264705882353 0.08370915032679738 0.10370098039215687
0 0.8601143790849674 0.34585784313725493 0.10076797385620916 0.12526960784313726
0 0.21877450980392155 0.6719852941176471 0.07080065359477124 0.1075735294117647
0 0.0993954248366013 0.5467156862745098 0.06627450980392158 0.07762254901960784
0 0.5846078431372549 0.7693382352941176 0.05627450980392156 0.08441176470588235
0 0.6390686274509804 0.7237254901960783 0.059918300653594776 0.12392156862745099
0 0.6676633986928104 0.06330882352941176 0.08624183006535947 0.08850490196078431
0 0.24601307189542485 0.2716421568627451 0.059918300653594776 0.09666666666666666
0 0.8319771241830065 0.6733333333333335 0.10258169934640524 0.15387254901960784
0 0.581421568627451 0.43504901960784315 0.06808823529411764 0.09941176470588235
0 0.4675 0.3696813725490196 0.08351307189542484 0.1075735294117647
0 0.47068627450980394 0.28526960784313726 0.07715686274509803 0.09666666666666666
0 0.2895751633986928 0.35742647058823535 0.06535947712418301 0.08306372549019608
0 0.2246732026143791 0.34585784313725493 0.05900326797385621 0.08441176470588235
0 0.2691503267973856 0.669264705882353 0.06627450980392158 0.11029411764705882
0 0.1915359477124183 0.5657598039215687 0.05627450980392156 0.07762254901960784
0 0.03313725490196079 0.584828431372549 0.046290849673202614 0.07762254901960784
0 0.07125816993464053 0.4541176470588235 0.048104575163398694 0.08306372549019608
0 0.7952124183006536 0.7768137254901961 0.05627450980392156 0.11301470588235293
0 0.7139542483660131 0.7291666666666666 0.06444444444444444 0.09122549019607842
0 0.7224509803921568 0.965514705882353 0.07236928104575163 0.06477941176470588
0 0.9208660130718955 0.5050735294117646 0.05834967320261438 0.0857843137254902
0 0.9798039215686274 0.5567156862745097 0.038513071895424834 0.12955882352941175
0 0.2620261437908497 0.5532107843137255 0.038513071895424834 0.07703431372549019
