0 0.18736928104575162 0.5727608695652174 0.08841503267973856 0.13932608695652174
0 0.3914705882352941 0.6280217391304348 0.12808823529411764 0.18732608695652175
0 0.29140522875816993 0.5532608695652174 0.11089869281045753 0.1462608695652174
0 0.22977124183006536 0.4950434782608696 0.07645424836601307 0.09328260869565216
0 0.28013071895424835 0.3795217391304348 0.12415032679738562 0.16384782608695653
0 0.42243464052287577 0.5019130434782608 0.14431372549019605 0.13084782608695653
0 0.40521241830065363 0.39671739130434786 0.12576797385620914 0.14004347826086957
0 0.5944117647058823 0.6115217391304348 0.11045751633986928 0.16752173913043478
0 0.6371568627450981 0.5290434782608696 0.10846405228758169 0.11895652173913043
0 0.5450326797385621 0.49573913043478257 0.13101307189542485 0.08673913043478261
0 0.5526633986928104 0.3786521739130435 0.12240196078431372 0.14619565217391303
0 0.4744607843137255 0.3987173913043478 0.11712418300653596 0.1431304347826087
0 0.6391339869281045 0.7031956521739131 0.07267973856209149 0.15247826086956523
0 0.37712418300653594 0.2981521739130435 0.08779411764705881 0.10802173913043478
0 0.32988562091503265 0.2646304347826087 0.06936274509803922 0.09495652173913044
0 0.2536111111111111 0.28780434782608694 0.09423202614379085 0.08732608695652175
0 0.4112254901960784 0.1534782608695652 0.08281045751633986 0.11484782608695651
0 0.5173692810457516 0.16373913043478258 0.10217320261437908 0.08504347826086955
