0 0.4744771241830065 0.4402450980392157 0.12946078431372549 0.1828921568627451
0 0.7767647058823529 0.31674019607843135 0.10055555555555555 0.11688725490196078
0 0.11499999999999999 0.5825735294117647 0.1571078431372549 0.16213235294117648
0 0.33558823529411763 0.5571323529411765 0.07290849673202614 0.14894607843137256
0 0.162140522875817 0.7739460784313725 0.08547385620915034 0.13387254901960785
0 0.2790359477124183 0.7805392156862745 0.13071895424836602 0.13198529411764706
0 0.243218954248366 0.5778676470588235 0.0842156862745098 0.11877450980392157
0 0.6297058823529411 0.3035539215686274 0.09300653594771242 0.13198529411764706
0 0.6284640522875817 0.4949019607843137 0.1030718954248366 0.14517156862745098
0 0.4795098039215686 0.655171568627451 0.1118627450980392 0.1263235294117647
0 0.4732352941176471 0.7475490196078431 0.07415032679738562 0.12254901960784313
0 0.6146241830065359 0.08200980392156863 0.09049019607843138 0.11877450980392157
0 0.3927777777777778 0.30259803921568623 0.09174836601307189 0.19041666666666665
0 0.14831699346405228 0.9370343137254902 0.08295751633986928 0.0867156862745098
0 0.050898692810457516 0.41948529411764707 0.10181372549019609 0.1263235294117647
