0 0.3617760617760618 0.5737113402061855 0.03432432432432433 0.040103092783505156
0 0.4330888030888031 0.4996907216494845 0.029768339768339768 0.0477319587628866
0 0.7538996138996139 0.5778865979381443 0.046486486486486484 0.07494845360824742
0 0.47069498069498067 0.40350515463917525 0.03621621621621622 0.04402061855670103
0 0.19957528957528956 0.6470103092783505 0.057799227799227804 0.06520618556701031
0 0.3244787644787645 0.3112886597938144 0.04193050193050193 0.049845360824742266
0 0.3161776061776062 0.5361855670103093 0.04297297297297298 0.04871134020618556
0 0.3366795366795367 0.09876288659793815 0.03235521235521236 0.04036082474226804
0 0.8378764478764479 0.42891752577319586 0.04803088803088803 0.06237113402061856
0 0.5698069498069499 0.441340206185567 0.05370656370656371 0.06881443298969071
0 0.43602316602316604 0.2211340206185567 0.031196911196911196 0.0554639175257732
0 0.75 0.38788659793814434 0.036718146718146716 0.04118556701030928
0 0.2472972972972973 0.7229381443298969 0.05918918918918919 0.07
0 0.9130888030888031 0.42242268041237113 0.046293436293436296 0.06154639175257732
0 0.09552123552123551 0.6339690721649485 0.03606177606177606 0.04917525773195876
0 0.8071428571428572 0.5368041237113402 0.05193050193050193 0.07010309278350516
0 0.585945945945946 0.3614432989690722 0.05015444015444016 0.06391752577319587
0 0.2837065637065637 0.22489690721649486 0.054285714285714284 0.06881443298969071
0 0.6479536679536679 0.45077319587628867 0.0618918918918919 0.08365979381443299
0 0.5068339768339769 0.6147422680412371 0.05490347490347491 0.07067010309278351
0 0.3522779922779923 0.10788659793814433 0.04177606177606178 0.05855670103092783
0 0.6401544401544402 0.17211340206185569 0.053590733590733595 0.059793814432989686
0 0.7524324324324324 0.6701546391752576 0.05243243243243243 0.08319587628865979
0 0.6435521235521235 0.2685567010309278 0.057490347490347496 0.05994845360824742
0 0.2827027027027027 0.7307731958762888 0.06266409266409266 0.08201030927835051
0 0.6938610038610039 0.5671134020618557 0.06196911196911197 0.08824742268041237
0 0.29003861003861003 0.04845360824742268 0.03602316602316602 0.057422680412371134
0 0.7538996138996139 0.07716494845360825 0.05845559845559846 0.07247422680412371
0 0.16444015444015445 0.24871134020618557 0.04231660231660232 0.08335051546391753
0 0.38722007722007723 0.5955154639175257 0.06938223938223938 0.07422680412371134
0 0.21057915057915058 0.44036082474226806 0.04451737451737452 0.05835051546391753
0 0.28003861003861 0.1577319587628866 0.043127413127413125 0.05010309278350516
0 0.8872200772200772 0.4954123711340206 0.05193050193050193 0.07340206185567011
0 0.31884169884169883 0.8207216494845361 0.05154440154440154 0.08458762886597938
0 0.10841698841698841 0.05298969072164948 0.05243243243243243 0.06896907216494846
0 0.567876447876448 0.1304639175257732 0.045868725868725875 0.052731958762886603
0 0.5356370656370656 0.4963917525773196 0.02637065637065637 0.036701030927835054
0 0.8789189189189188 0.2107216494845361 0.036177606177606174 0.05154639175257732
0 0.4523938223938224 0.1320618556701031 0.030154440154440153 0.04051546391752577
0 0.3134749034749035 0.46118556701030927 0.05351351351351351 0.07804123711340206
0 0.5957142857142856 0.7007731958762886 0.028455598455598457 0.03865979381443299
0 0.7934749034749035 0.24917525773195878 0.026563706563706563 0.043092783505154636
0 0.14173745173745175 0.31958762886597936 0.04841698841698842 0.06974226804123711
0 0.013552123552123551 0.5263917525773196 0.026756756756756754 0.06742268041237114
0 0.025521235521235523 0.23484536082474228 0.051042471042471046 0.06670103092783505
0 0.4697297297297297 0.7392268041237113 0.07196911196911197 0.08644329896907216
0 0.09980694980694982 0.37809278350515463 0.04030888030888031 0.05484536082474227
0 0.18335907335907337 0.45499999999999996 0.04247104247104247 0.05041237113402062
0 0.1918918918918919 0.7620618556701031 0.03216216216216216 0.03572164948453608
0 0.8105405405405406 0.3088144329896907 0.08992277992277992 0.09118556701030929
0 0.6113127413127414 0.8128865979381442 0.08447876447876447 0.11463917525773196
0 0.40918918918918923 0.32628865979381444 0.02853281853281853 0.03082474226804124
0 0.5117374517374517 0.2159278350515464 0.04123552123552123 0.07103092783505155
0 0.5424710424710425 0.17030927835051546 0.10876447876447877 0.14221649484536084
0 0.37305019305019305 0.21757731958762888 0.0266023166023166 0.07077319587628866
