0 0.09782679738562092 0.8647303921568628 0.09683006535947712 0.10090686274509804
0 0.2916503267973856 0.8378186274509803 0.08040849673202614 0.12071078431372549
0 0.23249999999999998 0.7556617647058823 0.08294117647058823 0.115
0 0.20119281045751633 0.8357107843137256 0.07130718954248366 0.09095588235294118
0 0.3572549019607843 0.6624509803921568 0.09833333333333333 0.1239950980392157
0 0.2888235294117647 0.6043627450980392 0.08042483660130718 0.09845588235294118
0 0.2196078431372549 0.645906862745098 0.06911764705882352 0.09281862745098039
0 0.4974673202614379 0.7228676470588236 0.09738562091503268 0.1003921568627451
0 0.44223856209150325 0.7757598039215686 0.09080065359477124 0.08720588235294117
0 0.4694607843137255 0.8612254901960784 0.07537581699346406 0.06553921568627451
0 0.5150980392156863 0.8574509803921568 0.09014705882352941 0.11463235294117648
0 0.5471895424836601 0.7804901960784314 0.09016339869281045 0.09661764705882353
0 0.7096895424836601 0.9666176470588235 0.07057189542483659 0.06674019607843137
0 0.49934640522875823 0.9275735294117646 0.06717320261437909 0.09909313725490196
0 0.4230555555555556 0.32345588235294115 0.0486437908496732 0.09745098039215686
0 0.4582843137254902 0.27009803921568626 0.04359477124183007 0.10970588235294117
0 0.5040849673202614 0.2752941176470588 0.06183006535947713 0.06531862745098038
0 0.46223856209150327 0.3780147058823529 0.07125816993464053 0.10174019607843136
0 0.43862745098039213 0.5036274509803921 0.05901960784313725 0.14338235294117646
0 0.5703104575163398 0.548235294117647 0.07879084967320261 0.12781862745098038
0 0.533954248366013 0.46321078431372553 0.08352941176470588 0.08754901960784313
0 0.4970098039215686 0.5548039215686275 0.06401960784313726 0.11394607843137255
0 0.49557189542483665 0.49178921568627454 0.07977124183006536 0.08955882352941176
0 0.609640522875817 0.44762254901960785 0.07665032679738562 0.0903921568627451
0 0.5224836601307189 0.3694852941176471 0.07348039215686274 0.07958333333333333
0 0.5407352941176471 0.31166666666666665 0.0709640522875817 0.06818627450980393
0 0.6006862745098039 0.32605392156862745 0.06753267973856208 0.07715686274509805
0 0.6799673202614379 0.44958333333333333 0.06588235294117648 0.11176470588235295
0 0.7448039215686274 0.4918137254901961 0.07637254901960784 0.08982843137254902
0 0.6129411764705882 0.2416421568627451 0.06779411764705882 0.08958333333333332
0 0.6936601307189543 0.29590686274509803 0.07854575163398693 0.09644607843137255
0 0.7559640522875817 0.17502450980392156 0.07480392156862745 0.10595588235294116
0 0.6736928104575164 0.13299019607843138 0.07130718954248366 0.09370098039215685
0 0.5991176470588235 0.16629901960784313 0.06184640522875817 0.08659313725490196
0 0.42983660130718954 0.14598039215686276 0.05297385620915033 0.07056372549019607
0 0.3808986928104575 0.2106862745098039 0.05830065359477124 0.07713235294117647
0 0.34738562091503267 0.1450735294117647 0.057810457516339876 0.0805392156862745
0 0.2960947712418301 0.3466666666666667 0.08740196078431373 0.06642156862745098
0 0.6648039215686274 0.036176470588235296 0.08176470588235293 0.07235294117647059
0 0.9011274509803922 0.09178921568627452 0.0625326797385621 0.10100490196078432
0 0.9593464052287581 0.22419117647058823 0.06892156862745098 0.11681372549019607
0 0.9697712418300654 0.37397058823529417 0.059787581699346413 0.10745098039215688
0 0.953937908496732 0.508014705882353 0.0868627450980392 0.1525
0 0.9281535947712418 0.6843382352941176 0.08544117647058823 0.10840686274509803
0 0.8526633986928105 0.6644607843137256 0.09697712418300654 0.07899509803921567
0 0.8786111111111111 0.725171568627451 0.07241830065359477 0.06666666666666667
0 0.8215522875816994 0.719779411764706 0.08316993464052287 0.07144607843137254
0 0.7790849673202614 0.7979901960784314 0.08303921568627451 0.08960784313725491
0 0.7900163398692811 0.907107843137255 0.09441176470588236 0.10531862745098039
0 0.2131699346405229 0.5411764705882354 0.0622875816993464 0.04862745098039216
0 0.27359477124183007 0.9746568627450981 0.05872549019607843 0.05068627450980392
0 0.029705882352941176 0.871593137254902 0.051519607843137256 0.09806372549019607
0 0.075359477124183 0.7699264705882353 0.09367647058823529 0.07813725490196079
0 0.1778921568627451 0.6447303921568628 0.0621078431372549 0.08946078431372549
0 0.3870751633986928 0.08563725490196078 0.05086601307189542 0.055661764705882355
0 0.6872222222222222 0.22174019607843137 0.07047385620915034 0.10401960784313725
0 0.7433333333333334 0.06424019607843137 0.06620915032679739 0.0729656862745098
0 0.9277614379084966 0.7511274509803921 0.09137254901960784 0.10254901960784314
0 0.969656862745098 0.7655882352941177 0.057418300653594774 0.10174019607843136
0 0.6591666666666667 0.8807107843137254 0.04522875816993464 0.11441176470588235
