1 0.9227941176470589 0.7510723039215687 0.01715686274509804 0.011948529411764705
1 0.9199346405228758 0.9508272058823529 0.028594771241830064 0.016237745098039217
1 0.9234068627450981 0.7418811274509803 0.014297385620915032 0.01011029411764706
1 0.018790849673202614 0.8377757352941176 0.0196078431372549 0.012561274509803922
1 0.5776143790849673 0.8805147058823529 0.016339869281045753 0.011642156862745098
1 0.3944035947712418 0.8051470588235294 0.020016339869281044 0.013480392156862746
1 0.7375408496732027 0.9606311274509803 0.02246732026143791 0.01685049019607843
1 0.06924019607843138 0.7378982843137255 0.016748366013071895 0.010723039215686275
1 0.5302287581699346 0.7173713235294118 0.016339869281045753 0.01133578431372549
1 0.8100490196078431 0.6997549019607843 0.015522875816993464 0.010416666666666666
1 0.33088235294117646 0.7340686274509803 0.02287581699346405 0.014705882352941176
1 0.23243464052287582 0.7112438725490197 0.0196078431372549 0.013786764705882353
1 0.9865196078431373 0.7772671568627451 0.024509803921568627 0.01715686274509804
1 0.9023692810457516 0.7090992647058824 0.02042483660130719 0.013786764705882353
1 0.8626184640522876 0.8170404411764707 0.021805555555555557 0.013370098039215687
