1 0.9932598039215687 0.7100183823529411 0.012663398692810458 0.01133578431372549
1 0.7839052287581699 0.6741727941176471 0.016339869281045753 0.01133578431372549
1 0.5204248366013072 0.8373161764705882 0.0196078431372549 0.014705882352941176
1 0.49042687908496735 0.5709819240196078 0.011082516339869281 0.007772671568627452
1 0.8129084967320261 0.7022058823529411 0.018790849673202614 0.011029411764705883
1 0.3920547385620915 0.595844056372549 0.010416666666666666 0.006639093137254902
1 0.2630718954248366 0.5952818627450981 0.013888888888888888 0.009191176470588236
1 0.5212418300653595 0.6700367647058824 0.014705882352941176 0.010416666666666666
1 0.7087418300653595 0.719515931372549 0.014705882352941176 0.010723039215686275
1 0.32798815359477124 0.5988051470588235 0.013002450980392157 0.008884803921568627
1 0.15461601307189543 0.7222732843137255 0.017565359477124183 0.013174019607843137
1 0.5259395424836601 0.6122855392156863 0.012663398692810458 0.008272058823529412
1 0.9599673202614379 0.6884191176470589 0.014705882352941176 0.009191176470588236
1 0.5100081699346405 0.8279718137254902 0.01919934640522876 0.013786764705882353
1 0.7522467320261438 0.7028186274509803 0.01919934640522876 0.014093137254901961
1 0.2914624183006536 0.6156556372549019 0.011029411764705883 0.007659313725490196
1 0.8946078431372549 0.8745404411764706 0.022058823529411766 0.015012254901960785
1 0.9873366013071896 0.6855085784313726 0.016339869281045753 0.01133578431372549
1 0.9348447712418301 0.7480085784313726 0.017565359477124183 0.010723039215686275
1 0.8149509803921569 0.6862745098039216 0.015522875816993464 0.011029411764705883
1 0.43790849673202614 0.8610600490196079 0.018790849673202614 0.012561274509803922
1 0.8762254901960784 0.6450674019607843 0.015522875816993464 0.01011029411764706
1 0.29064542483660133 0.6030943627450981 0.012663398692810458 0.008884803921568627
1 0.44485294117647056 0.867953431372549 0.024509803921568627 0.016544117647058824
1 0.6011029411764706 0.6582414215686274 0.017565359477124183 0.01133578431372549
1 0.6964869281045751 0.7143075980392157 0.018790849673202614 0.014399509803921568
1 0.5208333333333334 0.842984068627451 0.02287581699346405 0.018075980392156864
1 0.44281045751633985 0.6876531862745098 0.013071895424836602 0.009497549019607842
1 0.45445261437908496 0.6505821078431373 0.012663398692810458 0.008884803921568627
1 0.27655228758169936 0.6165747549019608 0.013071895424836602 0.007659313725490196
1 0.4293300653594771 0.6331188725490197 0.013888888888888888 0.009497549019607842
1 0.3713235294117647 0.7423406862745098 0.016339869281045753 0.010416666666666666
1 0.23284313725490197 0.6806066176470589 0.013071895424836602 0.008272058823529412
1 0.058619281045751634 0.7242647058823529 0.017565359477124183 0.012867647058823529
1 0.5964052287581699 0.8428308823529411 0.02287581699346405 0.01715686274509804
1 0.6203022875816994 0.8481924019607843 0.020833333333333332 0.015625
1 0.5964052287581699 0.8497242647058824 0.02287581699346405 0.017463235294117647
1 0.3451797385620915 0.6066176470588235 0.013071895424836602 0.00857843137254902
1 0.44342320261437906 0.6799938725490197 0.014297385620915032 0.01011029411764706
1 0.09272875816993464 0.6796875 0.015522875816993464 0.01133578431372549
1 0.16993464052287582 0.6824448529411765 0.016339869281045753 0.011948529411764705
1 0.9579248366013072 0.6974571078431373 0.0196078431372549 0.012561274509803922
1 0.429125816993464 0.6199448529411765 0.01511437908496732 0.008884803921568627
1 0.39705882352941174 0.7133884803921569 0.015522875816993464 0.01133578431372549
1 0.29248366013071897 0.6557904411764706 0.014705882352941176 0.009497549019607842
1 0.9865196078431373 0.78125 0.0196078431372549 0.012867647058823529
1 0.3997140522875817 0.7455575980392157 0.01511437908496732 0.01133578431372549
1 0.48794934640522875 0.6888786764705882 0.01919934640522876 0.013174019607843137
1 0.41482843137254904 0.741421568627451 0.015931372549019607 0.011642156862745098
1 0.7820669934640523 0.7846200980392157 0.01838235294117647 0.013480392156862746
1 0.9099264705882353 0.7490808823529411 0.020833333333333332 0.013480392156862746
1 0.9368872549019608 0.7541360294117647 0.017565359477124183 0.012561274509803922
1 0.45935457516339867 0.7544424019607843 0.016748366013071895 0.012561274509803922
1 0.838031045751634 0.7526041666666666 0.017565359477124183 0.012561274509803922
1 0.5390114379084967 0.7832414215686274 0.02246732026143791 0.016237745098039217
