1 0.9105392156862745 0.897671568627451 0.026143790849673203 0.016544117647058824
1 0.4397467320261438 0.7818627450980392 0.02246732026143791 0.01715686274509804
1 0.16850490196078433 0.6816789215686274 0.013480392156862746 0.009191176470588236
1 0.14522058823529413 0.6574754901960784 0.017565359477124183 0.012867647058823529
1 0.3270016339869281 0.7532169117647058 0.01511437908496732 0.01133578431372549
1 0.7205882352941176 0.8904718137254902 0.0196078431372549 0.014399509803921568
1 0.5430964052287581 0.7452512254901961 0.015931372549019607 0.010723039215686275
1 0.32455065359477125 0.7803308823529411 0.020016339869281044 0.012867647058823529
1 0.5618872549019608 0.6845894607843137 0.016748366013071895 0.011948529411764705
1 0.6356209150326797 0.6999080882352942 0.01715686274509804 0.011948529411764705
1 0.3110702614379085 0.7605698529411765 0.015931372549019607 0.011948529411764705
1 0.5347222222222222 0.7827818627450981 0.016339869281045753 0.010416666666666666
1 0.4166666666666667 0.7846200980392157 0.024509803921568627 0.014093137254901961
1 0.6374591503267973 0.6925551470588235 0.017565359477124183 0.012561274509803922
1 0.9597630718954249 0.6698835784313726 0.01511437908496732 0.009497549019607842
1 0.764501633986928 0.8929227941176471 0.01919934640522876 0.013786764705882353
1 0.8513071895424836 0.6464460784313726 0.013888888888888888 0.00857843137254902
1 0.6713643790849673 0.8478860294117647 0.016748366013071895 0.012561274509803922
1 0.04370915032679738 0.789828431372549 0.021241830065359478 0.013480392156862746
1 0.9889705882352942 0.7916666666666666 0.021241830065359478 0.015318627450980392
1 0.10743464052287582 0.6680453431372549 0.013888888888888888 0.008884803921568627
1 0.6944444444444444 0.6619178921568627 0.017973856209150325 0.011948529411764705
1 0.8566176470588235 0.6671262254901961 0.013888888888888888 0.008884803921568627
1 0.7034313725490197 0.6708026960784313 0.017973856209150325 0.013174019607843137
1 0.494281045751634 0.6613051470588235 0.01715686274509804 0.012561274509803922
1 0.7640931372549019 0.7058823529411765 0.016748366013071895 0.010416666666666666
1 0.09293300653594772 0.7614889705882353 0.017565359477124183 0.013174019607843137
1 0.8225081699346405 0.8426776960784313 0.02246732026143791 0.013786764705882353
1 0.8848039215686274 0.8236825980392157 0.022058823529411766 0.015625
1 0.4693627450980392 0.8651960784313726 0.02042483660130719 0.015931372549019607
1 0.6243872549019608 0.8191697303921569 0.020016339869281044 0.014564950980392156
1 0.43280228758169936 0.7720588235294118 0.024918300653594773 0.015931372549019607
1 0.6674836601307189 0.8262867647058824 0.022058823529411766 0.013480392156862746
1 0.846609477124183 0.6573223039215687 0.015931372549019607 0.01133578431372549
1 0.07679738562091504 0.7670036764705882 0.018790849673202614 0.012561274509803922
1 0.6384803921568627 0.8112745098039216 0.0196078431372549 0.014093137254901961
1 0.8880718954248366 0.8572303921568627 0.02042483660130719 0.013480392156862746
1 0.6441993464052288 0.8333333333333334 0.022058823529411766 0.014705882352941176
1 0.8122957516339869 0.7902879901960784 0.023284313725490197 0.014399509803921568
1 0.7890114379084967 0.7054227941176471 0.017565359477124183 0.010723039215686275
1 0.5631127450980392 0.7826286764705882 0.020833333333333332 0.014399509803921568
1 0.17544934640522875 0.7745098039215687 0.016748366013071895 0.012254901960784314
1 0.11866830065359477 0.65625 0.015931372549019607 0.011029411764705883
1 0.5498366013071896 0.8478860294117647 0.021241830065359478 0.015625
1 0.5439133986928104 0.7944240196078431 0.020016339869281044 0.013480392156862746
1 0.463031045751634 0.7296262254901961 0.01919934640522876 0.013174019607843137
1 0.5761846405228758 0.8877144607843137 0.023284313725490197 0.017463235294117647
1 0.33925653594771243 0.7329963235294118 0.020833333333333332 0.014399509803921568
1 0.5098039215686274 0.8690257352941176 0.018790849673202614 0.015012254901960785
1 0.19076797385620914 0.6924019607843137 0.0196078431372549 0.015931372549019607
1 0.032475490196078434 0.7126225490196079 0.02165032679738562 0.013480392156862746
1 0.8958333333333334 0.6669730392156863 0.01715686274509804 0.012254901960784314
1 0.9493464052287581 0.9882046568627451 0.029411764705882353 0.021139705882352942
1 0.8821486928104575 0.6738664215686274 0.016748366013071895 0.01133578431372549
1 0.9777369281045751 0.6992953431372549 0.020016339869281044 0.013786764705882353
1 0.37520424836601307 0.7437193627450981 0.020016339869281044 0.013786764705882353
1 0.37030228758169936 0.7944240196078431 0.024101307189542485 0.01838235294117647
1 0.9250408496732027 0.9287683823529411 0.02165032679738562 0.016237745098039217
1 0.7387663398692811 0.8998161764705882 0.023284313725490197 0.016544117647058824
1 0.044730392156862746 0.7363664215686274 0.020833333333333332 0.012561274509803922
1 0.6670751633986928 0.7326899509803921 0.017973856209150325 0.014399509803921568
1 0.7344771241830066 0.8852634803921569 0.024509803921568627 0.01685049019607843
1 0.04861111111111111 0.7550551470588235 0.0196078431372549 0.013786764705882353
1 0.28737745098039214 0.8780637254901961 0.024101307189542485 0.017769607843137254
1 0.6968954248366013 0.7754289215686274 0.02369281045751634 0.01715686274509804
1 0.6891339869281046 0.796875 0.021241830065359478 0.015318627450980392
1 0.4456699346405229 0.7919730392156863 0.02369281045751634 0.017769607843137254
1 0.9227941176470589 0.905484068627451 0.024509803921568627 0.015625
1 0.12193627450980392 0.8318014705882353 0.02165032679738562 0.016544117647058824
1 0.5929330065359477 0.7702205882352942 0.01919934640522876 0.015318627450980392
1 0.8002450980392157 0.7437193627450981 0.021241830065359478 0.013786764705882353
1 0.44424019607843135 0.7230392156862745 0.020833333333333332 0.014093137254901961
1 0.46834150326797386 0.8368566176470589 0.026552287581699346 0.01991421568627451
1 0.10477941176470588 0.8252144607843137 0.02246732026143791 0.01685049019607843
1 0.6072303921568627 0.8230698529411765 0.01919934640522876 0.015012254901960785
1 0.8470179738562091 0.8340992647058824 0.027369281045751634 0.01991421568627451
1 0.2020016339869281 0.7362132352941176 0.020833333333333332 0.014705882352941176
1 0.5694444444444444 0.7912071078431373 0.02287581699346405 0.018075980392156864
1 0.20526960784313725 0.7679227941176471 0.02246732026143791 0.015625
1 0.5098039215686274 0.7225796568627451 0.02369281045751634 0.01685049019607843
1 0.6644199346405228 0.8128063725490197 0.024101307189542485 0.015931372549019607
1 0.8298611111111112 0.6749387254901961 0.01838235294117647 0.012867647058823529
1 0.7369281045751634 0.7457107843137255 0.022058823529411766 0.014705882352941176
1 0.9840686274509803 0.7230392156862745 0.02042483660130719 0.014093137254901961
1 0.3590686274509804 0.8777573529411765 0.022058823529411766 0.017769607843137254
1 0.8700980392156863 0.8423713235294118 0.026143790849673203 0.018688725490196078
1 0.8506944444444444 0.7568933823529411 0.01919934640522876 0.013786764705882353
1 0.4562908496732026 0.7723651960784313 0.024509803921568627 0.01838235294117647
1 0.6294934640522876 0.8635110294117647 0.024509803921568627 0.018688725490196078
1 0.9115604575163399 0.8157169117647058 0.026552287581699346 0.01991421568627451
1 0.9848856209150327 0.8215379901960784 0.026143790849673203 0.018075980392156864
1 0.41074346405228757 0.8647365196078431 0.026552287581699346 0.021139705882352942
1 0.7060866013071896 0.8025428921568627 0.023284313725490197 0.018075980392156864
1 0.8174019607843137 0.8051470588235294 0.027777777777777776 0.018995098039215685
1 0.5486111111111112 0.8861825980392157 0.029411764705882353 0.021752450980392156
1 0.9097222222222222 0.8681066176470589 0.024509803921568627 0.018075980392156864
1 0.8935866013071896 0.8936887254901961 0.0298202614379085 0.02144607843137255
1 0.6685049019607843 0.9157475490196079 0.025735294117647058 0.023284313725490197
1 0.6333741830065359 0.8903186274509803 0.028186274509803922 0.020833333333333332
1 0.635124591503268 0.8262867647058824 0.0235171568627451 0.015318627450980392
1 0.6515134803921568 0.8202068014705883 0.023615196078431374 0.016026348039215686
