1 0.025735294117647058 0.688265931372549 0.01715686274509804 0.01011029411764706
1 0.06924019607843138 0.6642156862745098 0.014297385620915032 0.00980392156862745
1 0.03901143790849673 0.7035845588235294 0.01184640522875817 0.008272058823529412
1 0.715890522875817 0.727328431372549 0.01838235294117647 0.014705882352941176
1 0.01838235294117647 0.6835171568627451 0.014705882352941176 0.00980392156862745
1 0.275531045751634 0.688265931372549 0.01511437908496732 0.01133578431372549
1 0.883578431372549 0.7243489583333333 0.021241830065359478 0.013036151960784313
1 0.07720588235294118 0.6868872549019608 0.0196078431372549 0.011642156862745098
1 0.5157271241830066 0.8143382352941176 0.01919934640522876 0.014093137254901961
1 0.3014705882352941 0.803921568627451 0.022058823529411766 0.01715686274509804
1 0.5308333333333334 0.8001332720588236 0.024084967320261438 0.017545955882352943
