1 0.7871732026143791 0.5842524509803921 0.010620915032679739 0.0055147058823529415
1 0.8813316993464052 0.5865502450980392 0.01184640522875817 0.0070465686274509805
1 0.8341503267973857 0.5882352941176471 0.011437908496732025 0.0055147058823529415
1 0.7604166666666666 0.5894607843137255 0.012663398692810458 0.007352941176470588
1 0.931781045751634 0.5911458333333334 0.008169934640522876 0.006433823529411764
1 0.8169934640522876 0.59375 0.00980392156862745 0.0055147058823529415
1 0.7491830065359477 0.5951286764705882 0.011437908496732025 0.006433823529411764
1 0.8796977124183006 0.5962009803921569 0.01184640522875817 0.006127450980392157
1 0.826797385620915 0.5988051470588235 0.012254901960784314 0.0070465686274509805
1 0.8372140522875817 0.5992647058823529 0.010212418300653595 0.006740196078431373
1 0.6550245098039216 0.6018688725490197 0.012663398692810458 0.009497549019607842
1 0.8449754901960784 0.6040134803921569 0.009395424836601307 0.006433823529411764
1 0.025326797385620915 0.6064644607843137 0.013888888888888888 0.007659313725490196
1 0.6333741830065359 0.6107536764705882 0.01184640522875817 0.008884803921568627
1 0.11213235294117647 0.6121323529411765 0.01838235294117647 0.00980392156862745
1 0.6815767973856209 0.6132046568627451 0.01184640522875817 0.008884803921568627
1 0.9852941176470589 0.6208639705882353 0.025326797385620915 0.015012254901960785
1 0.09763071895424837 0.6222426470588235 0.013888888888888888 0.007965686274509803
1 0.1329656862745098 0.6231617647058824 0.009395424836601307 0.007965686274509803
1 0.17095588235294118 0.6239276960784313 0.01511437908496732 0.009497549019607842
1 0.07924836601307189 0.6262254901960784 0.015522875816993464 0.006740196078431373
1 0.1213235294117647 0.6262254901960784 0.013071895424836602 0.009191176470588236
1 0.8905228758169934 0.6309742647058824 0.012254901960784314 0.008272058823529412
1 0.9810049019607843 0.6390931372549019 0.016748366013071895 0.012867647058823529
1 0.7879901960784313 0.6401654411764706 0.015522875816993464 0.009497549019607842
1 0.06147875816993464 0.6404718137254902 0.017565359477124183 0.01011029411764706
1 0.6877042483660131 0.6418504901960784 0.012663398692810458 0.011029411764705883
1 0.7222222222222222 0.6450674019607843 0.014705882352941176 0.010723039215686275
1 0.04963235294117647 0.6620710784313726 0.01838235294117647 0.00857843137254902
1 0.9238153594771242 0.6753982843137255 0.016748366013071895 0.010723039215686275
1 0.1693218954248366 0.6881127450980392 0.01919934640522876 0.013480392156862746
1 0.9117647058823529 0.6888786764705882 0.015522875816993464 0.009497549019607842
1 0.41360294117647056 0.6914828431372549 0.020016339869281044 0.012867647058823529
1 0.5328839869281046 0.6940870098039216 0.01511437908496732 0.009497549019607842
1 0.8084150326797386 0.6950061274509803 0.017973856209150325 0.01133578431372549
1 0.445874183006536 0.7319240196078431 0.02165032679738562 0.015318627450980392
1 0.015727124183006536 0.7503063725490197 0.023284313725490197 0.016544117647058824
1 0.02185457516339869 0.7555147058823529 0.015931372549019607 0.012254901960784314
1 0.8827614379084967 0.7621017156862745 0.017973856209150325 0.01133578431372549
1 0.1031454248366013 0.7627144607843137 0.020833333333333332 0.015012254901960785
1 0.13868464052287582 0.7817095588235294 0.026552287581699346 0.016237745098039217
1 0.8229166666666666 0.7933517156862745 0.030637254901960783 0.017463235294117647
1 0.1889297385620915 0.8268995098039216 0.026552287581699346 0.014705882352941176
1 0.16156045751633988 0.9030330882352942 0.025735294117647058 0.018688725490196078
