1 0.06719771241830065 0.6378676470588235 0.01838235294117647 0.011642156862745098
1 0.6662581699346405 0.5920649509803921 0.0196078431372549 0.01133578431372549
1 0.8223039215686274 0.5968137254901961 0.01715686274509804 0.012867647058823529
1 0.13214869281045752 0.6260723039215687 0.01511437908496732 0.010723039215686275
1 0.21019607843137253 0.5678170955882353 0.015163398692810456 0.011246936274509805
1 0.6427696078431373 0.6907169117647058 0.01838235294117647 0.013174019607843137
1 0.2520424836601307 0.7074142156862745 0.026143790849673203 0.015318627450980392
1 0.7299836601307189 0.5857843137254902 0.016339869281045753 0.011642156862745098
1 0.6215277777777778 0.6253063725490197 0.015931372549019607 0.011029411764705883
1 0.08680555555555555 0.6806066176470589 0.02165032679738562 0.015625
1 0.9405637254901961 0.6081495098039216 0.01919934640522876 0.011642156862745098
1 0.27532679738562094 0.6735600490196079 0.018790849673202614 0.014399509803921568
1 0.8527369281045751 0.6106004901960784 0.027369281045751634 0.016544117647058824
1 0.8037173202614379 0.8633578431372549 0.03390522875816993 0.022058823529411766
1 0.9926470588235294 0.7115502450980392 0.014705882352941176 0.018075980392156864
1 0.40788398692810457 0.6629901960784313 0.017565359477124183 0.011642156862745098
1 0.5612745098039216 0.6992953431372549 0.02287581699346405 0.015012254901960785
1 0.8845996732026143 0.6318933823529411 0.023284313725490197 0.016237745098039217
1 0.8427287581699346 0.6338848039215687 0.018790849673202614 0.012254901960784314
1 0.9772794117647059 0.7407904411764706 0.033807189542483664 0.022022058823529412
1 0.16952614379084968 0.7400428921568627 0.02369281045751634 0.01685049019607843
1 0.7293709150326797 0.6660539215686274 0.024101307189542485 0.015318627450980392
1 0.9507761437908496 0.6649816176470589 0.0298202614379085 0.018688725490196078
1 0.6919934640522876 0.6453737745098039 0.02696078431372549 0.017463235294117647
1 0.6656454248366013 0.7201286764705882 0.0298202614379085 0.022365196078431373
