1 0.4386233660130719 0.7709604779411765 0.015318627450980392 0.01067095588235294
1 0.7050653594771242 0.7683823529411765 0.013071895424836602 0.007965686274509803
1 0.0778186274509804 0.7196691176470589 0.011029411764705883 0.007352941176470588
1 0.09538398692810457 0.7037377450980392 0.011029411764705883 0.007965686274509803
1 0.10641339869281045 0.7082061887254902 0.013480392156862746 0.009549632352941177
1 0.008986928104575163 0.7256433823529411 0.012254901960784314 0.008884803921568627
1 0.8899448529411765 0.763812806372549 0.01354983660130719 0.009856004901960785
1 0.08129084967320262 0.7715992647058824 0.016339869281045753 0.010723039215686275
1 0.11866830065359477 0.6997549019607843 0.011029411764705883 0.007352941176470588
1 0.9377042483660131 0.7670036764705882 0.01511437908496732 0.01011029411764706
1 0.13602941176470587 0.7411151960784313 0.013888888888888888 0.007965686274509803
1 0.11842933006535948 0.7345021446078431 0.014636437908496731 0.010058210784313725
1 0.09180964052287582 0.7372855392156863 0.012867647058823529 0.008272058823529412
1 0.7066993464052288 0.727328431372549 0.015522875816993464 0.009191176470588236
1 0.8186274509803921 0.6920955882352942 0.011437908496732025 0.007352941176470588
1 0.2207924836601307 0.703890931372549 0.011029411764705883 0.007659313725490196
1 0.19648692810457516 0.6824448529411765 0.015522875816993464 0.008272058823529412
1 0.14644607843137256 0.7095588235294118 0.012663398692810458 0.00857843137254902
1 0.8163807189542484 0.7824754901960784 0.01511437908496732 0.00980392156862745
1 0.7289624183006536 0.7513786764705882 0.013480392156862746 0.009497549019607842
1 0.5194035947712419 0.7449448529411765 0.013480392156862746 0.009497549019607842
1 0.6762663398692811 0.7199754901960784 0.013480392156862746 0.00857843137254902
1 0.1664624183006536 0.7147671568627451 0.012663398692810458 0.00857843137254902
1 0.6924019607843137 0.7107843137254902 0.013888888888888888 0.009191176470588236
1 0.13970588235294118 0.7227328431372549 0.013071895424836602 0.009191176470588236
1 0.10110294117647059 0.7835477941176471 0.017565359477124183 0.012561274509803922
1 0.75 0.8304227941176471 0.016339869281045753 0.010723039215686275
1 0.5547385620915033 0.8667279411764706 0.01715686274509804 0.013480392156862746
1 0.1860702614379085 0.7984068627450981 0.017565359477124183 0.011029411764705883
1 0.8037173202614379 0.8155637254901961 0.01511437908496732 0.010416666666666666
1 0.872140522875817 0.7829350490196079 0.013888888888888888 0.01011029411764706
1 0.8560049019607843 0.813265931372549 0.015931372549019607 0.010723039215686275
1 0.6149918300653595 0.7760416666666666 0.016748366013071895 0.011642156862745098
1 0.42034313725490197 0.8230698529411765 0.015522875816993464 0.01133578431372549
1 0.35927287581699346 0.7765012254901961 0.01838235294117647 0.013786764705882353
1 0.5731209150326797 0.8526348039215687 0.01715686274509804 0.012254901960784314
1 0.3443627450980392 0.7988664215686274 0.016339869281045753 0.011948529411764705
1 0.25020424836601307 0.8026960784313726 0.02165032679738562 0.014093137254901961
1 0.7769607843137255 0.7457107843137255 0.016339869281045753 0.011029411764705883
1 0.6074346405228758 0.8434436274509803 0.021241830065359478 0.014093137254901961
1 0.09293300653594772 0.8066789215686274 0.017565359477124183 0.012254901960784314
1 0.7197712418300654 0.735140931372549 0.015522875816993464 0.010723039215686275
1 0.4056372549019608 0.7754289215686274 0.01715686274509804 0.012867647058823529
1 0.09957924836601308 0.7141804534313726 0.012883986928104574 0.007405024509803922
1 0.10151960784313725 0.7352175245098039 0.011862745098039215 0.008425245098039215
