1 0.14460784313725492 0.6481311274509803 0.012254901960784314 0.008272058823529412
1 0.7681107026143791 0.8101516544117647 0.014162581699346406 0.010621936274509804
1 0.17258986928104575 0.6833639705882353 0.011029411764705883 0.008272058823529412
1 0.11642156862745098 0.6697303921568627 0.010620915032679739 0.007352941176470588
1 0.3931781045751634 0.6979166666666666 0.014297385620915032 0.00980392156862745
1 0.47794117647058826 0.7954963235294118 0.013071895424836602 0.009497549019607842
1 0.1999591503267974 0.6625306372549019 0.014297385620915032 0.008884803921568627
1 0.0959967320261438 0.7014399509803921 0.012254901960784314 0.008272058823529412
1 0.5941584967320261 0.7985600490196079 0.015931372549019607 0.010723039215686275
1 0.022263071895424837 0.6606924019607843 0.015931372549019607 0.01011029411764706
1 0.5704656862745098 0.7979473039215687 0.016748366013071895 0.012561274509803922
1 0.5925245098039216 0.7895220588235294 0.016748366013071895 0.012254901960784314
1 0.42034313725490197 0.7363664215686274 0.013071895424836602 0.009497549019607842
1 0.6388214869281046 0.771701899509804 0.01702205882352941 0.01276654411764706
1 0.40012254901960786 0.7510723039215687 0.012663398692810458 0.008272058823529412
1 0.041870915032679736 0.7311580882352942 0.01511437908496732 0.009497549019607842
1 0.41891339869281047 0.8105085784313726 0.013480392156862746 0.009497549019607842
1 0.46977124183006536 0.7532169117647058 0.014705882352941176 0.009497549019607842
1 0.18178104575163398 0.6674325980392157 0.010620915032679739 0.007659313725490196
1 0.2201797385620915 0.7832414215686274 0.015522875816993464 0.010723039215686275
1 0.20955882352941177 0.8042279411764706 0.014705882352941176 0.00857843137254902
1 0.5126633986928104 0.7418811274509803 0.013071895424836602 0.009497549019607842
1 0.5271650326797386 0.8163296568627451 0.013480392156862746 0.01011029411764706
1 0.20833333333333334 0.7377450980392157 0.016339869281045753 0.00980392156862745
1 0.2661356209150327 0.7354473039215687 0.014297385620915032 0.01133578431372549
1 0.8184232026143791 0.7662377450980392 0.013480392156862746 0.009191176470588236
1 0.3445669934640523 0.7533700980392157 0.01511437908496732 0.009191176470588236
1 0.17320261437908496 0.7415747549019608 0.01715686274509804 0.01011029411764706
1 0.3417075163398693 0.7447916666666666 0.01511437908496732 0.009191176470588236
1 0.3813316993464052 0.7647058823529411 0.014297385620915032 0.011029411764705883
1 0.1954656862745098 0.7673100490196079 0.017565359477124183 0.011948529411764705
1 0.5755044934640523 0.7165027573529411 0.01457107843137255 0.008985906862745098
1 0.3402777777777778 0.9312193627450981 0.02369281045751634 0.018688725490196078
1 0.3016748366013072 0.9146752450980392 0.017565359477124183 0.014399509803921568
1 0.5077614379084967 0.8213848039215687 0.016339869281045753 0.011642156862745098
1 0.6262254901960784 0.8517156862745098 0.01715686274509804 0.011029411764705883
1 0.610498366013072 0.7993259803921569 0.016748366013071895 0.012254901960784314
1 0.9458741830065359 0.7855392156862745 0.017565359477124183 0.011642156862745098
1 0.6294934640522876 0.7962622549019608 0.016339869281045753 0.011029411764705883
1 0.7408088235294118 0.9007352941176471 0.01511437908496732 0.010416666666666666
1 0.49203431372549017 0.7599571078431373 0.016748366013071895 0.01133578431372549
1 0.5314542483660131 0.8344056372549019 0.016339869281045753 0.011948529411764705
1 0.3786764705882353 0.7437193627450981 0.015522875816993464 0.01011029411764706
1 0.8691441993464052 0.8156663602941177 0.01770016339869281 0.011847426470588236
1 0.5055147058823529 0.7668504901960784 0.016748366013071895 0.011642156862745098
1 0.4462826797385621 0.8808210784313726 0.023284313725490197 0.01715686274509804
1 0.6879084967320261 0.8530943627450981 0.01715686274509804 0.012561274509803922
1 0.032883986928104576 0.8138786764705882 0.02165032679738562 0.014399509803921568
1 0.4979575163398693 0.8647365196078431 0.021241830065359478 0.01685049019607843
1 0.22569444444444445 0.8166360294117647 0.017565359477124183 0.013174019607843137
1 0.5705065359477124 0.7123161764705882 0.013562091503267974 0.00857843137254902
