1 0.7856964869281046 0.7322181372549019 0.013386437908496734 0.009166666666666667
1 0.23651960784313725 0.6628370098039216 0.011437908496732025 0.008272058823529412
1 0.4938092320261438 0.753782169117647 0.02193218954248366 0.014917279411764706
1 0.6552287581699346 0.7496936274509803 0.014705882352941176 0.011029411764705883
1 0.3298304738562091 0.6424050245098039 0.010968137254901962 0.007236519607843137
1 0.733047385620915 0.7444852941176471 0.016748366013071895 0.011642156862745098
1 0.2764583333333333 0.7722120098039216 0.0177859477124183 0.012561274509803922
1 0.8206699346405228 0.7522977941176471 0.01715686274509804 0.010723039215686275
1 0.25755718954248363 0.6654411764705882 0.014297385620915032 0.009191176470588236
1 0.7910539215686274 0.7441789215686274 0.01919934640522876 0.012254901960784314
1 0.6488970588235294 0.7072610294117647 0.014297385620915032 0.01011029411764706
1 0.35355392156862747 0.7765012254901961 0.01838235294117647 0.013786764705882353
1 0.006127450980392157 0.7452512254901961 0.012254901960784314 0.011948529411764705
1 0.5304330065359477 0.805453431372549 0.017565359477124183 0.011642156862745098
1 0.5755718954248366 0.8112745098039216 0.017973856209150325 0.012867647058823529
1 0.6384803921568627 0.7803308823529411 0.02287581699346405 0.017769607843137254
1 0.8627450980392157 0.7758884803921569 0.022058823529411766 0.015012254901960785
1 0.65625 0.7769607843137255 0.020833333333333332 0.01715686274509804
1 0.26369281045751636 0.6625428921568627 0.011045751633986928 0.0070710784313725485
1 0.25681372549019604 0.7096292892156862 0.01281045751633987 0.00871936274509804
