1 0.7258986928104575 0.7864583333333334 0.021241830065359478 0.013480392156862746
1 0.49673202614379086 0.8736213235294118 0.025326797385620915 0.015625
1 0.7487745098039216 0.842984068627451 0.0196078431372549 0.012561274509803922
1 0.5804738562091504 0.7069546568627451 0.02042483660130719 0.013786764705882353
1 0.24183006535947713 0.8573835784313726 0.027777777777777776 0.01991421568627451
1 0.6027369281045751 0.8576899509803921 0.025735294117647058 0.017463235294117647
1 0.8799019607843137 0.7567401960784313 0.018790849673202614 0.012867647058823529
1 0.6233660130718954 0.7294730392156863 0.02042483660130719 0.016544117647058824
1 0.4193218954248366 0.9155943627450981 0.03227124183006536 0.024816176470588234
1 0.8075674019607842 0.5870098039215687 0.010559640522875818 0.006740196078431373
1 0.8326184640522876 0.6013066789215686 0.010008169934640522 0.006534926470588235
1 0.8824489379084968 0.5935462622549019 0.009995915032679738 0.006332720588235295
1 0.8418770424836601 0.7514292279411765 0.023623366013071894 0.015113357843137254
