1 0.7011846405228758 0.9486825980392157 0.016748366013071895 0.012561274509803922
1 0.27655228758169936 0.9018075980392157 0.015522875816993464 0.01011029411764706
1 0.5134803921568627 0.8814338235294118 0.016339869281045753 0.012254901960784314
1 0.8476307189542484 0.9021139705882353 0.01715686274509804 0.011948529411764705
1 0.9667075163398693 0.7290134803921569 0.016748366013071895 0.009497549019607842
1 0.7567401960784313 0.8370098039215687 0.016748366013071895 0.012254901960784314
1 0.5290032679738562 0.8723958333333334 0.017973856209150325 0.012561274509803922
1 0.6493055555555556 0.8125 0.014297385620915032 0.011029411764705883
1 0.42483660130718953 0.9181985294117647 0.017973856209150325 0.013480392156862746
1 0.011233660130718954 0.7870710784313726 0.01919934640522876 0.014093137254901961
1 0.7771650326797386 0.9031862745098039 0.017565359477124183 0.012254901960784314
1 0.8462009803921569 0.8500306372549019 0.01511437908496732 0.01011029411764706
1 0.6605392156862745 0.8022365196078431 0.014705882352941176 0.010723039215686275
1 0.09640522875816994 0.7066482843137255 0.013888888888888888 0.009497549019607842
1 0.042075163398692814 0.7299325980392157 0.016339869281045753 0.01133578431372549
1 0.8016748366013072 0.8858762254901961 0.015931372549019607 0.011948529411764705
1 0.0392156862745098 0.7847732843137255 0.01715686274509804 0.011948529411764705
1 0.17320261437908496 0.7377450980392157 0.013071895424836602 0.009191176470588236
1 0.18218954248366012 0.7143075980392157 0.013071895424836602 0.009497549019607842
1 0.12826797385620914 0.7899816176470589 0.017973856209150325 0.013174019607843137
1 0.6017156862745098 0.8422181372549019 0.016339869281045753 0.011642156862745098
1 0.954248366013072 0.6355698529411765 0.016339869281045753 0.010723039215686275
1 0.015522875816993464 0.7228860294117647 0.0196078431372549 0.012561274509803922
1 0.10498366013071896 0.7215073529411765 0.013071895424836602 0.00980392156862745
1 0.16789215686274508 0.8118872549019608 0.0196078431372549 0.012867647058823529
1 0.9438316993464052 0.6724877450980392 0.014297385620915032 0.00980392156862745
1 0.7763480392156863 0.7631740196078431 0.016748366013071895 0.012254901960784314
1 0.33843954248366015 0.811734068627451 0.020833333333333332 0.013786764705882353
1 0.2916666666666667 0.9373468137254902 0.026143790849673203 0.01991421568627451
1 0.8116830065359477 0.852328431372549 0.0196078431372549 0.015318627450980392
1 0.849468954248366 0.6681985294117647 0.016748366013071895 0.010416666666666666
1 0.5322712418300654 0.8848039215686274 0.02042483660130719 0.014705882352941176
1 0.12111928104575163 0.7375919117647058 0.01838235294117647 0.01133578431372549
1 0.16299019607843138 0.7950367647058824 0.0196078431372549 0.014093137254901961
1 0.1823937908496732 0.8023897058823529 0.02246732026143791 0.01715686274509804
1 0.6872957516339869 0.8526348039215687 0.020833333333333332 0.015931372549019607
1 0.6223447712418301 0.8241421568627451 0.017565359477124183 0.012867647058823529
1 0.9571078431372549 0.8929227941176471 0.02042483660130719 0.013786764705882353
1 0.9916258169934641 0.8615196078431373 0.016748366013071895 0.01715686274509804
1 0.24816176470588236 0.9822303921568627 0.024918300653594773 0.020833333333333332
1 0.9107434640522876 0.8051470588235294 0.020016339869281044 0.013480392156862746
1 0.7977941176470589 0.9142156862745098 0.025326797385620915 0.02022058823529412
1 0.8852124183006536 0.9517463235294118 0.026143790849673203 0.019301470588235295
1 0.7048611111111112 0.9045649509803921 0.023284313725490197 0.019301470588235295
1 0.8931781045751634 0.8250612745098039 0.027369281045751634 0.02022058823529412
