1 0.05943627450980392 0.5868566176470589 0.012663398692810458 0.007659313725490196
1 0.13112745098039216 0.5971200980392157 0.015522875816993464 0.007352941176470588
1 0.7914624183006536 0.5991115196078431 0.017565359477124183 0.007659313725490196
1 0.1527777777777778 0.6001838235294118 0.012254901960784314 0.007352941176470588
1 0.29391339869281047 0.6004901960784313 0.013480392156862746 0.007965686274509803
1 0.4207516339869281 0.6021752450980392 0.013071895424836602 0.007659313725490196
1 0.7706290849673203 0.6040134803921569 0.015931372549019607 0.0070465686274509805
1 0.3525326797385621 0.6043198529411765 0.011437908496732025 0.008272058823529412
1 0.7328431372549019 0.6078431372549019 0.012254901960784314 0.009191176470588236
1 0.27001633986928103 0.6087622549019608 0.014705882352941176 0.006127450980392157
1 0.33455882352941174 0.6113664215686274 0.013888888888888888 0.007659313725490196
1 0.04146241830065359 0.6116727941176471 0.015931372549019607 0.008884803921568627
1 0.46078431372549017 0.6128982843137255 0.013071895424836602 0.008884803921568627
1 0.6997549019607843 0.6136642156862745 0.011437908496732025 0.007965686274509803
1 0.2790032679738562 0.6151960784313726 0.013071895424836602 0.007965686274509803
1 0.42034313725490197 0.6162683823529411 0.016339869281045753 0.008272058823529412
1 0.32822712418300654 0.6168811274509803 0.012663398692810458 0.01011029411764706
1 0.11662581699346405 0.6173406862745098 0.017565359477124183 0.00857843137254902
1 0.2565359477124183 0.6181066176470589 0.018790849673202614 0.010723039215686275
1 0.3776552287581699 0.6181066176470589 0.015931372549019607 0.008884803921568627
1 0.403390522875817 0.6185661764705882 0.012663398692810458 0.006740196078431373
1 0.1119281045751634 0.624234068627451 0.015522875816993464 0.01011029411764706
1 0.07822712418300654 0.6274509803921569 0.013480392156862746 0.00857843137254902
1 0.42544934640522875 0.6279105392156863 0.013480392156862746 0.01011029411764706
1 0.41217320261437906 0.6280637254901961 0.013071895424836602 0.007965686274509803
1 0.053513071895424834 0.6291360294117647 0.017973856209150325 0.01133578431372549
1 0.7267156862745098 0.6326593137254902 0.012254901960784314 0.011029411764705883
1 0.41013071895424835 0.633578431372549 0.011437908496732025 0.00857843137254902
1 0.3553921568627451 0.6361825980392157 0.013071895424836602 0.007659313725490196
1 0.4693627450980392 0.6381740196078431 0.013888888888888888 0.011029411764705883
1 0.7379493464052288 0.6383272058823529 0.02246732026143791 0.01133578431372549
1 0.27205882352941174 0.6389399509803921 0.013888888888888888 0.008272058823529412
1 0.3821486928104575 0.6404718137254902 0.012663398692810458 0.007659313725490196
1 0.28431372549019607 0.6577818627450981 0.01715686274509804 0.012867647058823529
1 0.004493464052287581 0.6622242647058824 0.008986928104575163 0.011948529411764705
1 0.24305555555555555 0.6640625 0.01715686274509804 0.009497549019607842
1 0.18443627450980393 0.6666666666666666 0.015931372549019607 0.00980392156862745
1 0.0428921568627451 0.6678921568627451 0.01715686274509804 0.012867647058823529
1 0.024101307189542485 0.6715686274509803 0.017973856209150325 0.011642156862745098
1 0.36580882352941174 0.6806066176470589 0.013480392156862746 0.009497549019607842
1 0.7448937908496732 0.6887254901960784 0.01838235294117647 0.013480392156862746
1 0.6182598039215687 0.7028186274509803 0.016748366013071895 0.00980392156862745
1 0.3445669934640523 0.7028186274509803 0.015931372549019607 0.010416666666666666
1 0.021241830065359478 0.7092524509803921 0.022058823529411766 0.012867647058823529
1 0.1147875816993464 0.7155330882352942 0.018790849673202614 0.012561274509803922
1 0.5267565359477124 0.7205882352941176 0.01838235294117647 0.014093137254901961
1 0.00857843137254902 0.7314644607843137 0.01715686274509804 0.013174019607843137
1 0.025531045751633986 0.7357536764705882 0.020016339869281044 0.010723039215686275
1 0.23815359477124182 0.741421568627451 0.015522875816993464 0.009191176470588236
1 0.018586601307189542 0.7450980392156863 0.01919934640522876 0.011029411764705883
1 0.16013071895424835 0.7455575980392157 0.017973856209150325 0.01133578431372549
1 0.13194444444444445 0.7457107843137255 0.0196078431372549 0.011029411764705883
1 0.07230392156862746 0.7464767156862745 0.015522875816993464 0.01011029411764706
1 0.06842320261437909 0.7533700980392157 0.015931372549019607 0.011029411764705883
1 0.610702614379085 0.7550551470588235 0.0196078431372549 0.010723039215686275
1 0.9381127450980392 0.765625 0.026552287581699346 0.01715686274509804
1 0.758578431372549 0.7711397058823529 0.022058823529411766 0.011642156862745098
1 0.11642156862745098 0.7774203431372549 0.017973856209150325 0.01011029411764706
1 0.4474897875816993 0.6200796568627451 0.010175653594771242 0.0067034313725490196
