1 0.25531045751633985 0.7127757352941176 0.014705882352941176 0.013174019607843137
1 0.9622140522875817 0.7152267156862745 0.014297385620915032 0.012561274509803922
1 0.8088235294117647 0.734375 0.014705882352941176 0.011642156862745098
1 0.3055555555555556 0.7362132352941176 0.02287581699346405 0.017769607843137254
1 0.8637663398692811 0.7372855392156863 0.01184640522875817 0.010723039215686275
1 0.7538807189542484 0.7486213235294118 0.01838235294117647 0.013786764705882353
1 0.9138071895424836 0.7614889705882353 0.013071895424836602 0.011948529411764705
1 0.9411764705882353 0.7645526960784313 0.013071895424836602 0.011948529411764705
1 0.07128267973856209 0.7651654411764706 0.017565359477124183 0.015625
1 0.15134803921568626 0.7694546568627451 0.02900326797385621 0.017463235294117647
1 0.9875408496732027 0.7755821078431373 0.020016339869281044 0.015012254901960785
1 0.8643790849673203 0.7766544117647058 0.012254901960784314 0.011642156862745098
1 0.7579656862745098 0.7913602941176471 0.028186274509803922 0.0196078431372549
1 0.060866013071895424 0.8036151960784313 0.024509803921568627 0.020833333333333332
1 0.801062091503268 0.8042279411764706 0.0196078431372549 0.01715686274509804
1 0.7046568627450981 0.8192401960784313 0.022058823529411766 0.01838235294117647
1 0.7908496732026143 0.8242953431372549 0.02696078431372549 0.020526960784313725
1 0.7432598039215687 0.8265931372549019 0.01919934640522876 0.01715686274509804
1 0.678921568627451 0.8305759803921569 0.02287581699346405 0.02022058823529412
1 0.6548202614379085 0.8327205882352942 0.02287581699346405 0.01838235294117647
1 0.9468954248366013 0.8390012254901961 0.02042483660130719 0.01685049019607843
1 0.16952614379084968 0.8566176470588235 0.029411764705882353 0.026348039215686275
1 0.40727124183006536 0.8702512254901961 0.026143790849673203 0.02297794117647059
1 0.23304738562091504 0.8728553921568627 0.03145424836601307 0.02696078431372549
1 0.007965686274509803 0.8921568627450981 0.015931372549019607 0.016544117647058824
1 0.010212418300653595 0.8962928921568627 0.017973856209150325 0.018688725490196078
