1 0.3304738562091503 0.9178921568627451 0.02287581699346405 0.014093137254901961
1 0.046977124183006536 0.6870404411764706 0.014705882352941176 0.009497549019607842
1 0.25592320261437906 0.7892156862745098 0.016748366013071895 0.012867647058823529
1 0.058823529411764705 0.7190563725490197 0.015522875816993464 0.00980392156862745
1 0.01613562091503268 0.6841299019607843 0.01511437908496732 0.009191176470588236
1 0.29187091503267976 0.7542892156862745 0.020833333333333332 0.015318627450980392
1 0.18586601307189543 0.6887254901960784 0.01715686274509804 0.011029411764705883
1 0.26429738562091504 0.7628676470588235 0.0196078431372549 0.015318627450980392
1 0.8925653594771242 0.680453431372549 0.01715686274509804 0.012254901960784314
1 0.14583333333333334 0.6799938725490197 0.014705882352941176 0.01011029411764706
1 0.465890522875817 0.8396139705882353 0.020016339869281044 0.015625
1 0.6879084967320261 0.8783700980392157 0.02287581699346405 0.016544117647058824
1 0.2207924836601307 0.8892463235294118 0.025735294117647058 0.019301470588235295
