1 0.35500612745098037 0.466078431372549 0.017201797385620915 0.013651960784313726
1 0.5941584967320261 0.882046568627451 0.01838235294117647 0.014093137254901961
1 0.05718954248366013 0.7470894607843137 0.02369281045751634 0.014399509803921568
1 0.9662990196078431 0.7104779411764706 0.016748366013071895 0.012254901960784314
1 0.9093137254901961 0.6435355392156863 0.014705882352941176 0.010723039215686275
1 0.9618055555555556 0.6999080882352942 0.016748366013071895 0.011948529411764705
1 0.05494281045751634 0.9008884803921569 0.026552287581699346 0.020526960784313725
1 0.8833741830065359 0.6634497549019608 0.01511437908496732 0.01011029411764706
1 0.9485294117647058 0.7319240196078431 0.021241830065359478 0.014093137254901961
1 0.6895424836601307 0.6507352941176471 0.014705882352941176 0.011029411764705883
1 0.8905228758169934 0.6614583333333334 0.016339869281045753 0.010416666666666666
1 0.8609068627450981 0.6574754901960784 0.016748366013071895 0.010416666666666666
1 0.6117238562091504 0.6616115196078431 0.016748366013071895 0.012561274509803922
1 0.7691993464052288 0.9306066176470589 0.02042483660130719 0.015012254901960785
1 0.9117647058823529 0.6905637254901961 0.017973856209150325 0.012867647058823529
1 0.8986928104575164 0.7562806372549019 0.021241830065359478 0.013786764705882353
1 0.9450571895424836 0.6295955882352942 0.01838235294117647 0.011642156862745098
1 0.5449346405228758 0.8258272058823529 0.02369281045751634 0.018688725490196078
1 0.7352941176470589 0.6527267156862745 0.01715686274509804 0.012561274509803922
1 0.7612336601307189 0.6683517156862745 0.015931372549019607 0.01133578431372549
1 0.5712826797385621 0.6688112745098039 0.016748366013071895 0.012254901960784314
1 0.7984068627450981 0.7366727941176471 0.020016339869281044 0.015625
1 0.7759395424836601 0.6735600490196079 0.016748366013071895 0.011948529411764705
1 0.8057598039215687 0.6545649509803921 0.01838235294117647 0.012561274509803922
1 0.4209558823529412 0.8518688725490197 0.023284313725490197 0.018075980392156864
1 0.24816176470588236 0.8504901960784313 0.024918300653594773 0.01838235294117647
1 0.9662990196078431 0.7297794117647058 0.020833333333333332 0.014093137254901961
1 0.5578022875816994 0.7931985294117647 0.02246732026143791 0.015931372549019607
1 0.9385212418300654 0.7601102941176471 0.023284313725490197 0.015931372549019607
1 0.5863970588235294 0.789828431372549 0.02246732026143791 0.017769607843137254
1 0.7375408496732027 0.7565870098039216 0.023284313725490197 0.01685049019607843
1 0.497140522875817 0.9018075980392157 0.026143790849673203 0.021752450980392156
1 0.9203431372549019 0.7889093137254902 0.025326797385620915 0.01838235294117647
1 0.7265114379084967 0.7207414215686274 0.02246732026143791 0.01685049019607843
1 0.9793709150326797 0.7827818627450981 0.024101307189542485 0.01715686274509804
1 0.36202818627450983 0.4889031862745098 0.010821078431372548 0.007830882352941175
1 0.3764133986928105 0.4936688112745098 0.012630718954248367 0.008170955882352941
1 0.3814971405228758 0.488391544117647 0.012177287581699345 0.006807598039215686
1 0.3979248366013072 0.48948069852941173 0.009901960784313725 0.00714767156862745
1 0.9228247549019607 0.6495772058823529 0.01395016339869281 0.010551470588235294
1 0.6468055555555556 0.6361994485294117 0.01583333333333333 0.00953125
1 0.6175796568627451 0.6113158700980392 0.015388071895424838 0.008170955882352941
1 0.8084150326797386 0.682564338235294 0.01715686274509804 0.008511029411764705
