1 0.6013071895424836 0.37300857843137253 0.016339869281045753 0.01011029411764706
1 0.4438316993464052 0.4575674019607843 0.02246732026143791 0.013786764705882353
1 0.08905228758169935 0.655484068627451 0.032679738562091505 0.020526960784313725
1 0.9170751633986928 0.25704656862745096 0.014705882352941176 0.009191176470588236
1 0.6523692810457516 0.4583333333333333 0.02369281045751634 0.014093137254901961
1 0.8012663398692811 0.45618872549019607 0.024101307189542485 0.015318627450980392
1 0.7220179738562091 0.4990808823529412 0.01919934640522876 0.011642156862745098
1 0.5524918300653595 0.4476102941176471 0.027369281045751634 0.016544117647058824
1 0.8754084967320261 0.5435049019607843 0.027777777777777776 0.015318627450980392
1 0.769812091503268 0.38388480392156865 0.01511437908496732 0.009191176470588236
1 0.6531862745098039 0.3975183823529412 0.021241830065359478 0.013786764705882353
1 0.9671160130718954 0.37683823529411764 0.01511437908496732 0.009191176470588236
1 0.6535947712418301 0.3874080882352941 0.016339869281045753 0.010723039215686275
1 0.9236111111111112 0.3802083333333333 0.01715686274509804 0.00980392156862745
1 0.8016748366013072 0.42693014705882354 0.01838235294117647 0.01133578431372549
1 0.9628267973856209 0.5081188725490197 0.02042483660130719 0.014399509803921568
1 0.9530228758169934 0.5203737745098039 0.029411764705882353 0.014399509803921568
1 0.8780637254901961 0.4966299019607843 0.01919934640522876 0.012867647058823529
1 0.8398692810457516 0.39859068627450983 0.0196078431372549 0.014705882352941176
1 0.9240196078431373 0.5079656862745098 0.02287581699346405 0.014705882352941176
1 0.6832107843137255 0.36795343137254904 0.02246732026143791 0.013480392156862746
1 0.6968954248366013 0.4163602941176471 0.024509803921568627 0.01715686274509804
1 0.8080065359477124 0.40318627450980393 0.02287581699346405 0.015318627450980392
1 0.6002859477124183 0.7009803921568627 0.039624183006535946 0.032475490196078434
1 0.7988153594771242 0.4410232843137255 0.02246732026143791 0.015625
1 0.11948529411764706 0.5863970588235294 0.056781045751633986 0.0428921568627451
1 0.41594771241830064 0.37197457107843135 0.011633986928104575 0.008042279411764705
