1 0.7718545751633987 0.7524509803921569 0.01919934640522876 0.011642156862745098
1 0.727328431372549 0.6467524509803921 0.017565359477124183 0.00980392156862745
1 0.6000816993464052 0.7993259803921569 0.0196078431372549 0.015931372549019607
1 0.795547385620915 0.7006740196078431 0.016748366013071895 0.010416666666666666
1 0.8272058823529411 0.7337622549019608 0.01715686274509804 0.012254901960784314
1 0.5812908496732027 0.6233149509803921 0.016339869281045753 0.012561274509803922
1 0.4930555555555556 0.8333333333333334 0.02369281045751634 0.016544117647058824
1 0.715890522875817 0.8435968137254902 0.01919934640522876 0.011948529411764705
1 0.5986519607843137 0.8370098039215687 0.02246732026143791 0.016544117647058824
1 0.23815359477124182 0.7352941176470589 0.02042483660130719 0.014093137254901961
1 0.8831699346405228 0.7571997549019608 0.01715686274509804 0.010723039215686275
1 0.9105392156862745 0.7227328431372549 0.015522875816993464 0.011642156862745098
1 0.9656862745098039 0.6225490196078431 0.016339869281045753 0.011029411764705883
1 0.061683006535947715 0.8809742647058824 0.02042483660130719 0.015625
1 0.8707107843137255 0.9106924019607843 0.020016339869281044 0.015012254901960785
1 0.8149509803921569 0.7210477941176471 0.017973856209150325 0.011948529411764705
1 0.2667483660130719 0.7460171568627451 0.018790849673202614 0.014705882352941176
1 0.985702614379085 0.7025122549019608 0.022058823529411766 0.014093137254901961
1 0.5318627450980392 0.8365502450980392 0.022058823529411766 0.015012254901960785
1 0.6983251633986928 0.8340992647058824 0.024918300653594773 0.01685049019607843
1 0.23080065359477125 0.7084865196078431 0.02369281045751634 0.014399509803921568
1 0.6145833333333334 0.7313112745098039 0.01838235294117647 0.013480392156862746
1 0.3707107843137255 0.7198223039215687 0.020833333333333332 0.015012254901960785
1 0.9877450980392157 0.6462928921568627 0.02042483660130719 0.013174019607843137
1 0.08966503267973856 0.8779105392156863 0.026552287581699346 0.021752450980392156
1 0.5686274509803921 0.7971813725490197 0.024509803921568627 0.018995098039215685
1 0.4756944444444444 0.7918198529411765 0.024101307189542485 0.018075980392156864
1 0.06209150326797386 0.7095588235294118 0.02287581699346405 0.016544117647058824
1 0.15870098039215685 0.8125 0.024918300653594773 0.0196078431372549
1 0.9424019607843137 0.7587316176470589 0.02696078431372549 0.018075980392156864
1 0.4170751633986928 0.8492647058823529 0.025326797385620915 0.018995098039215685
1 0.5343137254901961 0.9094669117647058 0.028594771241830064 0.026041666666666668
1 0.6681372549019607 0.6128216911764706 0.01519607843137255 0.009957107843137254
