1 0.8106617647058824 0.6724877450980392 0.011029411764705883 0.006740196078431373
1 0.3167892156862745 0.8079044117647058 0.013480392156862746 0.00980392156862745
1 0.13357843137254902 0.6887254901960784 0.012254901960784314 0.007965686274509803
1 0.29105392156862747 0.8126531862745098 0.017565359477124183 0.010723039215686275
1 0.9211907679738561 0.6879825367647058 0.014767156862745098 0.009543504901960783
1 0.3784089052287582 0.6761060049019608 0.01335375816993464 0.009074754901960785
1 0.289624183006536 0.7673100490196079 0.011437908496732025 0.007659313725490196
1 0.1736111111111111 0.7150735294117647 0.011437908496732025 0.007352941176470588
1 0.23080065359477125 0.7480085784313726 0.011437908496732025 0.007659313725490196
1 0.2520424836601307 0.7230392156862745 0.011437908496732025 0.007352941176470588
1 0.5449346405228758 0.8062193627450981 0.014705882352941176 0.009497549019607842
1 0.7728758169934641 0.6755514705882353 0.014705882352941176 0.009191176470588236
1 0.18586601307189543 0.8003982843137255 0.013888888888888888 0.008884803921568627
1 0.1423611111111111 0.6959252450980392 0.014297385620915032 0.009497549019607842
1 0.5927287581699346 0.7734375 0.015522875816993464 0.010723039215686275
1 0.39501633986928103 0.8448223039215687 0.015522875816993464 0.010723039215686275
1 0.8637663398692811 0.7169117647058824 0.013480392156862746 0.009191176470588236
1 0.4327246732026144 0.6848376225490196 0.013325163398692809 0.008768382352941176
1 0.2935049019607843 0.7259497549019608 0.013480392156862746 0.008272058823529412
1 0.02246732026143791 0.7470894607843137 0.014705882352941176 0.010723039215686275
1 0.8247549019607843 0.7084865196078431 0.013888888888888888 0.009497549019607842
1 0.12867647058823528 0.7421875 0.012254901960784314 0.007659313725490196
1 0.14665032679738563 0.7290134803921569 0.013071895424836602 0.008272058823529412
1 0.9648692810457516 0.6971507352941176 0.013071895424836602 0.008884803921568627
1 0.0988562091503268 0.7271752450980392 0.013888888888888888 0.008884803921568627
1 0.052569444444444446 0.8340517769607843 0.02098856209150327 0.013691789215686274
1 0.08415032679738563 0.7302389705882353 0.013071895424836602 0.008884803921568627
1 0.2246732026143791 0.7696078431372549 0.014705882352941176 0.009191176470588236
1 0.3394607843137255 0.8005514705882353 0.016339869281045753 0.010416666666666666
1 0.09865196078431372 0.742953431372549 0.013480392156862746 0.009191176470588236
1 0.1576797385620915 0.7182904411764706 0.012254901960784314 0.008272058823529412
1 0.40931372549019607 0.8089767156862745 0.01715686274509804 0.01133578431372549
1 0.18525326797385622 0.8258272058823529 0.01838235294117647 0.012561274509803922
1 0.7387663398692811 0.8033088235294118 0.015931372549019607 0.010416666666666666
1 0.9197773692810457 0.6829626225490196 0.012757352941176471 0.007469362745098039
1 0.5516748366013072 0.8345588235294118 0.015931372549019607 0.011642156862745098
1 0.4076797385620915 0.7867647058823529 0.016339869281045753 0.011029411764705883
1 0.2763480392156863 0.8416053921568627 0.01838235294117647 0.014093137254901961
1 0.30494281045751637 0.8416053921568627 0.020833333333333332 0.014705882352941176
1 0.8086192810457516 0.7867647058823529 0.01838235294117647 0.013480392156862746
1 0.23447712418300654 0.7826286764705882 0.01715686274509804 0.01133578431372549
1 0.23039215686274508 0.8236825980392157 0.018790849673202614 0.012561274509803922
1 0.34477124183006536 0.8216911764705882 0.021241830065359478 0.015318627450980392
1 0.09844771241830065 0.782015931372549 0.022058823529411766 0.015012254901960785
1 0.207312091503268 0.8278186274509803 0.020016339869281044 0.015318627450980392
1 0.42888888888888893 0.6878768382352941 0.01218954248366013 0.00871936274509804
