1 0.9044117647058824 0.5791973039215687 0.010620915032679739 0.008884803921568627
1 0.07455065359477124 0.5802696078431373 0.011029411764705883 0.006127450980392157
1 0.018790849673202614 0.5814950980392157 0.017973856209150325 0.010416666666666666
1 0.9262663398692811 0.5862438725490197 0.012663398692810458 0.008884803921568627
1 0.0247140522875817 0.5922181372549019 0.01919934640522876 0.00980392156862745
1 0.9242238562091504 0.6034007352941176 0.012663398692810458 0.008272058823529412
1 0.9957107843137255 0.6092218137254902 0.00857843137254902 0.011948529411764705
1 0.08905228758169935 0.6171875 0.021241830065359478 0.013786764705882353
1 0.9722222222222222 0.6297487745098039 0.017973856209150325 0.011948529411764705
1 0.13725490196078433 0.6372549019607843 0.02696078431372549 0.015931372549019607
1 0.9904003267973857 0.6490502450980392 0.016748366013071895 0.01011029411764706
1 0.6680964052287581 0.6518075980392157 0.017565359477124183 0.013174019607843137
1 0.15073529411764705 0.6544117647058824 0.017973856209150325 0.00980392156862745
1 0.9852941176470589 0.6564031862745098 0.017973856209150325 0.01011029411764706
1 0.9238153594771242 0.6577818627450981 0.012663398692810458 0.010416666666666666
1 0.9027777777777778 0.6611519607843137 0.01715686274509804 0.010416666666666666
1 0.11580882352941177 0.6628370098039216 0.012663398692810458 0.009497549019607842
1 0.1256127450980392 0.6640625 0.015931372549019607 0.01133578431372549
1 0.8937908496732027 0.6686580882352942 0.017973856209150325 0.011948529411764705
1 0.13357843137254902 0.671109068627451 0.021241830065359478 0.008884803921568627
1 0.16891339869281047 0.672640931372549 0.013480392156862746 0.013174019607843137
1 0.125 0.6798406862745098 0.017973856209150325 0.00980392156862745
1 0.875 0.6815257352941176 0.02042483660130719 0.013174019607843137
1 0.7138480392156863 0.6841299019607843 0.014297385620915032 0.013480392156862746
1 0.9848856209150327 0.6844362745098039 0.015522875816993464 0.011642156862745098
1 0.5945669934640523 0.7136948529411765 0.013480392156862746 0.01133578431372549
1 0.900531045751634 0.7212009803921569 0.015931372549019607 0.014705882352941176
1 0.4571078431372549 0.7328431372549019 0.01715686274509804 0.016544117647058824
1 0.4279003267973856 0.7354473039215687 0.015931372549019607 0.013174019607843137
1 0.2757352941176471 0.7362132352941176 0.014705882352941176 0.014093137254901961
1 0.4579248366013072 0.7426470588235294 0.016339869281045753 0.011029411764705883
1 0.6819852941176471 0.7432598039215687 0.02165032679738562 0.015931372549019607
1 0.7620506535947712 0.7467830882352942 0.024101307189542485 0.017463235294117647
1 0.0032679738562091504 0.7472426470588235 0.006535947712418301 0.012867647058823529
1 0.8845996732026143 0.75 0.020833333333333332 0.015931372549019607
1 0.2820669934640523 0.7558210784313726 0.017565359477124183 0.013480392156862746
1 0.582312091503268 0.7559742647058824 0.02246732026143791 0.018075980392156864
1 0.009191176470588236 0.7591911764705882 0.01511437908496732 0.0196078431372549
1 0.7007761437908496 0.7616421568627451 0.016748366013071895 0.01715686274509804
1 0.08558006535947713 0.7670036764705882 0.01919934640522876 0.009497549019607842
1 0.7034313725490197 0.7800245098039216 0.03022875816993464 0.01715686274509804
1 0.8198529411764706 0.7881433823529411 0.021241830065359478 0.014399509803921568
1 0.35518790849673204 0.7945772058823529 0.020016339869281044 0.014399509803921568
1 0.7510212418300654 0.8656556372549019 0.028186274509803922 0.020526960784313725
1 0.4695669934640523 0.8658088235294118 0.02165032679738562 0.013480392156862746
1 0.7009803921568627 0.8776041666666666 0.027777777777777776 0.017463235294117647
1 0.7679738562091504 0.8854166666666666 0.024509803921568627 0.02022058823529412
1 0.9936683006535948 0.8924632352941176 0.012663398692810458 0.0196078431372549
1 0.8449754901960784 0.8969056372549019 0.02246732026143791 0.017463235294117647
1 0.5171568627450981 0.9160539215686274 0.02696078431372549 0.026348039215686275
1 0.6141748366013072 0.9319852941176471 0.02165032679738562 0.01715686274509804
1 0.9070669934640523 0.9434742647058824 0.01919934640522876 0.017463235294117647
