1 0.7046568627450981 0.7340686274509803 0.01715686274509804 0.011642156862745098
1 0.16115196078431374 0.7835477941176471 0.020016339869281044 0.015625
1 0.6746323529411765 0.7167585784313726 0.020833333333333332 0.014399509803921568
1 0.5598447712418301 0.9021139705882353 0.025735294117647058 0.019301470588235295
1 0.9305555555555556 0.7322303921568627 0.017973856209150325 0.011642156862745098
1 0.41482843137254904 0.9321384803921569 0.028186274509803922 0.01991421568627451
1 0.49325980392156865 0.7063419117647058 0.02246732026143791 0.01685049019607843
1 0.4180964052287582 0.6841299019607843 0.01838235294117647 0.014093137254901961
1 0.681781045751634 0.9162071078431373 0.031862745098039214 0.019301470588235295
1 0.6511437908496732 0.8959865196078431 0.03104575163398693 0.019301470588235295
1 0.9199346405228758 0.7461703431372549 0.022058823529411766 0.014399509803921568
1 0.5988562091503268 0.9082414215686274 0.029411764705882353 0.022365196078431373
1 0.6229575163398693 0.8708639705882353 0.029411764705882353 0.021752450980392156
1 0.6494873366013072 0.6996844362745098 0.016294934640522875 0.009662990196078431
