1 0.4285130718954248 0.8457414215686274 0.027777777777777776 0.015012254901960785
1 0.39685457516339867 0.7639399509803921 0.020016339869281044 0.013786764705882353
1 0.9407679738562091 0.6464460784313726 0.014705882352941176 0.011642156862745098
1 0.9922385620915033 0.7855392156862745 0.015522875816993464 0.017769607843137254
1 0.9072712418300654 0.6279105392156863 0.01715686274509804 0.01133578431372549
1 0.744281045751634 0.6677389705882353 0.015522875816993464 0.01133578431372549
1 0.9838643790849673 0.7205882352941176 0.01919934640522876 0.013480392156862746
1 0.9319852941176471 0.8892463235294118 0.028186274509803922 0.015625
1 0.7069035947712419 0.7541360294117647 0.02246732026143791 0.01685049019607843
1 0.71875 0.6735600490196079 0.01919934640522876 0.014399509803921568
1 0.8345588235294118 0.8446691176470589 0.02287581699346405 0.014705882352941176
1 0.9724264705882353 0.7486213235294118 0.023284313725490197 0.015625
1 0.7649101307189542 0.8800551470588235 0.027369281045751634 0.016237745098039217
1 0.7724673202614379 0.8141850490196079 0.0196078431372549 0.013174019607843137
1 0.8433415032679739 0.8295036764705882 0.01919934640522876 0.013174019607843137
1 0.8084150326797386 0.8276654411764706 0.02287581699346405 0.015012254901960785
1 0.9383169934640523 0.7319240196078431 0.021241830065359478 0.014705882352941176
1 0.9511846405228758 0.8935355392156863 0.02900326797385621 0.019301470588235295
1 0.9360702614379085 0.8704044117647058 0.030637254901960783 0.02144607843137255
1 0.11499183006535947 0.9666053921568627 0.0494281045751634 0.04350490196078431
