1 0.8386437908496732 0.5908394607843137 0.014705882352941176 0.01011029411764706
1 0.8075980392156863 0.6110600490196079 0.01715686274509804 0.012561274509803922
1 0.4025735294117647 0.5860906862745098 0.014297385620915032 0.009191176470588236
1 0.5590277777777778 0.6387867647058824 0.017565359477124183 0.011642156862745098
1 0.37602124183006536 0.5827205882352942 0.01511437908496732 0.00980392156862745
1 0.5523897058823529 0.6209405637254902 0.015727124183006536 0.010263480392156863
1 0.36825980392156865 0.6111366421568627 0.01511437908496732 0.009650735294117647
1 0.5514705882352942 0.7294730392156863 0.02369281045751634 0.015318627450980392
1 0.6748366013071896 0.6392463235294118 0.017973856209150325 0.011948529411764705
1 0.5939542483660131 0.6189491421568627 0.015522875816993464 0.011795343137254902
1 0.48856209150326796 0.7135416666666666 0.02369281045751634 0.016544117647058824
1 0.3824550653594771 0.5920649509803921 0.016544117647058824 0.009497549019607842
1 0.7344771241830066 0.624234068627451 0.015522875816993464 0.01133578431372549
1 0.47814542483660133 0.6315870098039216 0.02165032679738562 0.014399509803921568
1 0.7087418300653595 0.6443014705882353 0.018790849673202614 0.013480392156862746
1 0.49836601307189543 0.7475490196078431 0.03022875816993464 0.02144607843137255
1 0.24632352941176472 0.7651654411764706 0.027777777777777776 0.018075980392156864
1 0.32822712418300654 0.711703431372549 0.02246732026143791 0.017769607843137254
1 0.16666666666666666 0.8509497549019608 0.042483660130718956 0.029105392156862746
1 0.8615196078431373 0.5940563725490197 0.02369281045751634 0.014705882352941176
1 0.7224264705882353 0.6971507352941176 0.024101307189542485 0.017463235294117647
1 0.5951797385620915 0.7581188725490197 0.026143790849673203 0.01991421568627451
1 0.41041053921568627 0.5788143382352942 0.014448529411764706 0.008118872549019608
1 0.4252165032679739 0.5857077205882353 0.012197712418300654 0.0078125
1 0.41664011437908494 0.5805759803921569 0.009750816993464053 0.0055147058823529415
1 0.3976470588235294 0.5930606617647058 0.011797385620915032 0.007199754901960784
1 0.41694648692810454 0.6017156862745098 0.013631535947712417 0.007965686274509803
1 0.4467626633986928 0.6020986519607843 0.011172385620915033 0.008731617647058824
1 0.44763888888888886 0.6099111519607843 0.013741830065359477 0.010263480392156863
1 0.29747549019607844 0.6272977941176471 0.01815359477124183 0.01133578431372549
1 0.31332924836601306 0.6366421568627451 0.021266339869281045 0.012254901960784314
1 0.27276348039215687 0.6123621323529411 0.01774918300653595 0.010263480392156863
1 0.2834027777777778 0.6105238970588235 0.013700980392156862 0.009037990196078432
1 0.33290849673202616 0.5739123774509803 0.008137254901960786 0.0044424019607843136
1 0.33866013071895423 0.5707720588235294 0.011470588235294116 0.006127450980392157
1 0.48342933006535943 0.5844822303921569 0.010159313725490197 0.0059742647058823525
1 0.37691993464052287 0.7132352941176471 0.01772875816993464 0.012254901960784314
1 0.6400980392156863 0.6774662990196079 0.015490196078431374 0.011182598039215686
1 0.5905739379084967 0.6110600490196079 0.013664215686274512 0.008272058823529412
