1 0.9873366013071896 0.6620710784313726 0.025326797385620915 0.024509803921568627
1 0.05004084967320262 0.6579350490196079 0.023284313725490197 0.016237745098039217
1 0.8825571895424836 0.6597732843137255 0.01919934640522876 0.011948529411764705
1 0.22368872549019608 0.6841436887254903 0.03234477124183007 0.021473651960784313
1 0.2630718954248366 0.7236519607843137 0.021241830065359478 0.014705882352941176
1 0.7328431372549019 0.6587009803921569 0.01715686274509804 0.011642156862745098
1 0.9162581699346405 0.6504289215686274 0.021241830065359478 0.014093137254901961
1 0.8443627450980392 0.7303921568627451 0.02369281045751634 0.016544117647058824
1 0.8700980392156863 0.6858149509803921 0.017973856209150325 0.012561274509803922
1 0.8786764705882353 0.7536764705882353 0.022058823529411766 0.015318627450980392
1 0.8186274509803921 0.7322303921568627 0.026143790849673203 0.016544117647058824
1 0.5763888888888888 0.6686580882352942 0.018790849673202614 0.011948529411764705
1 0.014297385620915032 0.8391544117647058 0.028594771241830064 0.025735294117647058
1 0.8513071895424836 0.6773897058823529 0.02369281045751634 0.014705882352941176
1 0.9193218954248366 0.8396139705882353 0.027369281045751634 0.019301470588235295
1 0.215890522875817 0.8048406862745098 0.025735294117647058 0.018995098039215685
1 0.9814133986928104 0.8287377450980392 0.026552287581699346 0.01838235294117647
1 0.8913398692810458 0.8386948529411765 0.028594771241830064 0.018075980392156864
1 0.9154411764705882 0.7450980392156863 0.03022875816993464 0.02022058823529412
1 0.9099264705882353 0.8011642156862745 0.027369281045751634 0.0196078431372549
1 0.7483660130718954 0.7461703431372549 0.025326797385620915 0.018688725490196078
1 0.9370915032679739 0.7559742647058824 0.027777777777777776 0.018688725490196078
