1 0.09728349673202615 0.6683333333333333 0.01156045751633987 0.007009803921568627
1 0.7853349673202614 0.6688112745098039 0.012663398692810458 0.00857843137254902
1 0.3400735294117647 0.6627113970588235 0.009395424836601307 0.006795343137254902
1 0.5365604575163399 0.7850796568627451 0.014297385620915032 0.01011029411764706
1 0.7912581699346405 0.6894914215686274 0.014705882352941176 0.008884803921568627
1 0.289781454248366 0.683814338235294 0.013386437908496734 0.007947303921568628
1 0.1729983660130719 0.6677389705882353 0.012663398692810458 0.007659313725490196
1 0.23651960784313725 0.7012867647058824 0.013888888888888888 0.00857843137254902
1 0.9252450980392157 0.6455269607843137 0.015522875816993464 0.00980392156862745
1 0.877859477124183 0.6858149509803921 0.01715686274509804 0.009497549019607842
1 0.8411437908496732 0.650094975490196 0.009901960784313725 0.006685049019607843
1 0.2542892156862745 0.6904105392156863 0.01184640522875817 0.007659313725490196
1 0.8850081699346405 0.6472120098039216 0.012663398692810458 0.008884803921568627
1 0.7622549019607843 0.8737745098039216 0.021241830065359478 0.015318627450980392
1 0.8557781862745099 0.660935968137255 0.012209967320261438 0.008146446078431372
1 0.5204248366013072 0.7107843137254902 0.013888888888888888 0.00980392156862745
1 0.34878472222222223 0.6626393995098039 0.013745915032679738 0.009102328431372549
1 0.1854575163398693 0.6560968137254902 0.011437908496732025 0.0070465686274509805
1 0.8247549019607843 0.7823223039215687 0.015522875816993464 0.011948529411764705
1 0.8186274509803921 0.6527267156862745 0.013888888888888888 0.008884803921568627
1 0.8068647875816993 0.7037913602941177 0.017324346405228758 0.009911151960784315
1 0.5055147058823529 0.8053002450980392 0.020833333333333332 0.012561274509803922
1 0.20547385620915032 0.6844362745098039 0.013071895424836602 0.00857843137254902
1 0.24101307189542484 0.7694546568627451 0.015522875816993464 0.011948529411764705
1 0.2863562091503268 0.7705269607843137 0.016339869281045753 0.012254901960784314
1 0.7230392156862745 0.8344056372549019 0.018790849673202614 0.013174019607843137
1 0.8071895424836601 0.6640625 0.014705882352941176 0.008884803921568627
1 0.3911356209150327 0.7400428921568627 0.023284313725490197 0.013786764705882353
1 0.784109477124183 0.8246017156862745 0.020833333333333332 0.014399509803921568
1 0.5763888888888888 0.7254901960784313 0.013888888888888888 0.00980392156862745
1 0.8933823529411765 0.6829044117647058 0.014705882352941176 0.00980392156862745
1 0.05044934640522876 0.8216911764705882 0.020833333333333332 0.013480392156862746
1 0.27604779411764707 0.6877879901960785 0.012062908496732026 0.007316176470588235
1 0.8186274509803921 0.7069546568627451 0.013888888888888888 0.008884803921568627
1 0.9593545751633987 0.7962622549019608 0.023284313725490197 0.014705882352941176
1 0.19975490196078433 0.6904105392156863 0.013888888888888888 0.008272058823529412
1 0.5371732026143791 0.7705269607843137 0.016339869281045753 0.010416666666666666
1 0.15999795751633988 0.6830575980392157 0.01607434640522876 0.010723039215686275
1 0.40808823529411764 0.7469362745098039 0.016339869281045753 0.011642156862745098
1 0.8852124183006536 0.6639093137254902 0.014705882352941176 0.00980392156862745
1 0.829718137254902 0.6870496323529413 0.018096405228758168 0.00951593137254902
1 0.07787990196078431 0.6710554534313725 0.0127859477124183 0.008777573529411765
1 0.7460600490196079 0.6817876838235294 0.015812908496732028 0.01185968137254902
1 0.8293198529411765 0.6757858455882353 0.013214869281045752 0.008434436274509804
1 0.005923202614379085 0.6904105392156863 0.01184640522875817 0.011948529411764705
1 0.5065359477124183 0.7271752450980392 0.01715686274509804 0.011948529411764705
1 0.7822712418300654 0.7115502450980392 0.014705882352941176 0.010723039215686275
1 0.7378063725490196 0.7324555759803922 0.018096405228758168 0.013318014705882352
1 0.7540849673202614 0.7432598039215687 0.014705882352941176 0.011029411764705883
1 0.17320261437908496 0.7029718137254902 0.013888888888888888 0.008884803921568627
1 0.3819444444444444 0.8495710784313726 0.021241830065359478 0.015318627450980392
1 0.25980392156862747 0.6861213235294118 0.013888888888888888 0.008884803921568627
1 0.3190359477124183 0.7503063725490197 0.0196078431372549 0.012254901960784314
1 0.5745506535947712 0.7458639705882353 0.014297385620915032 0.01133578431372549
1 0.2651143790849673 0.7463235294117647 0.017973856209150325 0.011642156862745098
1 0.2647058823529412 0.6946997549019608 0.013888888888888888 0.009497549019607842
1 0.2201797385620915 0.8196997549019608 0.02696078431372549 0.016237745098039217
1 0.8075980392156863 0.6839767156862745 0.015522875816993464 0.009497549019607842
1 0.8349673202614379 0.6703523284313726 0.015522875816993464 0.010435049019607843
1 0.4227941176470588 0.7542892156862745 0.02042483660130719 0.014093137254901961
1 0.08598856209150327 0.6954656862745098 0.015931372549019607 0.00980392156862745
1 0.8394607843137255 0.7213541666666666 0.017973856209150325 0.011948529411764705
1 0.19056372549019607 0.8105085784313726 0.024918300653594773 0.016237745098039217
1 0.12479575163398693 0.7421875 0.020016339869281044 0.012561274509803922
1 0.01491013071895425 0.7671568627450981 0.016748366013071895 0.012867647058823529
1 0.007761437908496732 0.7434129901960784 0.014705882352941176 0.011948529411764705
1 0.22201797385620914 0.6848958333333334 0.014297385620915032 0.01011029411764706
1 0.1517565359477124 0.7840073529411765 0.02246732026143791 0.015318627450980392
1 0.8596813725490197 0.6815257352941176 0.015931372549019607 0.01133578431372549
1 0.2757352941176471 0.7354473039215687 0.018790849673202614 0.012561274509803922
1 0.6002859477124183 0.7357536764705882 0.017565359477124183 0.012561274509803922
1 0.9871323529411765 0.7121629901960784 0.020833333333333332 0.013174019607843137
1 0.2806372549019608 0.8512561274509803 0.02287581699346405 0.016237745098039217
1 0.49693627450980393 0.757046568627451 0.020016339869281044 0.014093137254901961
1 0.9093137254901961 0.7274816176470589 0.017973856209150325 0.013174019607843137
1 0.2354983660130719 0.6793811274509803 0.013480392156862746 0.009497549019607842
1 0.31352124183006536 0.7650122549019608 0.02165032679738562 0.015318627450980392
1 0.28594771241830064 0.8059129901960784 0.025326797385620915 0.018688725490196078
1 0.7794117647058824 0.7346813725490197 0.017973856209150325 0.013480392156862746
1 0.06924019607843138 0.805453431372549 0.024101307189542485 0.016544117647058824
1 0.2704248366013072 0.9064031862745098 0.02696078431372549 0.018688725490196078
1 0.22406045751633988 0.8604473039215687 0.023284313725490197 0.01685049019607843
1 0.2238562091503268 0.7731311274509803 0.02287581699346405 0.01685049019607843
1 0.2595996732026144 0.8534007352941176 0.02165032679738562 0.01685049019607843
1 0.17037581699346405 0.6845266544117647 0.013954248366013071 0.009371936274509805
1 0.13052287581699346 0.7467202818627451 0.013496732026143791 0.009371936274509805
