1 0.3570261437908497 0.6875 0.013888888888888888 0.009191176470588236
1 0.5332924836601307 0.6770833333333334 0.014297385620915032 0.00980392156862745
1 0.6505065359477125 0.758062193627451 0.01261437908496732 0.009996936274509805
1 0.37336601307189543 0.678921568627451 0.015522875816993464 0.009191176470588236
1 0.7673611111111112 0.7026654411764706 0.015931372549019607 0.010723039215686275
1 0.5837418300653595 0.6931678921568627 0.013071895424836602 0.008884803921568627
1 0.9007352941176471 0.7676164215686274 0.018790849673202614 0.013174019607843137
1 0.6068218954248366 0.8316482843137255 0.01838235294117647 0.01133578431372549
1 0.6130759803921568 0.6861014093137254 0.017001633986928104 0.010683210784313725
1 0.7399918300653595 0.6873468137254902 0.015931372549019607 0.010723039215686275
1 0.7830882352941176 0.8731617647058824 0.01715686274509804 0.012254901960784314
1 0.5751633986928104 0.8563112745098039 0.017973856209150325 0.012254901960784314
1 0.6670751633986928 0.6649816176470589 0.013888888888888888 0.009497549019607842
1 0.9728349673202614 0.8377757352941176 0.020833333333333332 0.016237745098039217
1 0.8024918300653595 0.8460477941176471 0.01838235294117647 0.011948529411764705
1 0.8629493464052288 0.9189644607843137 0.020833333333333332 0.016237745098039217
1 0.6368464052287581 0.6734068627450981 0.015522875816993464 0.00980392156862745
1 0.9001225490196079 0.8059129901960784 0.020016339869281044 0.012561274509803922
1 0.37806372549019607 0.6940870098039216 0.013480392156862746 0.008884803921568627
1 0.5953839869281046 0.7657781862745098 0.01511437908496732 0.011948529411764705
1 0.37540849673202614 0.9007352941176471 0.022058823529411766 0.015318627450980392
1 0.7839052287581699 0.8016237745098039 0.021241830065359478 0.013786764705882353
1 0.9714052287581699 0.9004289215686274 0.026143790849673203 0.016544117647058824
1 0.8946589052287581 0.7141544117647058 0.01889297385620915 0.011029411764705883
1 0.8447712418300654 0.9168198529411765 0.02287581699346405 0.015625
1 0.46691176470588236 0.7113970588235294 0.016339869281045753 0.011029411764705883
1 0.6558415032679739 0.7371323529411765 0.017565359477124183 0.011029411764705883
1 0.6207107843137255 0.8431372549019608 0.020016339869281044 0.014093137254901961
1 0.6513480392156863 0.7279411764705882 0.016748366013071895 0.011642156862745098
1 0.6199448529411765 0.6690410539215687 0.011948529411764705 0.008425245098039215
1 0.9250408496732027 0.8958333333333334 0.02165032679738562 0.014705882352941176
1 0.9160539215686274 0.8144914215686274 0.024918300653594773 0.015012254901960785
1 0.46425653594771243 0.6790747549019608 0.014297385620915032 0.01011029411764706
1 0.9848856209150327 0.8858762254901961 0.024509803921568627 0.017463235294117647
1 0.6864787581699346 0.7323835784313726 0.01511437908496732 0.01011029411764706
1 0.5953839869281046 0.9051776960784313 0.020016339869281044 0.015012254901960785
1 0.6793300653594772 0.8728553921568627 0.0196078431372549 0.013480392156862746
1 0.5774101307189542 0.6585477941176471 0.01511437908496732 0.01011029411764706
1 0.7373366013071896 0.8448223039215687 0.02369281045751634 0.015625
1 0.6568627450980392 0.6579350490196079 0.015522875816993464 0.01133578431372549
1 0.9926470588235294 0.9189644607843137 0.014705882352941176 0.018688725490196078
1 0.7753267973856209 0.7210477941176471 0.017973856209150325 0.012561274509803922
1 0.6045751633986928 0.6865808823529411 0.015522875816993464 0.010416666666666666
1 0.5524918300653595 0.6850490196078431 0.014297385620915032 0.010416666666666666
1 0.4332107843137255 0.7409620098039216 0.01511437908496732 0.01133578431372549
1 0.6166258169934641 0.7112438725490197 0.016748366013071895 0.011948529411764705
1 0.9865196078431373 0.8120404411764706 0.024509803921568627 0.018688725490196078
1 0.7005718954248366 0.8638174019607843 0.0196078431372549 0.014399509803921568
1 0.6576797385620915 0.8086703431372549 0.0196078431372549 0.014399509803921568
1 0.8204656862745098 0.821078431372549 0.024918300653594773 0.01715686274509804
1 0.5196078431372549 0.7965686274509803 0.017973856209150325 0.012867647058823529
1 0.3114031862745098 0.7038710171568627 0.019865196078431374 0.013746936274509803
1 0.2526552287581699 0.7086397058823529 0.01838235294117647 0.014093137254901961
1 0.32516339869281047 0.7254901960784313 0.022058823529411766 0.015318627450980392
1 0.26409313725490197 0.8097426470588235 0.023284313725490197 0.015931372549019607
1 0.9638480392156863 0.946078431372549 0.025735294117647058 0.016544117647058824
1 0.8803104575163399 0.9134497549019608 0.025326797385620915 0.01991421568627451
1 0.6149918300653595 0.8573835784313726 0.023284313725490197 0.018075980392156864
1 0.8966503267973857 0.9010416666666666 0.02369281045751634 0.01715686274509804
1 0.7751225490196079 0.8946078431372549 0.02246732026143791 0.01715686274509804
1 0.9603758169934641 0.7993259803921569 0.02287581699346405 0.015931372549019607
1 0.39767156862745096 0.7470894607843137 0.01919934640522876 0.013786764705882353
1 0.5625 0.8062193627450981 0.018790849673202614 0.013786764705882353
1 0.46200980392156865 0.8146446078431373 0.022058823529411766 0.015931372549019607
1 0.7461192810457516 0.8572303921568627 0.024101307189542485 0.017769607843137254
1 0.9771241830065359 0.9646139705882353 0.031862745098039214 0.021752450980392156
1 0.8031045751633987 0.874234068627451 0.02369281045751634 0.016237745098039217
1 0.47549019607843135 0.8411458333333334 0.028594771241830064 0.023590686274509803
1 0.7860212418300654 0.7187882965686274 0.018937908496732027 0.011106004901960785
1 0.6172426470588235 0.6557904411764706 0.011446078431372549 0.007659313725490196
1 0.6386601307189542 0.6529564950980392 0.010163398692810457 0.006893382352941176
1 0.9870118464052288 0.9104825367647059 0.024677287581699344 0.017043504901960785
1 0.803531454248366 0.7233455882352942 0.020461601307189544 0.012254901960784314
1 0.5912663398692811 0.6860646446078431 0.015866013071895425 0.009384191176470588
