1 0.5765931372549019 0.6577818627450981 0.014297385620915032 0.010416666666666666
1 0.0053104575163398695 0.6651348039215687 0.010620915032679739 0.009191176470588236
1 0.5578022875816994 0.6832107843137255 0.012663398692810458 0.011642156862745098
1 0.4229983660130719 0.6850490196078431 0.013480392156862746 0.010416666666666666
1 0.7138480392156863 0.7392769607843137 0.03308823529411765 0.023284313725490197
1 0.43647875816993464 0.7449448529411765 0.017565359477124183 0.012561274509803922
1 0.47732843137254904 0.7640931372549019 0.01838235294117647 0.012254901960784314
1 0.1736111111111111 0.7700674019607843 0.022058823529411766 0.01133578431372549
1 0.4540441176470588 0.7809436274509803 0.020016339869281044 0.016544117647058824
1 0.37173202614379086 0.7939644607843137 0.01715686274509804 0.013786764705882353
1 0.46200980392156865 0.8152573529411765 0.018790849673202614 0.012867647058823529
1 0.46425653594771243 0.8468137254901961 0.027369281045751634 0.020833333333333332
1 0.31270424836601307 0.8587622549019608 0.023284313725490197 0.012254901960784314
