1 0.39072712418300654 0.4221813725490196 0.01184640522875817 0.007965686274509803
1 0.9540441176470589 0.6525735294117647 0.024918300653594773 0.015318627450980392
1 0.3379636437908497 0.4849877450980392 0.01579656862745098 0.010416666666666666
1 0.18266748366013072 0.40834405637254906 0.011576797385620915 0.007864583333333335
1 0.006331699346405229 0.5151654411764706 0.012663398692810458 0.01685049019607843
1 0.4571078431372549 0.8449754901960784 0.02369281045751634 0.016544117647058824
1 0.22977941176470587 0.41881127450980393 0.01184640522875817 0.009191176470588236
1 0.33619281045751637 0.45909926470588236 0.026143790849673203 0.018075980392156864
1 0.1527777777777778 0.43075980392156865 0.01715686274509804 0.011029411764705883
1 0.23781249999999998 0.4699754901960784 0.014840686274509803 0.00980392156862745
1 0.004901960784313725 0.5592830882352942 0.00980392156862745 0.02420343137254902
1 0.010620915032679739 0.5292585784313726 0.0196078431372549 0.014399509803921568
1 0.06787785947712419 0.556781556372549 0.024644607843137253 0.01674938725490196
1 0.45241013071895425 0.7084865196078431 0.028186274509803922 0.020526960784313725
1 0.12602124183006536 0.47518382352941174 0.026552287581699346 0.017769607843137254
1 0.4050919117647059 0.5499387254901961 0.029138071895424836 0.02144607843137255
1 0.3002450980392157 0.5076593137254902 0.03022875816993464 0.02144607843137255
1 0.2318218954248366 0.5772564338235294 0.03227124183006536 0.024610906862745096
1 0.5304330065359477 0.71875 0.0298202614379085 0.0196078431372549
1 0.19037581699346406 0.40849724264705883 0.01065359477124183 0.008783700980392157
1 0.23758578431372548 0.4156449142156863 0.011936274509803921 0.007760416666666666
