1 0.12316176470588236 0.8278186274509803 0.020016339869281044 0.014093137254901961
1 0.1889297385620915 0.7985600490196079 0.017565359477124183 0.01133578431372549
1 0.18627450980392157 0.8219975490196079 0.01715686274509804 0.013480392156862746
1 0.40908496732026145 0.6868305759803922 0.01669934640522876 0.011528799019607844
1 0.7120098039215687 0.8330269607843137 0.0196078431372549 0.014093137254901961
1 0.05024509803921569 0.7490808823529411 0.022058823529411766 0.013480392156862746
1 0.265625 0.9080882352941176 0.018995098039215685 0.012867647058823529
1 0.10620915032679738 0.9033394607843137 0.02287581699346405 0.014399509803921568
1 0.2275326797385621 0.7918198529411765 0.01715686274509804 0.013174019607843137
1 0.3613153594771242 0.7334558823529411 0.014297385620915032 0.012254901960784314
1 0.36008986928104575 0.7012867647058824 0.014297385620915032 0.010416666666666666
1 0.3403799019607843 0.6953308823529412 0.018995098039215685 0.012598039215686275
1 0.3590686274509804 0.8849571078431373 0.01715686274509804 0.012561274509803922
1 0.25033292483660136 0.9048529411764706 0.018639705882352944 0.013137254901960785
1 0.15359477124183007 0.7235952818627451 0.0196078431372549 0.012754289215686275
1 0.590890522875817 0.7518382352941176 0.017565359477124183 0.011642156862745098
1 0.34906045751633985 0.7855392156862745 0.016748366013071895 0.011029411764705883
1 0.3552389705882353 0.9050444240196078 0.021752450980392156 0.015358455882352942
1 0.5943627450980392 0.7394301470588235 0.0196078431372549 0.01133578431372549
1 0.3827614379084967 0.8244485294117647 0.0196078431372549 0.013480392156862746
1 0.05249183006535948 0.7774203431372549 0.016748366013071895 0.012561274509803922
1 0.34763071895424835 0.735140931372549 0.01715686274509804 0.012561274509803922
1 0.3952205882352941 0.7135416666666666 0.016748366013071895 0.011029411764705883
1 0.5990604575163399 0.702359068627451 0.020016339869281044 0.012561274509803922
1 0.3298611111111111 0.9028799019607843 0.023284313725490197 0.015931372549019607
1 0.2252859477124183 0.9067095588235294 0.024918300653594773 0.015625
1 0.30657679738562094 0.8547794117647058 0.01838235294117647 0.012254901960784314
1 0.3073937908496732 0.8331801470588235 0.02246732026143791 0.015012254901960785
1 0.14154411764705882 0.8962928921568627 0.02165032679738562 0.016237745098039217
1 0.4789624183006536 0.7795649509803921 0.023284313725490197 0.014399509803921568
1 0.39705882352941174 0.8143382352941176 0.018790849673202614 0.012867647058823529
1 0.2252859477124183 0.8218443627450981 0.02165032679738562 0.014399509803921568
1 0.07822712418300654 0.9033394607843137 0.020016339869281044 0.014399509803921568
1 0.34701797385620914 0.8910845588235294 0.01919934640522876 0.013174019607843137
1 0.6188725490196079 0.8036151960784313 0.016339869281045753 0.011642156862745098
1 0.32455065359477125 0.8958333333333334 0.02246732026143791 0.015931372549019607
1 0.34681372549019607 0.8296568627450981 0.01715686274509804 0.012254901960784314
1 0.957312091503268 0.8455882352941176 0.024101307189542485 0.015318627450980392
1 0.6495098039215687 0.7210477941176471 0.02287581699346405 0.013174019607843137
1 0.2875816993464052 0.734375 0.016339869281045753 0.011642156862745098
1 0.17177287581699346 0.865905330882353 0.01919934640522876 0.014286151960784315
1 0.7969771241830066 0.8140318627450981 0.0196078431372549 0.015931372549019607
1 0.42966299019607845 0.7067248774509803 0.013737745098039216 0.008425245098039215
1 0.40461601307189543 0.9002757352941176 0.02246732026143791 0.015625
1 0.5490196078431373 0.7549019607843137 0.018790849673202614 0.012254901960784314
1 0.5810866013071896 0.8189338235294118 0.023284313725490197 0.013480392156862746
1 0.6096303104575164 0.7235186887254902 0.01664624183006536 0.01137561274509804
1 0.4636437908496732 0.7489276960784313 0.01715686274509804 0.011948529411764705
1 0.6877042483660131 0.6968443627450981 0.020016339869281044 0.014399509803921568
1 0.3400735294117647 0.8857230392156863 0.01838235294117647 0.014093137254901961
1 0.1636029411764706 0.7536764705882353 0.01838235294117647 0.013480392156862746
1 0.6813725490196079 0.8037683823529411 0.02287581699346405 0.015012254901960785
1 0.017565359477124183 0.7683823529411765 0.02369281045751634 0.014705882352941176
1 0.35498366013071897 0.8196997549019608 0.022058823529411766 0.014399509803921568
1 0.3053513071895425 0.8270526960784313 0.023284313725490197 0.015012254901960785
1 0.2839052287581699 0.8072916666666666 0.018790849673202614 0.014093137254901961
1 0.30943627450980393 0.8425245098039216 0.020833333333333332 0.014705882352941176
1 0.4736519607843137 0.7568933823529411 0.01838235294117647 0.011948529411764705
1 0.43014705882352944 0.6856617647058824 0.01715686274509804 0.013480392156862746
1 0.954248366013072 0.8969056372549019 0.021241830065359478 0.016237745098039217
1 0.2935049019607843 0.9103860294117647 0.02246732026143791 0.015625
1 0.3249591503267974 0.8275122549019608 0.017565359477124183 0.012867647058823529
1 0.1977124183006536 0.8875612745098039 0.021241830065359478 0.015318627450980392
1 0.1830065359477124 0.8970588235294118 0.026143790849673203 0.01838235294117647
1 0.5943627450980392 0.9126838235294118 0.024509803921568627 0.01838235294117647
1 0.6868872549019608 0.7411151960784313 0.02165032679738562 0.014705882352941176
1 0.2806372549019608 0.8907781862745098 0.021241830065359478 0.015625
1 0.17769607843137256 0.6956188725490197 0.024509803921568627 0.016237745098039217
1 0.14072712418300654 0.8249080882352942 0.01919934640522876 0.015012254901960785
1 0.11540032679738563 0.8825061274509803 0.020016339869281044 0.016237745098039217
1 0.0676062091503268 0.8327205882352942 0.024101307189542485 0.01715686274509804
1 0.9401552287581699 0.8867953431372549 0.026552287581699346 0.017463235294117647
1 0.31924019607843135 0.9920343137254902 0.02900326797385621 0.015931372549019607
1 0.7124183006535948 0.7984068627450981 0.02042483660130719 0.014705882352941176
1 0.12622549019607843 0.8151041666666666 0.02042483660130719 0.014399509803921568
1 0.32373366013071897 0.8529411764705882 0.02246732026143791 0.014705882352941176
1 0.9360702614379085 0.9042585784313726 0.026552287581699346 0.018688725490196078
1 0.5279820261437909 0.7887561274509803 0.020833333333333332 0.015012254901960785
1 0.7081290849673203 0.7389705882352942 0.02246732026143791 0.015318627450980392
1 0.5507557189542484 0.673828125 0.0181781045751634 0.01371017156862745
1 0.7769607843137255 0.8207720588235294 0.022058823529411766 0.015318627450980392
1 0.8178104575163399 0.8253676470588235 0.022058823529411766 0.01715686274509804
1 0.7003676470588235 0.8397671568627451 0.023284313725490197 0.01715686274509804
1 0.2406045751633987 0.7895220588235294 0.021241830065359478 0.016544117647058824
1 0.5788398692810458 0.9050245098039216 0.026143790849673203 0.018995098039215685
1 0.02389705882352941 0.742953431372549 0.03227124183006536 0.025122549019607844
1 0.7691993464052288 0.8059129901960784 0.02287581699346405 0.01685049019607843
1 0.7299836601307189 0.84375 0.027777777777777776 0.02022058823529412
1 0.9869281045751634 0.9803921568627451 0.026143790849673203 0.02696078431372549
1 0.5267565359477124 0.8261335784313726 0.024918300653594773 0.01991421568627451
1 0.2518096405228758 0.6035355392156863 0.014240196078431373 0.009767156862745098
1 0.33614787581699346 0.6601761642156863 0.014616013071895426 0.010916053921568629
1 0.4278737745098039 0.7029335171568627 0.014244281045751633 0.008808210784313725
1 0.3014910130718954 0.8979396446078431 0.016380718954248367 0.013403799019607842
1 0.2794669117647059 0.9019806985294118 0.022169117647058825 0.014745710784313725
1 0.41659109477124184 0.6389782475490197 0.009652777777777777 0.006510416666666667
1 0.47160334967320255 0.6659007352941176 0.01346813725490196 0.010723039215686275
1 0.451875 0.6709375 0.014861111111111111 0.009767156862745098
