1 0.747140522875817 0.805453431372549 0.021241830065359478 0.012254901960784314
1 0.08026960784313726 0.6982230392156863 0.014297385620915032 0.009191176470588236
1 0.5976307189542484 0.7504595588235294 0.016339869281045753 0.012561274509803922
1 0.0951797385620915 0.7063419117647058 0.01715686274509804 0.01011029411764706
1 0.03553921568627451 0.7693014705882353 0.015522875816993464 0.010416666666666666
1 0.022263071895424837 0.7691482843137255 0.014297385620915032 0.01011029411764706
1 0.23100490196078433 0.7104779411764706 0.012663398692810458 0.00980392156862745
1 0.22365196078431374 0.7869178921568627 0.015931372549019607 0.010723039215686275
1 0.2800245098039216 0.6735600490196079 0.016748366013071895 0.01133578431372549
1 0.22508169934640523 0.6875 0.0196078431372549 0.014705882352941176
1 0.06290849673202614 0.7447916666666666 0.016339869281045753 0.011029411764705883
1 0.06658496732026144 0.7328431372549019 0.014705882352941176 0.00980392156862745
1 0.3792892156862745 0.8624387254901961 0.020833333333333332 0.015931372549019607
1 0.28288398692810457 0.7331495098039216 0.01919934640522876 0.014093137254901961
1 0.06597222222222222 0.7715992647058824 0.020016339869281044 0.013786764705882353
1 0.2526552287581699 0.7647058823529411 0.020016339869281044 0.014705882352941176
1 0.3145424836601307 0.875 0.026143790849673203 0.018995098039215685
1 0.3125 0.8137254901960784 0.02287581699346405 0.016544117647058824
1 0.21834150326797386 0.7440257352941176 0.017565359477124183 0.013174019607843137
