1 0.12397875816993464 0.7052696078431373 0.015931372549019607 0.00980392156862745
1 0.13133169934640523 0.6444546568627451 0.013480392156862746 0.008272058823529412
1 0.022058823529411766 0.899203431372549 0.02287581699346405 0.015931372549019607
1 0.1613562091503268 0.6453737745098039 0.013071895424836602 0.008884803921568627
1 0.1431781045751634 0.6446078431372549 0.013480392156862746 0.00857843137254902
1 0.9620098039215687 0.6527267156862745 0.016339869281045753 0.01011029411764706
1 0.09987745098039216 0.6499693627450981 0.013480392156862746 0.008884803921568627
1 0.12520424836601307 0.6772365196078431 0.01511437908496732 0.01011029411764706
1 0.09170751633986927 0.6651348039215687 0.012663398692810458 0.00857843137254902
1 0.10600490196078431 0.6678921568627451 0.014297385620915032 0.009191176470588236
1 0.08047385620915033 0.703890931372549 0.015522875816993464 0.010723039215686275
1 0.0559640522875817 0.6587009803921569 0.014705882352941176 0.00980392156862745
1 0.18974673202614378 0.7699142156862745 0.01838235294117647 0.013480392156862746
1 0.0676062091503268 0.6525735294117647 0.013480392156862746 0.009191176470588236
1 0.1301062091503268 0.7558210784313726 0.020016339869281044 0.013480392156862746
1 0.08231209150326797 0.6875 0.015931372549019607 0.011642156862745098
1 0.9309640522875817 0.6963848039215687 0.017973856209150325 0.012254901960784314
1 0.9603758169934641 0.6626838235294118 0.01715686274509804 0.011642156862745098
1 0.8907271241830066 0.7380514705882353 0.02246732026143791 0.012867647058823529
1 0.08537581699346405 0.7889093137254902 0.02287581699346405 0.016544117647058824
