1 0.795547385620915 0.6478247549019608 0.024101307189542485 0.017463235294117647
1 0.7757352941176471 0.6501225490196079 0.021241830065359478 0.017769607843137254
1 0.7659313725490197 0.6896446078431373 0.02696078431372549 0.0196078431372549
1 0.8004493464052288 0.6940870098039216 0.039624183006535946 0.02420343137254902
1 0.0755718954248366 0.6986825980392157 0.014705882352941176 0.008884803921568627
1 0.06147875816993464 0.7057291666666666 0.01838235294117647 0.012561274509803922
1 0.05555555555555555 0.7504595588235294 0.031862745098039214 0.022365196078431373
1 0.7708333333333334 0.7604166666666666 0.016339869281045753 0.014705882352941176
1 0.14665032679738563 0.7717524509803921 0.03104575163398693 0.01838235294117647
1 0.7896241830065359 0.7872242647058824 0.042483660130718956 0.0272671568627451
1 0.05943627450980392 0.7886029411764706 0.042075163398692814 0.016544117647058824
1 0.6174428104575164 0.7902879901960784 0.03308823529411765 0.021752450980392156
1 0.7175245098039216 0.8057598039215687 0.054330065359477125 0.03431372549019608
1 0.8982843137254902 0.8111213235294118 0.04738562091503268 0.030943627450980393
1 0.4187091503267974 0.8246017156862745 0.03758169934640523 0.021752450980392156
1 0.6145833333333334 0.8808210784313726 0.03880718954248366 0.018995098039215685
1 0.1329656862745098 0.8982843137254902 0.024918300653594773 0.0196078431372549
1 0.006535947712418301 0.7527573529411765 0.013071895424836602 0.016544117647058824
1 0.004493464052287581 0.6878063725490197 0.008986928104575163 0.012867647058823529
