1 0.38909313725490197 0.7466299019607843 0.01919934640522876 0.013480392156862746
1 0.7671568627450981 0.8002450980392157 0.016339869281045753 0.010416666666666666
1 0.6441993464052288 0.8079044117647058 0.02042483660130719 0.015318627450980392
1 0.8439542483660131 0.8190870098039216 0.026143790849673203 0.018075980392156864
1 0.829248366013072 0.8587622549019608 0.013888888888888888 0.012254901960784314
1 0.8641748366013072 0.8607536764705882 0.020833333333333332 0.021752450980392156
1 0.37540849673202614 0.8708639705882353 0.03022875816993464 0.02297794117647059
1 0.23039215686274508 0.8800551470588235 0.03022875816993464 0.01991421568627451
1 0.7308006535947712 0.9100796568627451 0.026143790849673203 0.014399509803921568
1 0.8237336601307189 0.9237132352941176 0.01838235294117647 0.02389705882352941
1 0.7514297385620915 0.9350490196078431 0.026552287581699346 0.014705882352941176
1 0.4910130718954248 0.9494485294117647 0.029411764705882353 0.022058823529411766
1 0.8186274509803921 0.9715073529411765 0.0196078431372549 0.010416666666666666
