1 0.32625 0.6363848039215686 0.012794117647058824 0.008063725490196079
1 0.1854575163398693 0.6989889705882353 0.014705882352941176 0.010723039215686275
1 0.5919117647058824 0.8344056372549019 0.014705882352941176 0.010723039215686275
1 0.8980800653594772 0.7012867647058824 0.014297385620915032 0.00980392156862745
1 0.8742585784313726 0.6587576593137254 0.012406045751633987 0.007466299019607843
1 0.5906862745098039 0.7372855392156863 0.016339869281045753 0.01133578431372549
1 0.19197303921568626 0.6304656862745098 0.014665032679738562 0.009705882352941177
1 0.4477124183006536 0.7665441176470589 0.015522875816993464 0.011029411764705883
1 0.8341830065359477 0.7363664215686274 0.013954248366013071 0.01011029411764706
1 0.5292075163398693 0.7015931372549019 0.013480392156862746 0.009191176470588236
1 0.9771241830065359 0.7297794117647058 0.016339869281045753 0.011029411764705883
1 0.5173611111111112 0.7631740196078431 0.017565359477124183 0.012254901960784314
1 0.9320281862745098 0.6431893382352941 0.01193218954248366 0.007579656862745097
1 0.15502450980392157 0.7156862745098039 0.017565359477124183 0.011029411764705883
1 0.068218954248366 0.9077818627450981 0.026143790849673203 0.018995098039215685
1 0.463031045751634 0.8033088235294118 0.014297385620915032 0.011029411764705883
1 0.8492647058823529 0.7368259803921569 0.017973856209150325 0.012254901960784314
1 0.6380718954248366 0.7987132352941176 0.0196078431372549 0.012254901960784314
1 0.6542075163398693 0.7954963235294118 0.016748366013071895 0.012561274509803922
1 0.49530228758169936 0.7545955882352942 0.016748366013071895 0.011642156862745098
1 0.7738970588235294 0.8509497549019608 0.017565359477124183 0.011948529411764705
1 0.6554330065359477 0.7657781862745098 0.017565359477124183 0.012561274509803922
1 0.49080882352941174 0.8016237745098039 0.01838235294117647 0.013174019607843137
1 0.6043709150326797 0.7772671568627451 0.016748366013071895 0.011642156862745098
1 0.377859477124183 0.7208946078431373 0.0196078431372549 0.013480392156862746
1 0.7723611111111112 0.7414935661764707 0.01449346405228758 0.010560661764705883
1 0.5173611111111112 0.7954963235294118 0.01919934640522876 0.014399509803921568
1 0.6891339869281046 0.7993259803921569 0.0196078431372549 0.014093137254901961
1 0.806781045751634 0.7378982843137255 0.018790849673202614 0.013174019607843137
1 0.7111928104575164 0.8013174019607843 0.017973856209150325 0.013174019607843137
1 0.9599673202614379 0.8558517156862745 0.02369281045751634 0.01685049019607843
1 0.7763480392156863 0.7375995710784314 0.016748366013071895 0.0125765931372549
