1 0.3598856209150327 0.6576286764705882 0.016339869281045753 0.013174019607843137
1 0.2375408496732026 0.6813725490196079 0.023284313725490197 0.015318627450980392
1 0.3570261437908497 0.8187806372549019 0.017973856209150325 0.013786764705882353
1 0.6345669934640523 0.7742616421568628 0.023218954248366015 0.014822303921568629
1 0.4227941176470588 0.7106311274509803 0.02369281045751634 0.01685049019607843
1 0.8047385620915033 0.6776960784313726 0.022058823529411766 0.014705882352941176
1 0.6845772058823529 0.6889016544117647 0.021115196078431372 0.015058210784313726
1 0.36499183006535946 0.6974571078431373 0.02246732026143791 0.015012254901960785
1 0.5367647058823529 0.8267463235294118 0.02287581699346405 0.01685049019607843
1 0.6133578431372549 0.7411151960784313 0.01919934640522876 0.016544117647058824
1 0.29697712418300654 0.6914828431372549 0.018790849673202614 0.014705882352941176
1 0.5565767973856209 0.8184742647058824 0.0298202614379085 0.020526960784313725
1 0.31433823529411764 0.7086397058823529 0.030637254901960783 0.018995098039215685
1 0.18218954248366012 0.8298100490196079 0.029411764705882353 0.020526960784313725
1 0.5236928104575164 0.8092830882352942 0.025326797385620915 0.01991421568627451
1 0.988562091503268 0.8668811274509803 0.022058823529411766 0.02542892156862745
1 0.6766748366013072 0.7844669117647058 0.028186274509803922 0.020526960784313725
1 0.7749183006535948 0.8884803921568627 0.029411764705882353 0.024509803921568627
1 0.8950163398692811 0.8480392156862745 0.032679738562091505 0.023284313725490197
1 0.3372140522875817 0.6518658088235294 0.017565359477124183 0.010839460784313725
1 0.5435069444444445 0.812170649509804 0.024105392156862745 0.01956188725490196
1 0.6609946895424836 0.7769607843137255 0.02378676470588235 0.015318627450980392
