1 0.13357843137254902 0.6603860294117647 0.011437908496732025 0.007659313725490196
1 0.2651143790849673 0.7412683823529411 0.013888888888888888 0.01011029411764706
1 0.7563316993464052 0.858609068627451 0.01838235294117647 0.015012254901960785
1 0.08169934640522876 0.6760110294117647 0.012254901960784314 0.007659313725490196
1 0.13882148692810456 0.6565824142156863 0.011303104575163399 0.0061795343137254904
1 0.07632148692810457 0.7774203431372549 0.013754084967320262 0.009497549019607842
1 0.17769607843137256 0.6853553921568627 0.015522875816993464 0.00857843137254902
1 0.9924428104575164 0.6942401960784313 0.012663398692810458 0.00857843137254902
1 0.8382352941176471 0.6966911764705882 0.013071895424836602 0.00857843137254902
1 0.952001633986928 0.7224264705882353 0.015931372549019607 0.010416666666666666
1 0.238562091503268 0.6832107843137255 0.015522875816993464 0.009191176470588236
1 0.11294934640522876 0.6927083333333334 0.01184640522875817 0.007352941176470588
1 0.7269199346405228 0.6856617647058824 0.01919934640522876 0.012254901960784314
1 0.6333741830065359 0.8449754901960784 0.013480392156862746 0.00980392156862745
1 0.10253267973856209 0.6652879901960784 0.012254901960784314 0.007659313725490196
1 0.696078431372549 0.7646553308823529 0.016339869281045753 0.00970281862745098
1 0.06842320261437909 0.7821951593137255 0.016748366013071895 0.009856004901960785
1 0.4948937908496732 0.8034620098039216 0.01511437908496732 0.008884803921568627
1 0.6245915032679739 0.8578431372549019 0.021241830065359478 0.012867647058823529
1 0.15012254901960784 0.6587009803921569 0.01184640522875817 0.007352941176470588
1 0.7965686274509803 0.8734681372549019 0.01715686274509804 0.014093137254901961
1 0.7188521241830066 0.8722166053921568 0.01940359477124183 0.012815563725490196
1 0.3161764705882353 0.8293504901960784 0.0196078431372549 0.011029411764705883
1 0.5953839869281046 0.7524509803921569 0.01511437908496732 0.00980392156862745
1 0.4934640522875817 0.8183210784313726 0.013888888888888888 0.009191176470588236
1 0.670751633986928 0.7778799019607843 0.0196078431372549 0.012867647058823529
1 0.5729166666666666 0.8655024509803921 0.02165032679738562 0.014093137254901961
1 0.4323937908496732 0.7706801470588235 0.012663398692810458 0.009497549019607842
1 0.5218545751633987 0.8705575980392157 0.01511437908496732 0.010723039215686275
1 0.4338235294117647 0.7264093137254902 0.014705882352941176 0.00857843137254902
1 0.35375816993464054 0.8040747549019608 0.016339869281045753 0.01011029411764706
1 0.338031045751634 0.7657781862745098 0.016748366013071895 0.011948529411764705
1 0.10723039215686274 0.6747855392156863 0.01184640522875817 0.007659313725490196
1 0.35866013071895425 0.8348651960784313 0.017973856209150325 0.011642156862745098
1 0.43300653594771243 0.7996323529411765 0.0196078431372549 0.011642156862745098
1 0.44138071895424835 0.8121936274509803 0.01511437908496732 0.00980392156862745
1 0.5377859477124183 0.8946078431372549 0.014297385620915032 0.010416666666666666
1 0.12009803921568628 0.6757046568627451 0.011437908496732025 0.008272058823529412
1 0.9074754901960784 0.6862745098039216 0.015931372549019607 0.010416666666666666
1 0.39419934640522875 0.7738970588235294 0.015522875816993464 0.010416666666666666
1 0.31270424836601307 0.7809436274509803 0.014297385620915032 0.010416666666666666
1 0.8566176470588235 0.8920036764705882 0.02287581699346405 0.014399509803921568
1 0.9109477124183006 0.8209252450980392 0.018790849673202614 0.01133578431372549
1 0.6055964052287581 0.8589154411764706 0.01838235294117647 0.014399509803921568
1 0.16952614379084968 0.6619178921568627 0.013071895424836602 0.008884803921568627
1 0.007148692810457516 0.7325367647058824 0.012663398692810458 0.010416666666666666
1 0.41687091503267976 0.78125 0.01511437908496732 0.010416666666666666
1 0.07516339869281045 0.7173713235294118 0.014705882352941176 0.01011029411764706
1 0.45669934640522875 0.8163296568627451 0.015522875816993464 0.010723039215686275
1 0.5065359477124183 0.764859068627451 0.016339869281045753 0.010723039215686275
1 0.5259395424836601 0.8108149509803921 0.014297385620915032 0.012561274509803922
1 0.23651960784313725 0.9036458333333334 0.018790849673202614 0.01133578431372549
1 0.7140522875816994 0.8342524509803921 0.018790849673202614 0.013480392156862746
1 0.24836601307189543 0.7959558823529411 0.02042483660130719 0.012867647058823529
1 0.3043300653594771 0.7480085784313726 0.014705882352941176 0.010723039215686275
1 0.03329248366013072 0.7362132352941176 0.015931372549019607 0.011029411764705883
1 0.37888071895424835 0.7524509803921569 0.016748366013071895 0.012254901960784314
1 0.5992647058823529 0.8411458333333334 0.018790849673202614 0.013786764705882353
1 0.12459150326797386 0.827359068627451 0.016339869281045753 0.01011029411764706
1 0.18484477124183007 0.8641237745098039 0.017565359477124183 0.013174019607843137
1 0.35641339869281047 0.7693014705882353 0.01838235294117647 0.012254901960784314
1 0.3500816993464052 0.8517156862745098 0.017973856209150325 0.011642156862745098
1 0.09395424836601307 0.9800857843137255 0.024509803921568627 0.014705882352941176
1 0.8933823529411765 0.842984068627451 0.017973856209150325 0.013174019607843137
1 0.27798202614379086 0.8002450980392157 0.015931372549019607 0.011642156862745098
1 0.9397467320261438 0.719515931372549 0.014297385620915032 0.01011029411764706
1 0.13459967320261437 0.8108149509803921 0.015931372549019607 0.010723039215686275
1 0.3016748366013072 0.8111213235294118 0.020833333333333332 0.014399509803921568
1 0.5051062091503268 0.7745098039215687 0.017565359477124183 0.011642156862745098
1 0.5647467320261438 0.9047181372549019 0.016748366013071895 0.012254901960784314
1 0.7299836601307189 0.8606004901960784 0.017973856209150325 0.014093137254901961
1 0.3061683006535948 0.8481924019607843 0.017565359477124183 0.011948529411764705
1 0.3931781045751634 0.8334865196078431 0.015931372549019607 0.012561274509803922
1 0.056372549019607844 0.7431066176470589 0.014705882352941176 0.010723039215686275
1 0.9397467320261438 0.6997549019607843 0.015931372549019607 0.010416666666666666
1 0.5310457516339869 0.8598345588235294 0.016339869281045753 0.01133578431372549
1 0.21486928104575165 0.8685661764705882 0.016339869281045753 0.011642156862745098
1 0.9133986928104575 0.8491115196078431 0.021241830065359478 0.015625
1 0.6086601307189542 0.9008884803921569 0.022058823529411766 0.015012254901960785
1 0.28165849673202614 0.7858455882352942 0.015931372549019607 0.012254901960784314
1 0.6337826797385621 0.8167892156862745 0.01919934640522876 0.013480392156862746
1 0.5494281045751634 0.8535539215686274 0.0196078431372549 0.014705882352941176
1 0.5561683006535948 0.7389705882352942 0.017565359477124183 0.011642156862745098
1 0.5843545751633987 0.7443321078431373 0.01838235294117647 0.012561274509803922
1 0.19648692810457516 0.7529105392156863 0.016339869281045753 0.010723039215686275
1 0.588031045751634 0.9120710784313726 0.017565359477124183 0.011642156862745098
1 0.6687091503267973 0.8137254901960784 0.017973856209150325 0.011642156862745098
1 0.3764297385620915 0.8293504901960784 0.01838235294117647 0.012867647058823529
1 0.3909313725490196 0.8028492647058824 0.02042483660130719 0.014399509803921568
1 0.15625 0.8109681372549019 0.016748366013071895 0.011642156862745098
1 0.13276143790849673 0.7729779411764706 0.015522875816993464 0.011642156862745098
1 0.21548202614379086 0.7712928921568627 0.015931372549019607 0.01133578431372549
1 0.5132761437908496 0.8362438725490197 0.017565359477124183 0.011948529411764705
1 0.230187908496732 0.8287377450980392 0.017565359477124183 0.012254901960784314
1 0.1687091503267974 0.9480698529411765 0.022058823529411766 0.016237745098039217
1 0.858047385620915 0.8647365196078431 0.02165032679738562 0.015012254901960785
1 0.32741013071895425 0.8432904411764706 0.016748366013071895 0.011948529411764705
1 0.309640522875817 0.7276348039215687 0.017973856209150325 0.012867647058823529
1 0.08639705882352941 0.8498774509803921 0.016748366013071895 0.012867647058823529
1 0.2042483660130719 0.8524816176470589 0.0196078431372549 0.013174019607843137
1 0.3547794117647059 0.7936580882352942 0.01919934640522876 0.013174019607843137
1 0.8363970588235294 0.7161458333333334 0.015931372549019607 0.010723039215686275
1 0.2246732026143791 0.8936887254901961 0.018790849673202614 0.014093137254901961
1 0.3278186274509804 0.7925857843137255 0.01838235294117647 0.014705882352941176
1 0.7069035947712419 0.8644301470588235 0.020833333333333332 0.015625
1 0.8727532679738562 0.8711703431372549 0.02165032679738562 0.015625
1 0.24428104575163398 0.8918504901960784 0.02042483660130719 0.014705882352941176
1 0.2632761437908497 0.8946078431372549 0.01838235294117647 0.014093137254901961
1 0.4579248366013072 0.8572303921568627 0.02042483660130719 0.015318627450980392
1 0.5627042483660131 0.9159007352941176 0.020833333333333332 0.013786764705882353
1 0.5751633986928104 0.8512561274509803 0.02042483660130719 0.015012254901960785
1 0.3386437908496732 0.8990502450980392 0.021241830065359478 0.015012254901960785
1 0.5098039215686274 0.8141850490196079 0.0196078431372549 0.013786764705882353
1 0.8286356209150327 0.9013480392156863 0.023284313725490197 0.017769607843137254
1 0.590890522875817 0.8635110294117647 0.020833333333333332 0.015012254901960785
1 0.5898692810457516 0.8155637254901961 0.0196078431372549 0.014093137254901961
1 0.46915849673202614 0.8727022058823529 0.02165032679738562 0.01685049019607843
1 0.4133986928104575 0.8529411764705882 0.022058823529411766 0.015931372549019607
1 0.678921568627451 0.8852634803921569 0.02369281045751634 0.017463235294117647
1 0.20874183006535948 0.9662990196078431 0.025326797385620915 0.01715686274509804
1 0.33925653594771243 0.9497549019607843 0.026552287581699346 0.02144607843137255
