1 0.9859068627450981 0.3671875 0.015931372549019607 0.010723039215686275
1 0.9591503267973857 0.3708639705882353 0.015522875816993464 0.007659313725490196
1 0.9736519607843137 0.37392769607843135 0.01919934640522876 0.008884803921568627
1 0.8676470588235294 0.3834252450980392 0.02042483660130719 0.008884803921568627
1 0.9442401960784313 0.38434436274509803 0.01184640522875817 0.008272058823529412
1 0.8316993464052288 0.38893995098039214 0.02287581699346405 0.01133578431372549
1 0.8786764705882353 0.40487132352941174 0.016339869281045753 0.008272058823529412
1 0.9944852941176471 0.4074754901960784 0.011029411764705883 0.006740196078431373
1 0.9415849673202614 0.40870098039215685 0.013071895424836602 0.007965686274509803
1 0.8488562091503268 0.4102328431372549 0.012254901960784314 0.00857843137254902
1 0.9466911764705882 0.41574754901960786 0.012663398692810458 0.007352941176470588
1 0.9250408496732027 0.41590073529411764 0.01511437908496732 0.0070465686274509805
1 0.21343954248366012 0.41651348039215685 0.010212418300653595 0.0070465686274509805
1 0.8363970588235294 0.4172794117647059 0.016748366013071895 0.007965686274509803
1 0.1454248366013072 0.42018995098039214 0.016339869281045753 0.009497549019607842
1 0.9381127450980392 0.4221813725490196 0.016748366013071895 0.006740196078431373
1 0.00428921568627451 0.4224877450980392 0.00857843137254902 0.012254901960784314
1 0.7167075163398693 0.42371323529411764 0.020016339869281044 0.011642156862745098
1 0.9638480392156863 0.4258578431372549 0.01511437908496732 0.00980392156862745
1 0.6928104575163399 0.4348958333333333 0.01715686274509804 0.011948529411764705
1 0.7577614379084967 0.43704044117647056 0.01715686274509804 0.01133578431372549
1 0.07393790849673203 0.4387254901960784 0.0196078431372549 0.011029411764705883
1 0.006740196078431373 0.44056372549019607 0.013480392156862746 0.013480392156862746
1 0.19240196078431374 0.45894607843137253 0.016339869281045753 0.010416666666666666
1 0.9115604575163399 0.4713541666666667 0.023284313725490197 0.015625
1 0.7792075163398693 0.47349877450980393 0.02246732026143791 0.015625
1 0.8272058823529411 0.4753370098039216 0.02042483660130719 0.015625
1 0.09293300653594772 0.4762561274509804 0.017565359477124183 0.011948529411764705
1 0.05065359477124183 0.5240502450980392 0.026143790849673203 0.01685049019607843
1 0.4068627450980392 0.5332414215686274 0.027777777777777776 0.024816176470588234
1 0.5780228758169934 0.5412071078431373 0.02287581699346405 0.014399509803921568
1 0.9748774509803921 0.5456495098039216 0.025735294117647058 0.020833333333333332
1 0.45608660130718953 0.5974264705882353 0.03880718954248366 0.022058823529411766
1 0.6368464052287581 0.7008272058823529 0.025326797385620915 0.015012254901960785
1 0.03431372549019608 0.75 0.04003267973856209 0.029411764705882353
