1 0.3127205882352941 0.6170925245098039 0.013513071895424836 0.009920343137254903
1 0.35661764705882354 0.7420343137254902 0.022058823529411766 0.014093137254901961
1 0.33169934640522875 0.6423100490196079 0.014705882352941176 0.010723039215686275
1 0.21956699346405228 0.6246936274509803 0.020833333333333332 0.01715686274509804
1 0.9763071895424836 0.616421568627451 0.017973856209150325 0.013480392156862746
1 0.2722630718954248 0.6677389705882353 0.020833333333333332 0.013174019607843137
1 0.06944444444444445 0.8377757352941176 0.031862745098039214 0.023590686274509803
1 0.3249591503267974 0.8125 0.026552287581699346 0.0196078431372549
1 0.088031045751634 0.6479779411764706 0.024101307189542485 0.015931372549019607
1 0.0053104575163398695 0.8584558823529411 0.010620915032679739 0.024509803921568627
1 0.37173202614379086 0.8380821078431373 0.02696078431372549 0.021139705882352942
1 0.3075980392156863 0.7014399509803921 0.03022875816993464 0.023590686274509803
1 0.309640522875817 0.8613664215686274 0.031862745098039214 0.02420343137254902
1 0.5363562091503268 0.8691789215686274 0.03839869281045752 0.030637254901960783
1 0.3462152777777778 0.6337898284313725 0.011875 0.007775735294117647
1 0.32041462418300654 0.6244347426470588 0.014195261437908497 0.00989889705882353
1 0.367406045751634 0.6458563112745097 0.010955882352941176 0.008011642156862744
