1 0.38929738562091504 0.8129595588235294 0.02369281045751634 0.015012254901960785
1 0.0951797385620915 0.7083333333333334 0.016339869281045753 0.00980392156862745
1 0.5343137254901961 0.8500306372549019 0.018790849673202614 0.011948529411764705
1 0.6756535947712419 0.7593443627450981 0.02042483660130719 0.01133578431372549
1 0.5863970588235294 0.8943014705882353 0.015931372549019607 0.012254901960784314
1 0.22426470588235295 0.7657781862745098 0.017973856209150325 0.011948529411764705
1 0.3020833333333333 0.8301164215686274 0.020833333333333332 0.014399509803921568
1 0.2093545751633987 0.9021139705882353 0.01838235294117647 0.01133578431372549
1 0.23590686274509803 0.8215379901960784 0.01919934640522876 0.01133578431372549
1 0.4591503267973856 0.8584558823529411 0.017973856209150325 0.012867647058823529
1 0.4221813725490196 0.8170955882352942 0.01838235294117647 0.012867647058823529
1 0.2332516339869281 0.8314950980392157 0.015522875816993464 0.011029411764705883
1 0.006535947712418301 0.8962928921568627 0.013071895424836602 0.012561274509803922
1 0.4577205882352941 0.7022058823529411 0.017565359477124183 0.00980392156862745
1 0.30718954248366015 0.8386948529411765 0.016339869281045753 0.010723039215686275
1 0.5610702614379085 0.6292892156862745 0.015931372549019607 0.011642156862745098
1 0.7567401960784313 0.8318014705882353 0.015931372549019607 0.010416666666666666
1 0.2616421568627451 0.8641237745098039 0.015931372549019607 0.011948529411764705
1 0.5049019607843137 0.7190563725490197 0.014705882352941176 0.012254901960784314
1 0.03431372549019608 0.7738970588235294 0.016339869281045753 0.009191176470588236
1 0.4309640522875817 0.8460477941176471 0.017973856209150325 0.012561274509803922
1 0.5816993464052288 0.7735906862745098 0.01715686274509804 0.011642156862745098
1 0.5381944444444444 0.7181372549019608 0.013480392156862746 0.011029411764705883
1 0.11540032679738563 0.8964460784313726 0.020833333333333332 0.013480392156862746
1 0.7765522875816994 0.8242953431372549 0.015522875816993464 0.01011029411764706
1 0.23284313725490197 0.7159926470588235 0.0196078431372549 0.011642156862745098
1 0.24897875816993464 0.7146139705882353 0.017565359477124183 0.011948529411764705
1 0.7122140522875817 0.6953125 0.01511437908496732 0.011948529411764705
1 0.8345588235294118 0.9659926470588235 0.022058823529411766 0.016544117647058824
1 0.3292483660130719 0.8244485294117647 0.01715686274509804 0.011029411764705883
1 0.5731209150326797 0.6282169117647058 0.018790849673202614 0.014399509803921568
1 0.3560049019607843 0.8333333333333334 0.01838235294117647 0.012867647058823529
1 0.7741013071895425 0.8111213235294118 0.01715686274509804 0.010723039215686275
1 0.36764705882352944 0.9189644607843137 0.01715686274509804 0.012561274509803922
1 0.22058823529411764 0.9136029411764706 0.0196078431372549 0.011029411764705883
1 0.33088235294117646 0.717984068627451 0.018790849673202614 0.011948529411764705
1 0.4105392156862745 0.8553921568627451 0.018790849673202614 0.012867647058823529
1 0.8122957516339869 0.8330269607843137 0.01511437908496732 0.010416666666666666
1 0.516748366013072 0.8013174019607843 0.015522875816993464 0.01133578431372549
1 0.2702205882352941 0.7020526960784313 0.01511437908496732 0.011948529411764705
1 0.2877859477124183 0.6908700980392157 0.016748366013071895 0.011642156862745098
1 0.797998366013072 0.8590686274509803 0.01511437908496732 0.010416666666666666
1 0.6793300653594772 0.7074142156862745 0.0196078431372549 0.011642156862745098
1 0.7060866013071896 0.7685355392156863 0.01511437908496732 0.01011029411764706
1 0.49264705882352944 0.9958639705882353 0.03104575163398693 0.008272058823529412
1 0.5751633986928104 0.7172181372549019 0.01715686274509804 0.011642156862745098
1 0.7561274509803921 0.8219975490196079 0.016339869281045753 0.010416666666666666
1 0.1527777777777778 0.7761948529411765 0.014705882352941176 0.01011029411764706
1 0.602328431372549 0.6891850490196079 0.017565359477124183 0.01133578431372549
1 0.7879901960784313 0.9163602941176471 0.02287581699346405 0.015318627450980392
1 0.7054738562091504 0.7787990196078431 0.017973856209150325 0.011029411764705883
1 0.1568627450980392 0.8417585784313726 0.016339869281045753 0.010723039215686275
1 0.2034313725490196 0.8109681372549019 0.015522875816993464 0.011029411764705883
1 0.4750816993464052 0.8602941176470589 0.018790849673202614 0.014093137254901961
1 0.21752450980392157 0.821078431372549 0.017565359477124183 0.012254901960784314
1 0.6341911764705882 0.9338235294117647 0.01838235294117647 0.013480392156862746
1 0.6970996732026143 0.9303002450980392 0.024101307189542485 0.015012254901960785
1 0.2534722222222222 0.8255208333333334 0.01919934640522876 0.012561274509803922
1 0.09395424836601307 0.9166666666666666 0.015522875816993464 0.011029411764705883
1 0.3553921568627451 0.9136029411764706 0.015522875816993464 0.011642156862745098
1 0.22977941176470587 0.6876531862745098 0.01511437908496732 0.009497549019607842
1 0.2900326797385621 0.8396139705882353 0.01715686274509804 0.012561274509803922
1 0.6454248366013072 0.7973345588235294 0.017973856209150325 0.012561274509803922
1 0.275531045751634 0.7549019607843137 0.017565359477124183 0.012867647058823529
1 0.2465277777777778 0.8538602941176471 0.016748366013071895 0.011029411764705883
1 0.7444852941176471 0.7876838235294118 0.017565359477124183 0.012867647058823529
1 0.22201797385620914 0.7959558823529411 0.014297385620915032 0.011029411764705883
1 0.7579656862745098 0.8419117647058824 0.01838235294117647 0.012254901960784314
1 0.8319035947712419 0.8356311274509803 0.015931372549019607 0.01133578431372549
1 0.026756535947712417 0.8895526960784313 0.025735294117647058 0.018688725490196078
1 0.20241013071895425 0.9270833333333334 0.026552287581699346 0.01838235294117647
1 0.2455065359477124 0.7477022058823529 0.017973856209150325 0.011948529411764705
1 0.2181372549019608 0.8406862745098039 0.0196078431372549 0.012867647058823529
1 0.5974264705882353 0.6845894607843137 0.01511437908496732 0.01133578431372549
1 0.5386029411764706 0.8390012254901961 0.020833333333333332 0.013786764705882353
1 0.1576797385620915 0.7426470588235294 0.018790849673202614 0.012254901960784314
1 0.2346813725490196 0.8155637254901961 0.01919934640522876 0.012254901960784314
1 0.5036764705882353 0.7041973039215687 0.013888888888888888 0.012561274509803922
1 0.5526960784313726 0.6649816176470589 0.013071895424836602 0.008884803921568627
1 0.20036764705882354 0.7349877450980392 0.015931372549019607 0.011029411764705883
1 0.5649509803921569 0.6755514705882353 0.014705882352941176 0.010416666666666666
1 0.7504084967320261 0.7362132352941176 0.015522875816993464 0.010416666666666666
1 0.9691584967320261 0.8108149509803921 0.024101307189542485 0.014399509803921568
1 0.7040441176470589 0.9828431372549019 0.020016339869281044 0.015931372549019607
1 0.6376633986928104 0.8324142156862745 0.016339869281045753 0.011642156862745098
1 0.7691993464052288 0.7383578431372549 0.017973856209150325 0.00980392156862745
1 0.4912173202614379 0.7063419117647058 0.015931372549019607 0.01133578431372549
1 0.5635212418300654 0.6992953431372549 0.015931372549019607 0.011948529411764705
1 0.10620915032679738 0.8302696078431373 0.018790849673202614 0.012867647058823529
1 0.5290032679738562 0.8717830882352942 0.02042483660130719 0.014399509803921568
1 0.3727532679738562 0.9015012254901961 0.023284313725490197 0.018075980392156864
1 0.1999591503267974 0.7679227941176471 0.01919934640522876 0.011948529411764705
1 0.5130718954248366 0.8439031862745098 0.022058823529411766 0.013174019607843137
1 0.6372549019607843 0.6942401960784313 0.016339869281045753 0.010416666666666666
1 0.061683006535947715 0.6942401960784313 0.017973856209150325 0.012867647058823529
1 0.5796568627450981 0.8229166666666666 0.018790849673202614 0.012867647058823529
1 0.278390522875817 0.8609068627450981 0.017565359477124183 0.014705882352941176
1 0.21170343137254902 0.7087928921568627 0.014093137254901961 0.01011029411764706
1 0.7314133986928104 0.8322610294117647 0.020833333333333332 0.012561274509803922
1 0.7549019607843137 0.9154411764705882 0.0196078431372549 0.016544117647058824
1 0.3014705882352941 0.8247549019607843 0.021241830065359478 0.015318627450980392
1 0.17851307189542484 0.866421568627451 0.022058823529411766 0.015318627450980392
1 0.6887254901960784 0.9419424019607843 0.024509803921568627 0.015625
1 0.6094771241830066 0.8431372549019608 0.018790849673202614 0.014093137254901961
1 0.19240196078431374 0.7069546568627451 0.017973856209150325 0.01133578431372549
1 0.4178921568627451 0.7671568627450981 0.02042483660130719 0.014705882352941176
1 0.9477124183006536 0.7988664215686274 0.022058823529411766 0.013174019607843137
1 0.2354983660130719 0.7025122549019608 0.01838235294117647 0.011642156862745098
1 0.23570261437908496 0.7951899509803921 0.018790849673202614 0.013174019607843137
1 0.9893790849673203 0.8166360294117647 0.018790849673202614 0.015625
1 0.7285539215686274 0.860140931372549 0.023284313725490197 0.014399509803921568
1 0.24816176470588236 0.9920343137254902 0.028186274509803922 0.015318627450980392
1 0.5602532679738562 0.7691482843137255 0.023284313725490197 0.018688725490196078
1 0.4985702614379085 0.9330575980392157 0.02900326797385621 0.01991421568627451
1 0.6258169934640523 0.8218443627450981 0.017973856209150325 0.015012254901960785
1 0.4021650326797386 0.8342524509803921 0.023284313725490197 0.017769607843137254
1 0.7671568627450981 0.7634803921568627 0.0196078431372549 0.014705882352941176
1 0.2312091503267974 0.7440257352941176 0.01715686274509804 0.012561274509803922
1 0.724468954248366 0.9708946078431373 0.02900326797385621 0.02022058823529412
1 0.017973856209150325 0.8422181372549019 0.018790849673202614 0.013480392156862746
1 0.8617238562091504 0.7935049019607843 0.020833333333333332 0.015318627450980392
1 0.24591503267973855 0.7700674019607843 0.01715686274509804 0.012561274509803922
1 0.18709150326797386 0.7382046568627451 0.015522875816993464 0.011948529411764705
1 0.33986928104575165 0.9068627450980392 0.022058823529411766 0.017769607843137254
1 0.17320261437908496 0.7428002450980392 0.017973856209150325 0.011948529411764705
1 0.21160130718954248 0.7133884803921569 0.0196078431372549 0.014399509803921568
1 0.5698529411764706 0.7821691176470589 0.018790849673202614 0.014705882352941176
1 0.6584967320261438 0.9309129901960784 0.021241830065359478 0.017463235294117647
1 0.7912581699346405 0.9698223039215687 0.02696078431372549 0.018688725490196078
1 0.7508169934640523 0.9905024509803921 0.03431372549019608 0.01838235294117647
1 0.41768790849673204 0.8975183823529411 0.028186274509803922 0.020526960784313725
1 0.10723039215686274 0.8123468137254902 0.024101307189542485 0.01685049019607843
1 0.22283496732026145 0.9391850490196079 0.026552287581699346 0.021752450980392156
1 0.6785130718954249 0.9186580882352942 0.02287581699346405 0.018075980392156864
1 0.346609477124183 0.9313725490196079 0.023284313725490197 0.01838235294117647
1 0.5087826797385621 0.9146752450980392 0.0298202614379085 0.022365196078431373
1 0.8410947712418301 0.9526654411764706 0.02696078431372549 0.021139705882352942
