1 0.14072712418300654 0.6879595588235294 0.01184640522875817 0.007659313725490196
1 0.372140522875817 0.6476976102941177 0.012254901960784314 0.008017769607843138
1 0.3886846405228758 0.7547487745098039 0.013480392156862746 0.008884803921568627
1 0.1284722222222222 0.6626838235294118 0.012663398692810458 0.00857843137254902
1 0.12254901960784313 0.6510416666666666 0.013071895424836602 0.007965686274509803
1 0.11887254901960784 0.6321997549019608 0.013071895424836602 0.007659313725490196
1 0.30637254901960786 0.7889093137254902 0.018790849673202614 0.011029411764705883
1 0.17803717320261436 0.7092784926470589 0.01457107843137255 0.009243259803921568
1 0.010008169934640522 0.7385110294117647 0.017565359477124183 0.011948529411764705
1 0.051266339869281044 0.6773897058823529 0.013480392156862746 0.00857843137254902
1 0.3944035947712418 0.8071384803921569 0.017565359477124183 0.014399509803921568
1 0.06985294117647059 0.8330269607843137 0.016339869281045753 0.011642156862745098
1 0.0857843137254902 0.6351102941176471 0.015522875816993464 0.009191176470588236
1 0.3799019607843137 0.7670036764705882 0.018790849673202614 0.011948529411764705
1 0.16891339869281047 0.7028186274509803 0.01511437908496732 0.010416666666666666
1 0.03744485294117647 0.6530070465686274 0.015249183006535947 0.008219975490196077
1 0.338031045751634 0.7893688725490197 0.01838235294117647 0.011948529411764705
1 0.8384395424836601 0.7386642156862745 0.014297385620915032 0.009191176470588236
1 0.5776143790849673 0.7628676470588235 0.014705882352941176 0.010416666666666666
1 0.5473182189542484 0.6997288602941176 0.015388071895424838 0.010364583333333333
1 0.6225490196078431 0.8449754901960784 0.02287581699346405 0.014705882352941176
1 0.4050245098039216 0.7757352941176471 0.014297385620915032 0.010416666666666666
1 0.11294934640522876 0.6758578431372549 0.013480392156862746 0.00857843137254902
1 0.41605392156862747 0.7515318627450981 0.01511437908496732 0.011029411764705883
1 0.3627450980392157 0.7564338235294118 0.015522875816993464 0.010416666666666666
1 0.25939542483660133 0.7581188725490197 0.017973856209150325 0.011948529411764705
1 0.627859477124183 0.7175245098039216 0.013071895424836602 0.009191176470588236
1 0.42606209150326796 0.7613357843137255 0.015522875816993464 0.00980392156862745
1 0.08394607843137254 0.6833639705882353 0.014297385620915032 0.008884803921568627
1 0.5594362745098039 0.8704044117647058 0.020016339869281044 0.014705882352941176
1 0.21486928104575165 0.7421875 0.01715686274509804 0.010723039215686275
1 0.3909313725490196 0.8359375 0.018790849673202614 0.012561274509803922
1 0.6076388888888888 0.7823223039215687 0.023284313725490197 0.014399509803921568
1 0.17422385620915032 0.6522671568627451 0.013480392156862746 0.00980392156862745
1 0.3886846405228758 0.8454350490196079 0.01919934640522876 0.013786764705882353
1 0.465890522875817 0.7637867647058824 0.01838235294117647 0.012867647058823529
1 0.29044117647058826 0.8998161764705882 0.022058823529411766 0.016544117647058824
1 0.409109477124183 0.8075980392156863 0.01919934640522876 0.014705882352941176
1 0.41891339869281047 0.9016544117647058 0.020016339869281044 0.014093137254901961
1 0.693218954248366 0.7535232843137255 0.017973856209150325 0.012561274509803922
1 0.571078431372549 0.7495404411764706 0.0196078431372549 0.01133578431372549
1 0.48590686274509803 0.7659313725490197 0.016748366013071895 0.012867647058823529
1 0.5923202614379085 0.8287377450980392 0.02042483660130719 0.014093137254901961
1 0.1096813725490196 0.7296262254901961 0.020016339869281044 0.012561274509803922
1 0.7146650326797386 0.8187806372549019 0.01919934640522876 0.013786764705882353
1 0.4383169934640523 0.7719056372549019 0.017973856209150325 0.012561274509803922
1 0.8053513071895425 0.7740502450980392 0.016748366013071895 0.012561274509803922
1 0.04044117647058824 0.7198223039215687 0.0196078431372549 0.012561274509803922
1 0.25735294117647056 0.7700674019607843 0.018790849673202614 0.013786764705882353
1 0.6836192810457516 0.7668504901960784 0.017565359477124183 0.012867647058823529
1 0.17544934640522875 0.8607536764705882 0.023284313725490197 0.015625
1 0.8735702614379085 0.8635110294117647 0.02246732026143791 0.01685049019607843
