1 0.8310866013071896 0.7722120098039216 0.017565359477124183 0.01011029411764706
1 0.7504677287581699 0.7831969975490196 0.016458333333333332 0.008795955882352942
1 0.9050245098039216 0.7912071078431373 0.020016339869281044 0.012561274509803922
1 0.2912867647058824 0.8314736519607843 0.021299019607843136 0.015275735294117647
1 0.7763480392156863 0.9221813725490197 0.01919934640522876 0.014705882352941176
1 0.8719362745098039 0.8218443627450981 0.016748366013071895 0.01133578431372549
1 0.1147875816993464 0.7428002450980392 0.015522875816993464 0.010723039215686275
1 0.7549019607843137 0.7732843137254902 0.015522875816993464 0.011029411764705883
1 0.8901143790849673 0.717109375 0.01715686274509804 0.00958639705882353
1 0.6848447712418301 0.7964154411764706 0.02165032679738562 0.016237745098039217
1 0.7922794117647058 0.6848958333333334 0.014297385620915032 0.009497549019607842
1 0.4444444444444444 0.9736519607843137 0.0196078431372549 0.016544117647058824
1 0.20098039215686275 0.6836703431372549 0.013888888888888888 0.008884803921568627
1 0.4311683006535948 0.7432598039215687 0.020833333333333332 0.012867647058823529
1 0.12418300653594772 0.7778799019607843 0.018790849673202614 0.011029411764705883
1 0.016952614379084966 0.8618259803921569 0.026552287581699346 0.018995098039215685
1 0.06270424836601307 0.7133884803921569 0.013480392156862746 0.009497549019607842
1 0.5126633986928104 0.8238357843137255 0.018790849673202614 0.012867647058823529
1 0.858047385620915 0.8514093137254902 0.024918300653594773 0.016544117647058824
1 0.7616421568627451 0.8095894607843137 0.017565359477124183 0.011948529411764705
1 0.4298794934640523 0.9663817401960785 0.02315767973856209 0.018547794117647058
1 0.3137254901960784 0.9088541666666666 0.017973856209150325 0.013786764705882353
1 0.1256127450980392 0.9595588235294118 0.02165032679738562 0.013480392156862746
1 0.0974264705882353 0.7201286764705882 0.017565359477124183 0.012561274509803922
1 0.7203839869281046 0.7931985294117647 0.017565359477124183 0.012867647058823529
1 0.3425245098039216 0.9854473039215687 0.023284313725490197 0.016237745098039217
1 0.8506944444444444 0.8086703431372549 0.01838235294117647 0.011948529411764705
1 0.1940359477124183 0.8978247549019608 0.024509803921568627 0.016237745098039217
1 0.9160539215686274 0.9154411764705882 0.027369281045751634 0.016544117647058824
1 0.24366830065359477 0.8972120098039216 0.02165032679738562 0.014399509803921568
1 0.9364787581699346 0.8333333333333334 0.017565359477124183 0.011029411764705883
1 0.14017156862745098 0.7924111519607843 0.019722222222222224 0.013743872549019608
1 0.9140114379084967 0.8996629901960784 0.02165032679738562 0.015625
1 0.3349673202614379 0.8886335784313726 0.024509803921568627 0.018688725490196078
1 0.18656658496732026 0.8887208946078431 0.0259109477124183 0.018863357843137255
1 0.6011029411764706 0.969515931372549 0.024918300653594773 0.018075980392156864
1 0.15009395424836602 0.7850796568627451 0.01587418300653595 0.01133578431372549
1 0.13156454248366012 0.7997640931372548 0.019665032679738563 0.013131127450980391
1 0.5745506535947712 0.8901654411764706 0.01919934640522876 0.013786764705882353
1 0.2595996732026144 0.9174325980392157 0.023284313725490197 0.018075980392156864
1 0.5855800653594772 0.9568014705882353 0.024101307189542485 0.016544117647058824
1 0.8927696078431373 0.7893688725490197 0.01838235294117647 0.014399509803921568
1 0.3116830065359477 0.813265931372549 0.02287581699346405 0.015625
1 0.20812908496732027 0.8267463235294118 0.01919934640522876 0.013174019607843137
1 0.3014705882352941 0.8402267156862745 0.018790849673202614 0.015012254901960785
1 0.7028186274509803 0.8131127450980392 0.02165032679738562 0.016544117647058824
1 0.37826797385620914 0.8579963235294118 0.02696078431372549 0.017463235294117647
1 0.22794117647058823 0.9385723039215687 0.021241830065359478 0.01685049019607843
1 0.5723039215686274 0.780484068627451 0.0196078431372549 0.015012254901960785
1 0.5561683006535948 0.7789522058823529 0.02165032679738562 0.016237745098039217
1 0.3568218954248366 0.7639399509803921 0.01919934640522876 0.013174019607843137
1 0.6258169934640523 0.8792892156862745 0.026143790849673203 0.018995098039215685
1 0.8249591503267973 0.7945772058823529 0.02246732026143791 0.015012254901960785
1 0.43586601307189543 0.8152573529411765 0.021241830065359478 0.015931372549019607
1 0.7281454248366013 0.9923406862745098 0.028186274509803922 0.014705882352941176
1 0.7790032679738562 0.7818627450980392 0.0196078431372549 0.013480392156862746
1 0.6887254901960784 0.8264399509803921 0.022058823529411766 0.016237745098039217
1 0.41830065359477125 0.8435968137254902 0.024509803921568627 0.018075980392156864
1 0.20955882352941177 0.9177389705882353 0.026143790849673203 0.01991421568627451
1 0.013480392156862746 0.8805147058823529 0.02369281045751634 0.018995098039215685
1 0.5915032679738562 0.8944546568627451 0.02287581699346405 0.016237745098039217
1 0.8331290849673203 0.9564950980392157 0.023284313725490197 0.017769607843137254
1 0.7136437908496732 0.8871017156862745 0.02696078431372549 0.020526960784313725
1 0.15093954248366012 0.84375 0.024101307189542485 0.016544117647058824
1 0.247140522875817 0.8818933823529411 0.02369281045751634 0.019301470588235295
1 0.27062908496732024 0.8808210784313726 0.024101307189542485 0.02022058823529412
1 0.7442320261437909 0.8149295343137254 0.019509803921568626 0.011599264705882352
1 0.7352450980392158 0.8197441789215686 0.019509803921568626 0.012037377450980392
