1 0.8276143790849673 0.6591605392156863 0.011437908496732025 0.0070465686274509805
1 0.6587009803921569 0.8203125 0.015931372549019607 0.01133578431372549
1 0.8029003267973857 0.8465073529411765 0.017565359477124183 0.012254901960784314
1 0.6074346405228758 0.8126531862745098 0.013888888888888888 0.01011029411764706
1 0.0377859477124183 0.7605698529411765 0.012663398692810458 0.008884803921568627
1 0.8404820261437909 0.8206188725490197 0.013480392156862746 0.009497549019607842
1 0.8651960784313726 0.6709558823529411 0.012254901960784314 0.00857843137254902
1 0.5275735294117647 0.6979166666666666 0.01511437908496732 0.011029411764705883
1 0.13174019607843138 0.7142417279411765 0.009395424836601307 0.005689338235294118
1 0.7933006535947712 0.7060355392156863 0.013071895424836602 0.008272058823529412
1 0.7902369281045751 0.71875 0.01184640522875817 0.00857843137254902
1 0.06311274509803921 0.6757046568627451 0.01184640522875817 0.0070465686274509805
1 0.7896241830065359 0.6830575980392157 0.012254901960784314 0.008272058823529412
1 0.125 0.7173713235294118 0.013071895424836602 0.008272058823529412
1 0.1622610294117647 0.6762959558823529 0.01079656862745098 0.007003676470588235
1 0.6546160130718954 0.7668504901960784 0.012663398692810458 0.009191176470588236
1 0.3946078431372549 0.7806372549019608 0.016339869281045753 0.010416666666666666
1 0.5371732026143791 0.7791053921568627 0.017973856209150325 0.011029411764705883
1 0.1983251633986928 0.7604166666666666 0.01184640522875817 0.00857843137254902
1 0.4229983660130719 0.8106617647058824 0.013480392156862746 0.009191176470588236
1 0.08333333333333333 0.6927083333333334 0.011437908496732025 0.007965686274509803
1 0.16850490196078433 0.735032169117647 0.015931372549019607 0.010505514705882353
1 0.8139297385620915 0.7068014705882353 0.011029411764705883 0.00857843137254902
1 0.4050245098039216 0.811734068627451 0.015931372549019607 0.010723039215686275
1 0.8596813725490197 0.7853860294117647 0.01511437908496732 0.010723039215686275
1 0.5747549019607843 0.7732843137254902 0.014705882352941176 0.00980392156862745
1 0.5639297385620915 0.7595634191176471 0.012663398692810458 0.007484681372549019
1 0.7324346405228758 0.7761948529411765 0.01715686274509804 0.012561274509803922
1 0.13786764705882354 0.6887254901960784 0.01184640522875817 0.007352941176470588
1 0.10089869281045752 0.6981786151960785 0.010620915032679739 0.006651348039215687
1 0.10743464052287582 0.6885723039215687 0.011437908496732025 0.007659313725490196
1 0.2777777777777778 0.7305453431372549 0.018790849673202614 0.011948529411764705
1 0.4323937908496732 0.7794117647058824 0.01838235294117647 0.012867647058823529
1 0.8909313725490197 0.8010110294117647 0.01715686274509804 0.01011029411764706
1 0.5870098039215687 0.7918198529411765 0.013071895424836602 0.008884803921568627
1 0.09089052287581699 0.764859068627451 0.014297385620915032 0.01011029411764706
1 0.5265522875816994 0.8328737745098039 0.017973856209150325 0.011948529411764705
1 0.889501633986928 0.7919730392156863 0.01919934640522876 0.012254901960784314
1 0.9501633986928104 0.7775735294117647 0.016339869281045753 0.011642156862745098
1 0.7659313725490197 0.7938112745098039 0.017973856209150325 0.011642156862745098
1 0.16196895424836602 0.7402833946078431 0.015931372549019607 0.011204044117647059
1 0.41768790849673204 0.8187806372549019 0.020016339869281044 0.012561274509803922
1 0.7704248366013072 0.836703431372549 0.0196078431372549 0.014705882352941176
1 0.7238562091503268 0.8141850490196079 0.018790849673202614 0.013786764705882353
1 0.28227124183006536 0.8558517156862745 0.022058823529411766 0.015012254901960785
1 0.0943157679738562 0.6935830269607843 0.010526960784313725 0.007876838235294118
1 0.5672120098039216 0.763984375 0.011058006535947712 0.005909926470588235
