1 0.15706699346405228 0.3489583333333333 0.013480392156862746 0.011029411764705883
1 0.1343954248366013 0.35018382352941174 0.014705882352941176 0.009191176470588236
1 0.1488970588235294 0.3503370098039216 0.011029411764705883 0.009497549019607842
1 0.34967320261437906 0.36565563725490197 0.015522875816993464 0.009497549019607842
1 0.0690359477124183 0.36871936274509803 0.025326797385620915 0.01011029411764706
1 0.7892156862745098 0.37224264705882354 0.012254901960784314 0.009191176470588236
1 0.727328431372549 0.37576593137254904 0.020833333333333332 0.01133578431372549
1 0.8129084967320261 0.38204656862745096 0.021241830065359478 0.00980392156862745
1 0.9532271241830066 0.3840379901960784 0.02165032679738562 0.013174019607843137
1 0.7066993464052288 0.38434436274509803 0.018790849673202614 0.010723039215686275
1 0.8192401960784313 0.39047181372549017 0.01919934640522876 0.012561274509803922
1 0.17116013071895425 0.39200367647058826 0.022058823529411766 0.014399509803921568
1 0.8723447712418301 0.39537377450980393 0.016748366013071895 0.008884803921568627
1 0.7984068627450981 0.4028799019607843 0.030637254901960783 0.022058823529411766
1 0.5659722222222222 0.4039522058823529 0.016748366013071895 0.01011029411764706
1 0.7628676470588235 0.40839460784313725 0.01838235294117647 0.014093137254901961
1 0.6742238562091504 0.41942401960784315 0.020833333333333332 0.00857843137254902
1 0.03104575163398693 0.4215686274509804 0.022058823529411766 0.017769607843137254
1 0.900531045751634 0.43167892156862747 0.014297385620915032 0.007352941176470588
1 0.8535539215686274 0.4319852941176471 0.01919934640522876 0.011642156862745098
1 0.6727941176470589 0.43474264705882354 0.01715686274509804 0.007965686274509803
1 0.28574346405228757 0.43504901960784315 0.02165032679738562 0.015318627450980392
1 0.7136437908496732 0.4362745098039216 0.02696078431372549 0.015931372549019607
1 0.12908496732026145 0.43765318627450983 0.022058823529411766 0.01133578431372549
1 0.9662990196078431 0.4413296568627451 0.014297385620915032 0.0070465686274509805
1 0.8717320261437909 0.4603247549019608 0.0196078431372549 0.013786764705882353
1 0.39767156862745096 0.47089460784313725 0.030637254901960783 0.014705882352941176
1 0.5271650326797386 0.4719669117647059 0.02165032679738562 0.018688725490196078
1 0.1607434640522876 0.4762561274509804 0.02246732026143791 0.013174019607843137
1 0.764297385620915 0.4805453431372549 0.027777777777777776 0.013786764705882353
1 0.369281045751634 0.48330269607843135 0.02369281045751634 0.013786764705882353
1 0.16666666666666666 0.5013786764705882 0.02042483660130719 0.007659313725490196
1 0.21466503267973855 0.5084252450980392 0.026552287581699346 0.013786764705882353
1 0.5549428104575164 0.5170036764705882 0.034722222222222224 0.02297794117647059
1 0.1184640522875817 0.5223651960784313 0.028594771241830064 0.014705882352941176
1 0.31699346405228757 0.5251225490196079 0.018790849673202614 0.01715686274509804
1 0.3598856209150327 0.5260416666666666 0.02696078431372549 0.01715686274509804
1 0.4117647058823529 0.5280330882352942 0.03594771241830065 0.02849264705882353
1 0.33578431372549017 0.5283394607843137 0.031862745098039214 0.015625
1 0.3895016339869281 0.5355392156862745 0.03390522875816993 0.028186274509803922
1 0.4554738562091503 0.5436580882352942 0.028594771241830064 0.019301470588235295
1 0.8229166666666666 0.5646446078431373 0.03799019607843137 0.027573529411764705
1 0.9589460784313726 0.5709252450980392 0.03553921568627451 0.017463235294117647
1 0.2624591503267974 0.5770526960784313 0.0428921568627451 0.02297794117647059
1 0.1096813725490196 0.6144301470588235 0.042075163398692814 0.02665441176470588
1 0.8684640522875817 0.6321997549019608 0.03594771241830065 0.022365196078431373
1 0.24448529411764705 0.8013174019607843 0.06004901960784314 0.04197303921568627
1 0.41062295751633987 0.23215379901960784 0.010788398692810458 0.008425245098039215
1 0.4222487745098039 0.22123927696078433 0.01116421568627451 0.008042279411764705
1 0.33213439542483664 0.22372855392156862 0.010674019607843137 0.006893382352941176
1 0.3420915032679739 0.21706495098039216 0.010163398692810457 0.007659313725490196
1 0.4098406862745098 0.21308210784313725 0.011674836601307189 0.007659313725490196
1 0.44200571895424834 0.20212928921568626 0.010645424836601306 0.008425245098039215
