1 0.4861111111111111 0.7444852941176471 0.02042483660130719 0.013480392156862746
1 0.9417892156862745 0.40425857843137253 0.012663398692810458 0.007659313725490196
1 0.8382352941176471 0.4258578431372549 0.013888888888888888 0.009191176470588236
1 0.9111519607843137 0.2853860294117647 0.015931372549019607 0.01133578431372549
1 0.8944035947712419 0.4762561274509804 0.01838235294117647 0.01011029411764706
1 0.6180555555555556 0.43275122549019607 0.015522875816993464 0.010723039215686275
1 0.9910130718954249 0.43642769607843135 0.016339869281045753 0.01011029411764706
1 0.3625408496732026 0.43213848039215685 0.017565359477124183 0.01133578431372549
1 0.3174019607843137 0.5355392156862745 0.01715686274509804 0.013480392156862746
1 0.9812091503267973 0.4621629901960784 0.0196078431372549 0.012561274509803922
1 0.9254493464052288 0.4834558823529412 0.02165032679738562 0.013480392156862746
1 0.9556781045751634 0.5176164215686274 0.02246732026143791 0.013174019607843137
1 0.9185049019607843 0.4028799019607843 0.013480392156862746 0.00857843137254902
1 0.9650735294117647 0.47901348039215685 0.016748366013071895 0.01133578431372549
1 0.917687908496732 0.44286151960784315 0.015931372549019607 0.010723039215686275
1 0.9634395424836601 0.49402573529411764 0.017565359477124183 0.01011029411764706
1 0.8572303921568627 0.4175857843137255 0.012663398692810458 0.009191176470588236
1 0.9140114379084967 0.4569546568627451 0.01511437908496732 0.010723039215686275
1 0.006740196078431373 0.6364889705882353 0.012663398692810458 0.026041666666666668
1 0.9536356209150327 0.42754289215686275 0.015931372549019607 0.010723039215686275
1 0.9726307189542484 0.43275122549019607 0.016339869281045753 0.010723039215686275
1 0.9401552287581699 0.4417892156862745 0.017565359477124183 0.011642156862745098
1 0.8139297385620915 0.5154718137254902 0.025735294117647058 0.017463235294117647
1 0.2675653594771242 0.48483455882352944 0.025326797385620915 0.018688725490196078
1 0.4125816993464052 0.5484068627450981 0.027777777777777776 0.018995098039215685
