1 0.6807945261437909 0.6336550245098039 0.011915849673202614 0.008118872549019608
1 0.9775326797385621 0.835171568627451 0.018790849673202614 0.015318627450980392
1 0.31719771241830064 0.7942708333333334 0.01838235294117647 0.011948529411764705
1 0.15584150326797386 0.7575061274509803 0.01838235294117647 0.011948529411764705
1 0.4366830065359477 0.9249387254901961 0.02287581699346405 0.015931372549019607
1 0.928921568627451 0.7653186274509803 0.016339869281045753 0.010416666666666666
1 0.8059640522875817 0.8083639705882353 0.02042483660130719 0.013786764705882353
1 0.9111172385620915 0.6094255514705882 0.0134109477124183 0.009292279411764706
1 0.9936683006535948 0.6829044117647058 0.012663398692810458 0.011029411764705883
1 0.5598447712418301 0.7146139705882353 0.016748366013071895 0.01133578431372549
1 0.7945261437908496 0.8080575980392157 0.017973856209150325 0.012561274509803922
1 0.7947303921568627 0.7982536764705882 0.020016339869281044 0.012561274509803922
1 0.7816584967320261 0.7617953431372549 0.01919934640522876 0.015012254901960785
1 0.15604575163398693 0.75 0.015522875816993464 0.010416666666666666
1 0.9070669934640523 0.6974571078431373 0.015931372549019607 0.009497549019607842
1 0.9074754901960784 0.7049632352941176 0.015931372549019607 0.010416666666666666
1 0.8770424836601307 0.8921568627450981 0.021241830065359478 0.017769607843137254
1 0.414624183006536 0.7964154411764706 0.018790849673202614 0.013174019607843137
1 0.31719771241830064 0.7880407475490196 0.01838235294117647 0.013581495098039215
1 0.9159865196078432 0.6967417279411765 0.014162581699346406 0.009905024509803921
1 0.08292483660130719 0.7208946078431373 0.015522875816993464 0.011029411764705883
1 0.43280228758169936 0.7068014705882353 0.01511437908496732 0.011029411764705883
1 0.5428921568627451 0.6838235294117647 0.015522875816993464 0.012254901960784314
1 0.5247140522875817 0.6920955882352942 0.01511437908496732 0.011029411764705883
1 0.159109477124183 0.8154105392156863 0.017565359477124183 0.013174019607843137
1 0.4571078431372549 0.8530943627450981 0.0196078431372549 0.011948529411764705
1 0.30514705882352944 0.7415747549019608 0.016339869281045753 0.01133578431372549
1 0.9585375816993464 0.6544117647058824 0.016748366013071895 0.00980392156862745
1 0.7038398692810458 0.7270220588235294 0.0196078431372549 0.014093137254901961
1 0.5253267973856209 0.7728247549019608 0.015522875816993464 0.01133578431372549
1 0.45241013071895425 0.8746936274509803 0.02165032679738562 0.015318627450980392
1 0.7479575163398693 0.7847732843137255 0.024509803921568627 0.016237745098039217
1 0.21486928104575165 0.7380514705882353 0.02042483660130719 0.012254901960784314
1 0.09926470588235294 0.7956495098039216 0.022058823529411766 0.014093137254901961
1 0.5247140522875817 0.7856924019607843 0.017565359477124183 0.012561274509803922
1 0.9861111111111112 0.7346813725490197 0.017973856209150325 0.011642156862745098
1 0.5488153594771242 0.8714767156862745 0.02165032679738562 0.016237745098039217
1 0.015727124183006536 0.6963848039215687 0.024101307189542485 0.015318627450980392
1 0.41625816993464054 0.7170649509803921 0.018790849673202614 0.013174019607843137
1 0.2520424836601307 0.6974571078431373 0.018790849673202614 0.01133578431372549
1 0.9421977124183006 0.694546568627451 0.015931372549019607 0.010416666666666666
1 0.2965686274509804 0.7579656862745098 0.016339869281045753 0.011029411764705883
1 0.948937908496732 0.7153799019607843 0.014705882352941176 0.010416666666666666
1 0.3897058823529412 0.8227634803921569 0.0196078431372549 0.013786764705882353
1 0.23141339869281047 0.7287071078431373 0.016748366013071895 0.011948529411764705
1 0.3368055555555556 0.7827818627450981 0.01919934640522876 0.014093137254901961
1 0.5816993464052288 0.71875 0.017973856209150325 0.012254901960784314
1 0.3247201797385621 0.7970787377450981 0.016270424836601308 0.013887867647058823
1 0.8157679738562091 0.8521752450980392 0.021241830065359478 0.015012254901960785
1 0.12336601307189543 0.782015931372549 0.02042483660130719 0.013174019607843137
1 0.3901143790849673 0.8071384803921569 0.021241830065359478 0.015625
1 0.40665849673202614 0.8086703431372549 0.020833333333333332 0.015625
1 0.5383986928104575 0.8969056372549019 0.022058823529411766 0.01685049019607843
1 0.5496323529411765 0.7688419117647058 0.020833333333333332 0.015012254901960785
1 0.335375816993464 0.8503370098039216 0.018790849673202614 0.015012254901960785
1 0.2354983660130719 0.7032781862745098 0.015931372549019607 0.010723039215686275
1 0.6751776960784314 0.8022625612745098 0.023558006535947713 0.016289828431372548
1 0.9897875816993464 0.9001225490196079 0.0196078431372549 0.017769607843137254
1 0.3519199346405229 0.8512561274509803 0.020016339869281044 0.015625
1 0.5575980392156863 0.8995098039215687 0.021241830065359478 0.016544117647058824
1 0.7391748366013072 0.9007352941176471 0.0298202614379085 0.02022058823529412
1 0.6550245098039216 0.8026960784313726 0.02165032679738562 0.015931372549019607
1 0.6241830065359477 0.8534007352941176 0.021241830065359478 0.016237745098039217
1 0.8359885620915033 0.8590686274509803 0.02246732026143791 0.015931372549019607
1 0.8995098039215687 0.9067095588235294 0.025326797385620915 0.020526960784313725
1 0.8725490196078431 0.914828431372549 0.027777777777777776 0.020833333333333332
1 0.09640522875816994 0.9053308823529411 0.027777777777777776 0.01838235294117647
1 0.6759824346405229 0.7938373161764706 0.02108251633986928 0.013532475490196079
