1 0.3508986928104575 0.6435355392156863 0.013071895424836602 0.008884803921568627
1 0.5290032679738562 0.71875 0.018790849673202614 0.012254901960784314
1 0.6750408496732027 0.788296568627451 0.016748366013071895 0.00980392156862745
1 0.6968954248366013 0.7748161764705882 0.016339869281045753 0.011642156862745098
1 0.09129901960784313 0.617953431372549 0.01184640522875817 0.007965686274509803
1 0.4591503267973856 0.8126531862745098 0.0196078431372549 0.015012254901960785
1 0.3776552287581699 0.6815257352941176 0.01511437908496732 0.010723039215686275
1 0.40236928104575165 0.7817095588235294 0.017973856209150325 0.010723039215686275
1 0.30861928104575165 0.7985600490196079 0.01838235294117647 0.013786764705882353
1 0.5706699346405228 0.7840073529411765 0.015522875816993464 0.011029411764705883
1 0.6762663398692811 0.7780330882352942 0.020016339869281044 0.012561274509803922
1 0.40441176470588236 0.6354166666666666 0.014705882352941176 0.00980392156862745
1 0.16299019607843138 0.8521752450980392 0.02287581699346405 0.014399509803921568
1 0.3270016339869281 0.7549019607843137 0.017565359477124183 0.012867647058823529
1 0.1343954248366013 0.6708026960784313 0.018790849673202614 0.011948529411764705
1 0.4170751633986928 0.7403492647058824 0.021241830065359478 0.015625
1 0.6282679738562091 0.8988970588235294 0.026143790849673203 0.0196078431372549
1 0.44607843137254904 0.7417279411764706 0.022058823529411766 0.015318627450980392
1 0.32393790849673204 0.8644301470588235 0.025326797385620915 0.020526960784313725
1 0.5888480392156863 0.8074448529411765 0.02165032679738562 0.015625
1 0.11397058823529412 0.8975183823529411 0.02696078431372549 0.01685049019607843
1 0.8568218954248366 0.7789522058823529 0.024101307189542485 0.018075980392156864
1 0.19362745098039216 0.8926164215686274 0.027777777777777776 0.018688725490196078
1 0.29616013071895425 0.8399203431372549 0.027777777777777776 0.019301470588235295
1 0.6060049019607843 0.9129901960784313 0.02900326797385621 0.025122549019607844
