1 0.6872957516339869 0.7480085784313726 0.013480392156862746 0.01011029411764706
1 0.9342320261437909 0.7575061274509803 0.013071895424836602 0.008884803921568627
1 0.1613562091503268 0.9840686274509803 0.04330065359477124 0.030637254901960783
1 0.7093545751633987 0.7150735294117647 0.01838235294117647 0.011642156862745098
1 0.4387254901960784 0.7902879901960784 0.015522875816993464 0.010723039215686275
1 0.8933823529411765 0.6819852941176471 0.015522875816993464 0.00980392156862745
1 0.9944852941176471 0.8040747549019608 0.011029411764705883 0.018075980392156864
1 0.994281045751634 0.7401960784313726 0.011437908496732025 0.011642156862745098
1 0.3506944444444444 0.8121936274509803 0.01511437908496732 0.010416666666666666
1 0.7610294117647058 0.7506127450980392 0.016339869281045753 0.011029411764705883
1 0.6247957516339869 0.7176776960784313 0.014297385620915032 0.01011029411764706
1 0.7455065359477124 0.7755821078431373 0.01715686274509804 0.010723039215686275
1 0.2540849673202614 0.7233455882352942 0.018790849673202614 0.013480392156862746
1 0.7169117647058824 0.7118566176470589 0.013888888888888888 0.01011029411764706
1 0.713031045751634 0.7666973039215687 0.015931372549019607 0.010723039215686275
1 0.8233251633986928 0.7533700980392157 0.014297385620915032 0.011029411764705883
1 0.8825571895424836 0.6985294117647058 0.020016339869281044 0.011029411764705883
1 0.6954656862745098 0.7621017156862745 0.01511437908496732 0.010723039215686275
1 0.13071895424836602 0.8085171568627451 0.0196078431372549 0.012867647058823529
1 0.9828431372549019 0.7522977941176471 0.016339869281045753 0.012561274509803922
1 0.9227941176470589 0.7777267156862745 0.015522875816993464 0.01133578431372549
1 0.8241421568627451 0.6737132352941176 0.017565359477124183 0.011642156862745098
1 0.6768790849673203 0.8321078431372549 0.016339869281045753 0.012867647058823529
1 0.9589460784313726 0.8203125 0.020016339869281044 0.015625
1 0.25612745098039214 0.7037377450980392 0.022058823529411766 0.014705882352941176
1 0.2979983660130719 0.7530637254901961 0.017565359477124183 0.013480392156862746
1 0.8141339869281046 0.7467830882352942 0.0196078431372549 0.01133578431372549
1 0.9105392156862745 0.7702205882352942 0.017973856209150325 0.012867647058823529
1 0.9834558823529411 0.8325674019607843 0.015931372549019607 0.011948529411764705
1 0.8104575163398693 0.7555147058823529 0.01715686274509804 0.012867647058823529
1 0.7040441176470589 0.725796568627451 0.020016339869281044 0.012867647058823529
1 0.7436683006535948 0.7651654411764706 0.01919934640522876 0.012561274509803922
1 0.7232434640522876 0.7254901960784313 0.017565359477124183 0.011029411764705883
1 0.015318627450980392 0.835171568627451 0.025735294117647058 0.014705882352941176
1 0.21997549019607843 0.7904411764705882 0.016748366013071895 0.013480392156862746
1 0.9328022875816994 0.703890931372549 0.017565359477124183 0.013174019607843137
1 0.6247957516339869 0.6962316176470589 0.017565359477124183 0.011948529411764705
1 0.7363153594771242 0.6924019607843137 0.016748366013071895 0.011642156862745098
1 0.48733660130718953 0.7642463235294118 0.015522875816993464 0.011948529411764705
1 0.636437908496732 0.8229166666666666 0.0196078431372549 0.014093137254901961
1 0.7914624183006536 0.8193933823529411 0.020016339869281044 0.015012254901960785
1 0.5363562091503268 0.7431066176470589 0.01715686274509804 0.013174019607843137
1 0.6783088235294118 0.7775735294117647 0.020016339869281044 0.014093137254901961
1 0.8962418300653595 0.7536764705882353 0.021241830065359478 0.014093137254901961
1 0.5733251633986928 0.7495404411764706 0.01838235294117647 0.011948529411764705
1 0.7851307189542484 0.7048100490196079 0.017973856209150325 0.013174019607843137
1 0.4660947712418301 0.7902879901960784 0.021241830065359478 0.018688725490196078
1 0.9142156862745098 0.7987132352941176 0.022058823529411766 0.015318627450980392
1 0.4215686274509804 0.8648897058823529 0.024509803921568627 0.017769607843137254
