1 0.6153635620915033 0.6437867647058824 0.008504901960784314 0.00571078431372549
1 0.4722222222222222 0.7130821078431373 0.016339869281045753 0.008884803921568627
1 0.6913807189542484 0.8143382352941176 0.015931372549019607 0.011029411764705883
1 0.5383986928104575 0.6950061274509803 0.014705882352941176 0.009497549019607842
1 0.6115747549019608 0.6465012254901961 0.010731209150326796 0.006237745098039216
1 0.2571486928104575 0.7192095588235294 0.01511437908496732 0.010723039215686275
1 0.8962418300653595 0.6095281862745098 0.013071895424836602 0.008272058823529412
1 0.9734477124183006 0.6934742647058824 0.014705882352941176 0.008884803921568627
1 0.4577205882352941 0.6456801470588235 0.012663398692810458 0.008272058823529412
1 0.5008169934640523 0.6306678921568627 0.011437908496732025 0.007659313725490196
1 0.5396241830065359 0.6455269607843137 0.013071895424836602 0.00857843137254902
1 0.5876225490196079 0.7640931372549019 0.013480392156862746 0.00980392156862745
1 0.5161356209150327 0.6470588235294118 0.011029411764705883 0.007352941176470588
1 0.7555147058823529 0.6914828431372549 0.012663398692810458 0.007352941176470588
1 0.7185457516339869 0.6847426470588235 0.013071895424836602 0.00857843137254902
1 0.5747549019607843 0.6723345588235294 0.014705882352941176 0.009497549019607842
1 0.9928513071895425 0.6446078431372549 0.012663398692810458 0.009191176470588236
1 0.6930147058823529 0.6564031862745098 0.013480392156862746 0.008272058823529412
1 0.9332107843137255 0.6456801470588235 0.01184640522875817 0.008272058823529412
1 0.5355392156862745 0.7068014705882353 0.013888888888888888 0.00980392156862745
1 0.5884395424836601 0.624234068627451 0.013480392156862746 0.007659313725490196
1 0.8057598039215687 0.6896446078431373 0.013480392156862746 0.007352941176470588
1 0.8478349673202614 0.6574754901960784 0.01184640522875817 0.007352941176470588
1 0.9562908496732027 0.6174938725490197 0.012254901960784314 0.007659313725490196
1 0.4338235294117647 0.6539522058823529 0.012254901960784314 0.008884803921568627
1 0.872140522875817 0.6769301470588235 0.011437908496732025 0.008272058823529412
1 0.9473039215686274 0.6433823529411765 0.013888888888888888 0.00857843137254902
1 0.40604575163398693 0.7352941176470589 0.018790849673202614 0.014093137254901961
1 0.2173202614379085 0.7262561274509803 0.018790849673202614 0.012561274509803922
1 0.7348856209150327 0.8060661764705882 0.018790849673202614 0.012254901960784314
1 0.3480392156862745 0.6795343137254902 0.016339869281045753 0.011029411764705883
1 0.8104575163398693 0.8053002450980392 0.016339869281045753 0.010723039215686275
1 0.6228104575163399 0.6449004289215686 0.011143790849673202 0.00793811274509804
1 0.6178513071895425 0.7950367647058824 0.015931372549019607 0.011029411764705883
1 0.7536764705882353 0.803921568627451 0.01715686274509804 0.011029411764705883
1 0.5753676470588235 0.7034313725490197 0.01511437908496732 0.00980392156862745
1 0.609031862745098 0.6504840686274509 0.013815359477124183 0.00991421568627451
1 0.23304738562091504 0.7175245098039216 0.015931372549019607 0.011642156862745098
1 0.7369281045751634 0.6498161764705882 0.013888888888888888 0.00857843137254902
1 0.5241013071895425 0.8854166666666666 0.025326797385620915 0.01838235294117647
1 0.215890522875817 0.7772671568627451 0.026552287581699346 0.01715686274509804
1 0.5968137254901961 0.8002450980392157 0.0196078431372549 0.012254901960784314
1 0.573937908496732 0.7423406862745098 0.015522875816993464 0.011029411764705883
1 0.4054330065359477 0.6502757352941176 0.013480392156862746 0.008884803921568627
1 0.9127859477124183 0.6732536764705882 0.013480392156862746 0.010723039215686275
1 0.4756944444444444 0.7215073529411765 0.01838235294117647 0.012867647058823529
1 0.3471282679738562 0.7560294117647058 0.02105392156862745 0.01573529411764706
1 0.4526143790849673 0.6876531862745098 0.014705882352941176 0.011948529411764705
1 0.8353758169934641 0.7624080882352942 0.017973856209150325 0.01133578431372549
1 0.6856617647058824 0.7219669117647058 0.01919934640522876 0.011948529411764705
1 0.11621732026143791 0.7480085784313726 0.01919934640522876 0.013174019607843137
1 0.3161764705882353 0.7185968137254902 0.0196078431372549 0.013174019607843137
1 0.6905637254901961 0.6675857843137255 0.01511437908496732 0.010416666666666666
1 0.860498366013072 0.6989889705882353 0.016748366013071895 0.01011029411764706
1 0.3845996732026144 0.6642156862745098 0.01511437908496732 0.00980392156862745
1 0.525531045751634 0.7140012254901961 0.020016339869281044 0.012561274509803922
1 0.690359477124183 0.8284313725490197 0.02287581699346405 0.015318627450980392
1 0.474468954248366 0.8449754901960784 0.01919934640522876 0.014093137254901961
1 0.5181781045751634 0.6685049019607843 0.015931372549019607 0.010416666666666666
1 0.3937908496732026 0.7401960784313726 0.018790849673202614 0.014093137254901961
1 0.42116013071895425 0.6513480392156863 0.013888888888888888 0.00980392156862745
1 0.7947303921568627 0.7979473039215687 0.020833333333333332 0.013174019607843137
1 0.474468954248366 0.8022365196078431 0.020016339869281044 0.013786764705882353
1 0.3882761437908497 0.788296568627451 0.02165032679738562 0.01715686274509804
1 0.2992544934640523 0.719641544117647 0.01926062091503268 0.0128125
