1 0.9569035947712419 0.47089460784313725 0.010212418300653595 0.009191176470588236
1 0.8645833333333334 0.4810049019607843 0.009395424836601307 0.007352941176470588
1 0.8688725490196079 0.4886642156862745 0.00980392156862745 0.006740196078431373
1 0.8946078431372549 0.4918811274509804 0.008986928104575163 0.009497549019607842
1 0.8786764705882353 0.49325980392156865 0.00980392156862745 0.00857843137254902
1 0.9564950980392157 0.6204044117647058 0.025735294117647058 0.014093137254901961
1 0.494281045751634 0.6315870098039216 0.01715686274509804 0.015625
1 0.8837826797385621 0.6767769607843137 0.016748366013071895 0.014705882352941176
1 0.2493872549019608 0.6847426470588235 0.020016339869281044 0.012254901960784314
1 0.48999183006535946 0.7051164215686274 0.030637254901960783 0.021139705882352942
1 0.1431781045751634 0.7077205882352942 0.011029411764705883 0.00980392156862745
1 0.22630718954248366 0.7124693627450981 0.02042483660130719 0.01685049019607843
1 0.2426470588235294 0.7296262254901961 0.013888888888888888 0.012561274509803922
1 0.31433823529411764 0.7354473039215687 0.020833333333333332 0.015625
1 0.4207516339869281 0.7359068627450981 0.018790849673202614 0.014705882352941176
1 0.7066993464052288 0.7438725490196079 0.02287581699346405 0.02144607843137255
1 0.2881944444444444 0.7440257352941176 0.020016339869281044 0.018075980392156864
1 0.43566176470588236 0.7463235294117647 0.012663398692810458 0.014093137254901961
1 0.3396650326797386 0.7506127450980392 0.015931372549019607 0.012254901960784314
1 0.36233660130718953 0.750765931372549 0.014705882352941176 0.01685049019607843
1 0.5663807189542484 0.7561274509803921 0.020833333333333332 0.02022058823529412
1 0.6162173202614379 0.7561274509803921 0.020833333333333332 0.015318627450980392
1 0.19321895424836602 0.7588848039215687 0.021241830065359478 0.018995098039215685
1 0.04084967320261438 0.7651654411764706 0.0196078431372549 0.017463235294117647
1 0.13868464052287582 0.7743566176470589 0.025735294117647058 0.014399509803921568
1 0.7849264705882353 0.7775735294117647 0.03145424836601307 0.03002450980392157
1 0.369281045751634 0.7823223039215687 0.018790849673202614 0.015625
1 0.6397058823529411 0.7904411764705882 0.02287581699346405 0.020833333333333332
1 0.24142156862745098 0.7912071078431373 0.026143790849673203 0.02420343137254902
1 0.44955065359477125 0.8002450980392157 0.020016339869281044 0.014705882352941176
1 0.04370915032679738 0.8036151960784313 0.017973856209150325 0.017769607843137254
1 0.153390522875817 0.8036151960784313 0.0298202614379085 0.014093137254901961
1 0.23080065359477125 0.8083639705882353 0.03104575163398693 0.019301470588235295
1 0.31495098039215685 0.8106617647058824 0.015522875816993464 0.014093137254901961
1 0.514297385620915 0.8147977941176471 0.03349673202614379 0.027879901960784315
1 0.47610294117647056 0.8158700980392157 0.024101307189542485 0.022058823529411766
1 0.2506127450980392 0.8158700980392157 0.024101307189542485 0.015318627450980392
1 0.05555555555555555 0.8235294117647058 0.026143790849673203 0.02022058823529412
1 0.2679738562091503 0.8246017156862745 0.022058823529411766 0.01685049019607843
1 0.5533088235294118 0.8463541666666666 0.02246732026143791 0.022365196078431373
1 0.5014297385620915 0.8550857843137255 0.02246732026143791 0.01715686274509804
