1 0.9530228758169934 0.5683210784313726 0.022058823529411766 0.01838235294117647
1 0.5575980392156863 0.6075367647058824 0.022058823529411766 0.015318627450980392
1 0.7624591503267973 0.6469056372549019 0.03308823529411765 0.023590686274509803
1 0.4438316993464052 0.671875 0.027369281045751634 0.015318627450980392
1 0.5841503267973857 0.6855085784313726 0.026143790849673203 0.01685049019607843
1 0.3562091503267974 0.8161764705882353 0.029411764705882353 0.022058823529411766
1 0.16339869281045752 0.8275122549019608 0.03431372549019608 0.022058823529411766
1 0.2350735294117647 0.6942018995098039 0.022434640522875818 0.013403799019607842
1 0.8491013071895425 0.7156479779411765 0.027450980392156862 0.01953125
1 0.02810457516339869 0.5625765931372549 0.019444444444444445 0.013020833333333334
1 0.19266544117647058 0.9650352328431373 0.03565767973856209 0.022594975490196078
1 0.2381045751633987 0.9836473651960784 0.03666666666666667 0.021829044117647058
1 0.5589093137254902 0.9476485906862745 0.024681372549019608 0.017233455882352942
