1 0.1548202614379085 0.8443627450980392 0.016339869281045753 0.011029411764705883
1 0.13480392156862744 0.8374693627450981 0.016339869281045753 0.010723039215686275
1 0.23774509803921567 0.7861519607843137 0.016339869281045753 0.011642156862745098
1 0.8069852941176471 0.8085171568627451 0.01511437908496732 0.00980392156862745
1 0.6805555555555556 0.8462009803921569 0.017973856209150325 0.013480392156862746
1 0.099468954248366 0.8003982843137255 0.02246732026143791 0.016237745098039217
1 0.2193627450980392 0.8455882352941176 0.017973856209150325 0.012867647058823529
1 0.6883169934640523 0.8800551470588235 0.015522875816993464 0.01011029411764706
1 0.10334967320261437 0.8302696078431373 0.014705882352941176 0.00980392156862745
1 0.3631535947712418 0.7659313725490197 0.016339869281045753 0.011029411764705883
1 0.6078431372549019 0.8026960784313726 0.01715686274509804 0.012254901960784314
1 0.22058823529411764 0.8420649509803921 0.013888888888888888 0.009497549019607842
1 0.6264297385620915 0.8008578431372549 0.016748366013071895 0.010416666666666666
1 0.2326388888888889 0.8622855392156863 0.016748366013071895 0.01133578431372549
1 0.4542483660130719 0.8823529411764706 0.01715686274509804 0.011642156862745098
1 0.27617238562091506 0.9028799019607843 0.022933006535947712 0.015318627450980392
1 0.3000408496732026 0.8033088235294118 0.016748366013071895 0.011642156862745098
1 0.3125 0.7913602941176471 0.016339869281045753 0.010416666666666666
1 0.5961151960784313 0.7572441789215686 0.017393790849673203 0.01081188725490196
1 0.26776960784313725 0.7090992647058824 0.013480392156862746 0.008884803921568627
1 0.4113562091503268 0.8907781862745098 0.02042483660130719 0.013174019607843137
1 0.2847222222222222 0.7774203431372549 0.02042483660130719 0.011948529411764705
1 0.8862336601307189 0.7979473039215687 0.020016339869281044 0.011948529411764705
1 0.23202614379084968 0.7593443627450981 0.01715686274509804 0.01133578431372549
1 0.7173202614379085 0.8449754901960784 0.016339869281045753 0.014093137254901961
1 0.6203022875816994 0.7636335784313726 0.01919934640522876 0.01133578431372549
1 0.06699346405228758 0.8112745098039216 0.021241830065359478 0.016544117647058824
1 0.4070669934640523 0.9044117647058824 0.01838235294117647 0.012867647058823529
1 0.2346813725490196 0.8973651960784313 0.01838235294117647 0.014093137254901961
1 0.835171568627451 0.7133884803921569 0.012663398692810458 0.008884803921568627
1 0.34844771241830064 0.7783394607843137 0.016339869281045753 0.01011029411764706
1 0.8231209150326797 0.8011642156862745 0.017973856209150325 0.011642156862745098
1 0.10212418300653595 0.8393075980392157 0.013888888888888888 0.01011029411764706
1 0.31004901960784315 0.8321078431372549 0.0196078431372549 0.013480392156862746
1 0.44955065359477125 0.8681066176470589 0.01919934640522876 0.013174019607843137
1 0.25306372549019607 0.8943014705882353 0.023284313725490197 0.014093137254901961
1 0.4675245098039216 0.7723651960784313 0.020016339869281044 0.014705882352941176
1 0.4279003267973856 0.7886029411764706 0.020833333333333332 0.012254901960784314
1 0.8157679738562091 0.7058823529411765 0.013888888888888888 0.011029411764705883
1 0.34620098039215685 0.7835477941176471 0.017565359477124183 0.012561274509803922
1 0.994281045751634 0.8223039215686274 0.010620915032679739 0.014093137254901961
1 0.10723039215686274 0.9944852941176471 0.024918300653594773 0.010416666666666666
1 0.2747140522875817 0.9146752450980392 0.02165032679738562 0.013786764705882353
1 0.5441176470588235 0.8244485294117647 0.017973856209150325 0.012867647058823529
1 0.1881127450980392 0.8134191176470589 0.020833333333333332 0.015931372549019607
1 0.6325571895424836 0.9099264705882353 0.02165032679738562 0.016544117647058824
1 0.8353758169934641 0.8587622549019608 0.016339869281045753 0.012867647058823529
1 0.6015114379084967 0.7521446078431373 0.02246732026143791 0.015931372549019607
1 0.3762254901960784 0.9882046568627451 0.026143790849673203 0.018075980392156864
1 0.7975898692810458 0.9385723039215687 0.016748366013071895 0.013174019607843137
1 0.9103349673202614 0.7909007352941176 0.015931372549019607 0.01133578431372549
1 0.42544934640522875 0.8982843137254902 0.01919934640522876 0.013480392156862746
1 0.8102246732026144 0.7008486519607844 0.017508169934640522 0.011991421568627451
1 0.0196078431372549 0.8301164215686274 0.014705882352941176 0.010723039215686275
1 0.7379493464052288 0.8912377450980392 0.020016339869281044 0.014093137254901961
1 0.6930147058823529 0.8956801470588235 0.01919934640522876 0.013786764705882353
1 0.7046568627450981 0.8298100490196079 0.017973856209150325 0.014399509803921568
1 0.9009395424836601 0.6714154411764706 0.013480392156862746 0.009497549019607842
1 0.15298202614379086 0.9924938725490197 0.028186274509803922 0.013786764705882353
1 0.3790849673202614 0.7712928921568627 0.017973856209150325 0.012561274509803922
1 0.8729575163398693 0.6740196078431373 0.013071895424836602 0.009191176470588236
1 0.39624183006535946 0.8095894607843137 0.016339869281045753 0.011948529411764705
1 0.5641339869281046 0.9191176470588235 0.02042483660130719 0.014705882352941176
1 0.8651960784313726 0.7231924019607843 0.013888888888888888 0.010723039215686275
1 0.7457107843137255 0.9126838235294118 0.020016339869281044 0.013480392156862746
1 0.8517156862745098 0.6838235294117647 0.01715686274509804 0.010416666666666666
1 0.5735294117647058 0.7725183823529411 0.018790849673202614 0.013786764705882353
1 0.31719771241830064 0.8308823529411765 0.01838235294117647 0.013480392156862746
1 0.6779003267973857 0.8374693627450981 0.01838235294117647 0.014399509803921568
1 0.48284313725490197 0.8806678921568627 0.022058823529411766 0.015012254901960785
1 0.5816993464052288 0.7870710784313726 0.01715686274509804 0.011642156862745098
1 0.18218954248366012 0.9203431372549019 0.026143790849673203 0.016544117647058824
1 0.9017565359477124 0.7988664215686274 0.01838235294117647 0.011948529411764705
1 0.8539624183006536 0.6911764705882353 0.016748366013071895 0.011642156862745098
1 0.40175653594771243 0.9813112745098039 0.02246732026143791 0.017769607843137254
1 0.47794117647058826 0.8694852941176471 0.021241830065359478 0.014093137254901961
1 0.5449346405228758 0.8538602941176471 0.018790849673202614 0.012867647058823529
1 0.25449346405228757 0.803921568627451 0.018790849673202614 0.013480392156862746
1 0.1715686274509804 0.8359375 0.017973856209150325 0.013174019607843137
1 0.2928921568627451 0.9155943627450981 0.02042483660130719 0.013786764705882353
1 0.8249591503267973 0.7251838235294118 0.014297385620915032 0.00980392156862745
1 0.32046568627450983 0.8016237745098039 0.016748366013071895 0.012561274509803922
1 0.44281045751633985 0.8573835784313726 0.022058823529411766 0.015625
1 0.6209150326797386 0.7829350490196079 0.017973856209150325 0.012561274509803922
1 0.5921160130718954 0.8089767156862745 0.01838235294117647 0.014399509803921568
1 0.9475081699346405 0.6996017156862745 0.014297385620915032 0.01011029411764706
1 0.9334150326797386 0.8546262254901961 0.02042483660130719 0.014399509803921568
1 0.4338235294117647 0.8434436274509803 0.0196078431372549 0.014093137254901961
1 0.7485702614379085 0.8403799019607843 0.016748366013071895 0.012254901960784314
1 0.8939950980392157 0.6911764705882353 0.016748366013071895 0.011029411764705883
1 0.13766339869281047 0.8190870098039216 0.022058823529411766 0.013786764705882353
1 0.050625 0.8535983455882353 0.022001633986928105 0.016020220588235295
1 0.7559232026143791 0.8930759803921569 0.023284313725490197 0.01715686274509804
1 0.704248366013072 0.8556985294117647 0.018790849673202614 0.014093137254901961
1 0.4485294117647059 0.7979473039215687 0.017973856209150325 0.012561274509803922
1 0.5898692810457516 0.7740502450980392 0.0196078431372549 0.015012254901960785
1 0.9750816993464052 0.8143382352941176 0.018790849673202614 0.012867647058823529
1 0.04044117647058824 0.8160232843137255 0.018790849673202614 0.012561274509803922
1 0.2881944444444444 0.7965686274509803 0.020016339869281044 0.015318627450980392
1 0.860702614379085 0.7715992647058824 0.018790849673202614 0.012561274509803922
1 0.3743872549019608 0.8201593137254902 0.020016339869281044 0.013480392156862746
1 0.8925653594771242 0.7872242647058824 0.017973856209150325 0.012561274509803922
1 0.4665032679738562 0.8213848039215687 0.02042483660130719 0.014705882352941176
1 0.7479575163398693 0.8092830882352942 0.024509803921568627 0.018688725490196078
1 0.9632352941176471 0.7005208333333334 0.015522875816993464 0.010723039215686275
1 0.32965686274509803 0.9258578431372549 0.02287581699346405 0.015931372549019607
1 0.21711601307189543 0.9872855392156863 0.030637254901960783 0.021752450980392156
1 0.6548202614379085 0.9074754901960784 0.024509803921568627 0.02144607843137255
1 0.25531045751633985 0.9087009803921569 0.022058823529411766 0.017769607843137254
1 0.18872549019607843 0.8541666666666666 0.0196078431372549 0.014093137254901961
1 0.678921568627451 0.8607536764705882 0.02042483660130719 0.014399509803921568
1 0.3946078431372549 0.8474264705882353 0.02287581699346405 0.01715686274509804
1 0.7718545751633987 0.8276654411764706 0.020016339869281044 0.014399509803921568
1 0.5443218954248366 0.8920036764705882 0.024101307189542485 0.018688725490196078
1 0.2734313725490196 0.8955269607843137 0.020718954248366013 0.011642156862745098
1 0.641748366013072 0.936734068627451 0.02287581699346405 0.015625
1 0.042483660130718956 0.9231004901960784 0.03022875816993464 0.020833333333333332
1 0.21180555555555555 0.8583026960784313 0.024101307189542485 0.01685049019607843
1 0.375 0.9707414215686274 0.024509803921568627 0.019301470588235295
1 0.7291666666666666 0.9013480392156863 0.022058823529411766 0.015318627450980392
1 0.8715277777777778 0.9157475490196079 0.02165032679738562 0.01715686274509804
1 0.17585784313725492 0.9636948529411765 0.027369281045751634 0.02420343137254902
1 0.8711192810457516 0.7879901960784313 0.02246732026143791 0.015318627450980392
