1 0.4195261437908497 0.7732843137254902 0.016339869281045753 0.012254901960784314
1 0.009395424836601307 0.7068014705882353 0.017973856209150325 0.015931372549019607
1 0.07026143790849673 0.8147977941176471 0.017973856209150325 0.014399509803921568
1 0.1542075163398693 0.7634803921568627 0.01511437908496732 0.012254901960784314
1 0.10130718954248366 0.7193627450980392 0.0196078431372549 0.012867647058823529
1 0.19505718954248366 0.7185968137254902 0.01919934640522876 0.01133578431372549
1 0.19219771241830066 0.7068014705882353 0.01838235294117647 0.010416666666666666
1 0.20077614379084968 0.7720588235294118 0.020016339869281044 0.014705882352941176
1 0.18075980392156862 0.7729779411764706 0.01838235294117647 0.014705882352941176
1 0.07863562091503268 0.7530637254901961 0.02246732026143791 0.015318627450980392
1 0.983251633986928 0.9151348039215687 0.03022875816993464 0.02267156862745098
1 0.07863562091503268 0.78125 0.02246732026143791 0.015318627450980392
