1 0.4452614379084967 0.7495404411764706 0.014705882352941176 0.010723039215686275
1 0.3277267156862745 0.6612208946078431 0.014930555555555555 0.01055453431372549
1 0.3880718954248366 0.7261029411764706 0.015522875816993464 0.011029411764705883
1 0.8684640522875817 0.6962316176470589 0.022058823529411766 0.011948529411764705
1 0.3116830065359477 0.7241115196078431 0.01715686274509804 0.012561274509803922
1 0.5306372549019608 0.8080575980392157 0.0196078431372549 0.013174019607843137
1 0.6188725490196079 0.8417585784313726 0.02287581699346405 0.015012254901960785
1 0.463031045751634 0.7458639705882353 0.01919934640522876 0.013174019607843137
1 0.7117320261437908 0.6316145833333334 0.013333333333333334 0.009552696078431372
1 0.8245506535947712 0.647671568627451 0.020833333333333332 0.012867647058823529
1 0.051470588235294115 0.6643688725490197 0.01715686274509804 0.010723039215686275
1 0.07577614379084967 0.5791973039215687 0.013480392156862746 0.008884803921568627
1 0.4571078431372549 0.8002450980392157 0.022058823529411766 0.01715686274509804
1 0.9810049019607843 0.7588848039215687 0.01838235294117647 0.012867647058823529
1 0.17626633986928106 0.6144301470588235 0.014297385620915032 0.009497549019607842
1 0.3088235294117647 0.7095588235294118 0.017973856209150325 0.012867647058823529
1 0.3241421568627451 0.7143075980392157 0.017565359477124183 0.013174019607843137
1 0.980187908496732 0.7176776960784313 0.016748366013071895 0.01133578431372549
1 0.4193218954248366 0.8126531862745098 0.020833333333333332 0.013786764705882353
1 0.5853758169934641 0.7996323529411765 0.024509803921568627 0.018995098039215685
1 0.9066584967320261 0.6649816176470589 0.016748366013071895 0.011948529411764705
1 0.20302287581699346 0.5885140931372549 0.010620915032679739 0.007297794117647059
1 0.8566176470588235 0.6515012254901961 0.01715686274509804 0.01133578431372549
1 0.2020016339869281 0.7224264705882353 0.020016339869281044 0.014093137254901961
1 0.7169117647058824 0.6822916666666666 0.022058823529411766 0.014705882352941176
1 0.7524509803921569 0.6600796568627451 0.021241830065359478 0.013786764705882353
1 0.6946486928104575 0.6305147058823529 0.017565359477124183 0.011642156862745098
1 0.9368872549019608 0.7300857843137255 0.02246732026143791 0.015318627450980392
1 0.2295751633986928 0.7421875 0.024509803921568627 0.016237745098039217
1 0.14501633986928106 0.7627144607843137 0.024509803921568627 0.01685049019607843
1 0.23999183006535948 0.7941176470588235 0.026552287581699346 0.0196078431372549
1 0.20654411764705882 0.5903247549019608 0.011944444444444443 0.00724264705882353
