1 0.994281045751634 0.6029411764705882 0.011437908496732025 0.009191176470588236
1 0.9011437908496732 0.6334252450980392 0.015522875816993464 0.01011029411764706
1 0.26633986928104575 0.6029411764705882 0.010620915032679739 0.007965686274509803
1 0.20588235294117646 0.6783088235294118 0.01715686274509804 0.012254901960784314
1 0.9654983660130719 0.5939031862745098 0.012696078431372548 0.008272058823529412
1 0.13255718954248366 0.6678921568627451 0.013480392156862746 0.009191176470588236
1 0.0806781045751634 0.6568627450980392 0.012663398692810458 0.007965686274509803
1 0.17422385620915032 0.6056985294117647 0.012663398692810458 0.00857843137254902
1 0.012254901960784314 0.6269914215686274 0.01715686274509804 0.01011029411764706
1 0.06576797385620915 0.6259191176470589 0.014705882352941176 0.010416666666666666
1 0.2173202614379085 0.6259191176470589 0.010620915032679739 0.007352941176470588
1 0.006740196078431373 0.7419638480392157 0.013480392156862746 0.012726715686274509
1 0.07066993464052287 0.6636029411764706 0.013071895424836602 0.007352941176470588
1 0.068218954248366 0.6429227941176471 0.012254901960784314 0.009497549019607842
1 0.21752450980392157 0.6533394607843137 0.012663398692810458 0.008272058823529412
1 0.8944035947712419 0.5939031862745098 0.012663398692810458 0.008884803921568627
1 0.9724264705882353 0.5914522058823529 0.016748366013071895 0.008272058823529412
1 0.08129084967320262 0.6377144607843137 0.012254901960784314 0.008272058823529412
1 0.8127042483660131 0.6208639705882353 0.016748366013071895 0.009497549019607842
1 0.9501633986928104 0.6245404411764706 0.014705882352941176 0.007659313725490196
1 0.0541891339869281 0.6453737745098039 0.012790032679738562 0.006433823529411764
1 0.024509803921568627 0.7212009803921569 0.015522875816993464 0.011029411764705883
1 0.9697712418300654 0.7202818627450981 0.02042483660130719 0.013480392156862746
1 0.9761029411764706 0.6173406862745098 0.013480392156862746 0.007965686274509803
1 0.829452614379085 0.6360294117647058 0.015931372549019607 0.00980392156862745
1 0.9497549019607843 0.6066176470588235 0.012254901960784314 0.007965686274509803
1 0.10804738562091504 0.6136642156862745 0.01184640522875817 0.007965686274509803
1 0.7316176470588235 0.6485906862745098 0.017973856209150325 0.011642156862745098
1 0.11458333333333333 0.6321997549019608 0.011029411764705883 0.008272058823529412
1 0.4636437908496732 0.6645220588235294 0.013888888888888888 0.009191176470588236
1 0.9330065359477124 0.6340379901960784 0.014705882352941176 0.009497549019607842
1 0.8796977124183006 0.6412377450980392 0.015931372549019607 0.010416666666666666
1 0.8251633986928104 0.6227022058823529 0.015522875816993464 0.01011029411764706
1 0.9695669934640523 0.6044730392156863 0.01511437908496732 0.00857843137254902
1 0.5649509803921569 0.7238051470588235 0.013888888888888888 0.010723039215686275
1 0.054125816993464054 0.6193321078431373 0.01511437908496732 0.008884803921568627
1 0.153390522875817 0.6204044117647058 0.012663398692810458 0.007965686274509803
1 0.9891748366013072 0.5948223039215687 0.013480392156862746 0.009497549019607842
1 0.0704656862745098 0.6306678921568627 0.015931372549019607 0.01011029411764706
1 0.9536356209150327 0.6329656862745098 0.016748366013071895 0.009191176470588236
1 0.05228758169934641 0.6502757352941176 0.011437908496732025 0.007659313725490196
1 0.9624183006535948 0.6194852941176471 0.013888888888888888 0.00857843137254902
1 0.2565359477124183 0.6499693627450981 0.013071895424836602 0.008884803921568627
1 0.02185457516339869 0.6596200980392157 0.017565359477124183 0.011029411764705883
1 0.18913398692810457 0.6547181372549019 0.014705882352941176 0.009191176470588236
1 0.3255718954248366 0.6662071078431373 0.013888888888888888 0.008272058823529412
1 0.25755718954248363 0.6795343137254902 0.012663398692810458 0.009191176470588236
1 0.03799019607843137 0.6470588235294118 0.013071895424836602 0.00857843137254902
1 0.14358660130718953 0.6657475490196079 0.013480392156862746 0.009191176470588236
1 0.17177287581699346 0.7322303921568627 0.01511437908496732 0.011642156862745098
1 0.11744281045751634 0.6689644607843137 0.012663398692810458 0.008272058823529412
1 0.006127450980392157 0.7524509803921569 0.012254901960784314 0.014705882352941176
1 0.5984477124183006 0.7264093137254902 0.015522875816993464 0.011029411764705883
1 0.008986928104575163 0.7689950980392157 0.016339869281045753 0.011642156862745098
1 0.3500816993464052 0.6734068627450981 0.012254901960784314 0.009191176470588236
1 0.7636846405228758 0.7022058823529411 0.020016339869281044 0.013480392156862746
1 0.07393790849673203 0.6521139705882353 0.012254901960784314 0.008272058823529412
1 0.6021241830065359 0.6956188725490197 0.016339869281045753 0.01133578431372549
1 0.4113562091503268 0.6671262254901961 0.013888888888888888 0.008884803921568627
1 0.7142565359477124 0.6738664215686274 0.01511437908496732 0.012561274509803922
1 0.30249183006535946 0.6525735294117647 0.014297385620915032 0.00980392156862745
1 0.6172385620915033 0.680453431372549 0.01715686274509804 0.011029411764705883
1 0.636437908496732 0.6839767156862745 0.018790849673202614 0.010723039215686275
1 0.018790849673202614 0.6897977941176471 0.01715686274509804 0.01011029411764706
1 0.10416666666666667 0.6346507352941176 0.013071895424836602 0.008884803921568627
1 0.9916258169934641 0.6901041666666666 0.016748366013071895 0.013786764705882353
1 0.616421568627451 0.7486213235294118 0.0196078431372549 0.012561274509803922
1 0.24448529411764705 0.6573223039215687 0.015931372549019607 0.01011029411764706
1 0.29064542483660133 0.6652879901960784 0.014297385620915032 0.009497549019607842
1 0.9528186274509803 0.6423100490196079 0.015931372549019607 0.009497549019607842
1 0.9650735294117647 0.6525735294117647 0.01838235294117647 0.011642156862745098
1 0.9732434640522876 0.6395526960784313 0.01511437908496732 0.01011029411764706
1 0.23284313725490197 0.6965379901960784 0.013888888888888888 0.01011029411764706
1 0.09048202614379085 0.6415441176470589 0.012663398692810458 0.009191176470588236
1 0.2107843137254902 0.7048100490196079 0.01715686274509804 0.01133578431372549
1 0.37683823529411764 0.6691176470588235 0.013480392156862746 0.00980392156862745
1 0.7973856209150327 0.6374080882352942 0.01715686274509804 0.011948529411764705
1 0.5725081699346405 0.7045036764705882 0.01919934640522876 0.011948529411764705
1 0.2485702614379085 0.6897977941176471 0.017565359477124183 0.01011029411764706
1 0.9848856209150327 0.6469056372549019 0.018790849673202614 0.01011029411764706
1 0.8363970588235294 0.7077205882352942 0.01511437908496732 0.011029411764705883
1 0.26266339869281047 0.6603860294117647 0.01715686274509804 0.01133578431372549
1 0.28737745098039214 0.6548713235294118 0.01511437908496732 0.01011029411764706
1 0.8400735294117647 0.6501225490196079 0.016748366013071895 0.012867647058823529
1 0.22181372549019607 0.719515931372549 0.015522875816993464 0.01011029411764706
1 0.22344771241830066 0.6732536764705882 0.016339869281045753 0.010723039215686275
1 0.28125 0.7094056372549019 0.015931372549019607 0.01133578431372549
1 0.5782271241830066 0.7345281862745098 0.016748366013071895 0.011948529411764705
1 0.6017156862745098 0.6714154411764706 0.017973856209150325 0.012561274509803922
1 0.18852124183006536 0.6758578431372549 0.01838235294117647 0.011642156862745098
1 0.08517156862745098 0.7071078431372549 0.017565359477124183 0.012254901960784314
1 0.0798611111111111 0.6875 0.015931372549019607 0.011029411764705883
1 0.7406045751633987 0.7034313725490197 0.0196078431372549 0.014093137254901961
1 0.03451797385620915 0.7300857843137255 0.01838235294117647 0.011642156862745098
1 0.3668300653594771 0.6773897058823529 0.015522875816993464 0.009191176470588236
1 0.846609477124183 0.7126225490196079 0.01838235294117647 0.013480392156862746
1 0.8223508986928104 0.6389981617647059 0.01725081699346405 0.010839460784313725
1 0.43913398692810457 0.7193627450980392 0.021241830065359478 0.015318627450980392
1 0.11764705882352941 0.7582720588235294 0.0196078431372549 0.013480392156862746
1 0.2638888888888889 0.7394301470588235 0.021241830065359478 0.015625
1 0.20976307189542484 0.6818321078431373 0.01838235294117647 0.012561274509803922
1 0.47998366013071897 0.7475490196078431 0.022058823529411766 0.015318627450980392
1 0.41421568627450983 0.7308517156862745 0.02042483660130719 0.013786764705882353
1 0.5604575163398693 0.7738970588235294 0.021241830065359478 0.014093137254901961
1 0.6942401960784313 0.7774203431372549 0.025735294117647058 0.019301470588235295
