1 0.19301470588235295 0.678921568627451 0.015931372549019607 0.00980392156862745
1 0.3165849673202614 0.6942401960784313 0.013888888888888888 0.00857843137254902
1 0.5234885620915033 0.6389399509803921 0.01511437908496732 0.01011029411764706
1 0.5712826797385621 0.6576286764705882 0.01838235294117647 0.012561274509803922
1 0.7984068627450981 0.7207414215686274 0.020833333333333332 0.013786764705882353
1 0.12152777777777778 0.6668198529411765 0.014297385620915032 0.01011029411764706
1 0.42483660130718953 0.6888786764705882 0.016339869281045753 0.01133578431372549
1 0.8284742647058824 0.6871446078431372 0.015608660130718955 0.009705882352941177
1 0.8384395424836601 0.6564031862745098 0.016748366013071895 0.010723039215686275
1 0.02246732026143791 0.632046568627451 0.016339869281045753 0.011642156862745098
1 0.3939950980392157 0.7737438725490197 0.02165032679738562 0.016237745098039217
1 0.23651960784313725 0.7810968137254902 0.02287581699346405 0.01685049019607843
1 0.545751633986928 0.6629901960784313 0.02042483660130719 0.014705882352941176
1 0.8600898692810458 0.6924019607843137 0.023284313725490197 0.013480392156862746
1 0.16155024509803922 0.6631832107843137 0.01264297385620915 0.007738970588235294
1 0.18003676470588237 0.6736963848039216 0.012851307189542483 0.008544730392156863
1 0.828468137254902 0.6819852941176471 0.014779411764705883 0.009191176470588236
1 0.810453431372549 0.6820664828431372 0.021233660130718954 0.012417279411764705
1 0.6176919934640522 0.6442846200980392 0.01071078431372549 0.005481004901960784
