1 0.9021650326797386 0.7213541666666666 0.01511437908496732 0.012561274509803922
1 0.9793709150326797 0.7270220588235294 0.017565359477124183 0.011029411764705883
1 0.10927287581699346 0.6634497549019608 0.017565359477124183 0.011948529411764705
1 0.0798611111111111 0.6510416666666666 0.01838235294117647 0.010416666666666666
1 0.7575571895424836 0.7192095588235294 0.01511437908496732 0.009497549019607842
1 0.9031862745098039 0.7156862745098039 0.016339869281045753 0.011029411764705883
1 0.08537581699346405 0.6724877450980392 0.015522875816993464 0.010416666666666666
1 0.9052287581699346 0.6662071078431373 0.014705882352941176 0.009497549019607842
1 0.7430555555555556 0.7035845588235294 0.022058823529411766 0.01133578431372549
1 0.84375 0.7941176470588235 0.01919934640522876 0.012867647058823529
1 0.1090686274509804 0.6683517156862745 0.016339869281045753 0.01133578431372549
1 0.017973856209150325 0.6158088235294118 0.022058823529411766 0.012254901960784314
1 0.8964460784313726 0.8071384803921569 0.024918300653594773 0.015625
1 0.9738562091503268 0.7945772058823529 0.018790849673202614 0.013174019607843137
1 0.8703022875816994 0.7124693627450981 0.01511437908496732 0.010723039215686275
1 0.02144607843137255 0.6931678921568627 0.01919934640522876 0.012561274509803922
1 0.9424019607843137 0.6885723039215687 0.016339869281045753 0.01011029411764706
1 0.0718954248366013 0.8174019607843137 0.024509803921568627 0.015931372549019607
1 0.8709150326797386 0.6939338235294118 0.016339869281045753 0.00980392156862745
1 0.8890931372549019 0.7887561274509803 0.02165032679738562 0.013786764705882353
1 0.1119281045751634 0.6545649509803921 0.01715686274509804 0.01011029411764706
1 0.125 0.6421568627450981 0.016339869281045753 0.011029411764705883
1 0.34620098039215685 0.6999080882352942 0.020016339869281044 0.012561274509803922
1 0.9891748366013072 0.6982230392156863 0.01838235294117647 0.011642156862745098
1 0.013071895424836602 0.6597732843137255 0.018790849673202614 0.011948529411764705
1 0.9352532679738562 0.7020526960784313 0.020833333333333332 0.013786764705882353
1 0.08169934640522876 0.8259803921568627 0.028594771241830064 0.02022058823529412
1 0.9677287581699346 0.7852328431372549 0.025326797385620915 0.014705882352941176
1 0.8519199346405228 0.7829350490196079 0.026552287581699346 0.018075980392156864
1 0.07209967320261437 0.8022365196078431 0.025735294117647058 0.016237745098039217
1 0.8316993464052288 0.6916360294117647 0.017973856209150325 0.01133578431372549
1 0.9160539215686274 0.7314644607843137 0.024918300653594773 0.016237745098039217
1 0.7367238562091504 0.8411458333333334 0.020016339869281044 0.015625
1 0.9234068627450981 0.7769607843137255 0.020833333333333332 0.014705882352941176
1 0.02144607843137255 0.6743259803921569 0.02165032679738562 0.014093137254901961
1 0.766952614379085 0.7959558823529411 0.026552287581699346 0.0196078431372549
