1 0.09824346405228758 0.5542279411764706 0.024101307189542485 0.012867647058823529
1 0.8191278594771242 0.5730974264705883 0.027961601307189544 0.017518382352941175
1 0.15788398692810457 0.5286458333333334 0.02165032679738562 0.013786764705882353
1 0.3341503267973856 0.32827818627450983 0.018790849673202614 0.01133578431372549
1 0.8723447712418301 0.38495710784313725 0.01511437908496732 0.009497549019607842
1 0.38909313725490197 0.48682598039215685 0.017565359477124183 0.013480392156862746
1 0.8962418300653595 0.3414522058823529 0.013888888888888888 0.008884803921568627
1 0.6564542483660131 0.33425245098039214 0.01715686274509804 0.010416666666666666
1 0.9918300653594772 0.5762867647058824 0.015522875816993464 0.020833333333333332
1 0.6466503267973857 0.33486519607843135 0.016339869281045753 0.009191176470588236
1 0.16115196078431374 0.4805453431372549 0.020016339869281044 0.012561274509803922
1 0.10273692810457516 0.3952205882352941 0.02165032679738562 0.013480392156862746
1 0.9622140522875817 0.37637867647058826 0.017565359477124183 0.009497549019607842
1 0.3394607843137255 0.3746936274509804 0.014705882352941176 0.00980392156862745
1 0.4646650326797386 0.45006127450980393 0.015931372549019607 0.010416666666666666
1 0.012459150326797386 0.38112745098039214 0.015931372549019607 0.012867647058823529
1 0.6039624183006536 0.5612745098039216 0.020016339869281044 0.011029411764705883
1 0.4270833333333333 0.296875 0.01511437908496732 0.00857843137254902
1 0.613562091503268 0.5577512254901961 0.025326797385620915 0.014399509803921568
1 0.7504084967320261 0.4342830882352941 0.021241830065359478 0.010723039215686275
1 0.32536764705882354 0.49954044117647056 0.020833333333333332 0.013786764705882353
1 0.3999183006535948 0.32107843137254904 0.014705882352941176 0.009191176470588236
1 0.22099673202614378 0.40410539215686275 0.015522875816993464 0.012254901960784314
1 0.10866013071895425 0.3272058823529412 0.018790849673202614 0.011642156862745098
1 0.258374183006536 0.3720894607843137 0.015931372549019607 0.010723039215686275
1 0.41062704248366017 0.31919577205882355 0.01079656862745098 0.007876838235294118
1 0.6889297385620915 0.4957107843137255 0.01838235294117647 0.011642156862745098
1 0.9928513071895425 0.3762254901960784 0.01184640522875817 0.009191176470588236
1 0.4485294117647059 0.30223651960784315 0.012254901960784314 0.008272058823529412
1 0.42034313725490197 0.31295955882352944 0.013071895424836602 0.007659313725490196
1 0.6856617647058824 0.3662683823529412 0.01919934640522876 0.011948529411764705
1 0.6991421568627451 0.5677083333333334 0.020016339869281044 0.014705882352941176
1 0.19566993464052287 0.5606617647058824 0.021241830065359478 0.014705882352941176
1 0.7796160130718954 0.3327205882352941 0.01511437908496732 0.009191176470588236
1 0.5420751633986928 0.4397977941176471 0.015522875816993464 0.01011029411764706
1 0.8656045751633987 0.578890931372549 0.03104575163398693 0.018688725490196078
1 0.8302696078431373 0.5660232843137255 0.017565359477124183 0.013786764705882353
1 0.5780228758169934 0.3212316176470588 0.015522875816993464 0.01011029411764706
1 0.44138071895424835 0.3359375 0.013480392156862746 0.009497549019607842
1 0.5300245098039216 0.33348651960784315 0.013480392156862746 0.008884803921568627
1 0.8314950980392157 0.37775735294117646 0.017565359477124183 0.010416666666666666
1 0.2131781045751634 0.3692447916666666 0.012140522875816993 0.008097426470588235
1 0.7651143790849673 0.5623468137254902 0.022058823529411766 0.014399509803921568
1 0.7810457516339869 0.47457107843137253 0.018790849673202614 0.012867647058823529
1 0.9301470588235294 0.35860906862745096 0.01715686274509804 0.010723039215686275
1 0.3680555555555556 0.41620710784313725 0.017973856209150325 0.013174019607843137
1 0.3298611111111111 0.4166666666666667 0.02246732026143791 0.014705882352941176
1 0.5772058823529411 0.5651041666666666 0.021241830065359478 0.014399509803921568
1 0.4082924836601307 0.30667892156862747 0.012663398692810458 0.00857843137254902
1 0.3402777777777778 0.3949142156862745 0.017973856209150325 0.011642156862745098
1 0.29411764705882354 0.30637254901960786 0.013888888888888888 0.009191176470588236
1 0.9624183006535948 0.36887254901960786 0.018790849673202614 0.011642156862745098
1 0.1729983660130719 0.5588235294117647 0.017565359477124183 0.012867647058823529
1 0.6744281045751634 0.4097732843137255 0.02287581699346405 0.014399509803921568
1 0.2508169934640523 0.3779105392156863 0.015522875816993464 0.010723039215686275
1 0.9350490196078431 0.3506433823529412 0.016339869281045753 0.009497549019607842
1 0.8218954248366013 0.5033700980392157 0.015522875816993464 0.011029411764705883
1 0.7336601307189542 0.4427083333333333 0.018790849673202614 0.011642156862745098
1 0.8425245098039216 0.3795955882352941 0.023284313725490197 0.012254901960784314
1 0.29248366013071897 0.48682598039215685 0.022058823529411766 0.013480392156862746
1 0.5355392156862745 0.4518995098039216 0.016339869281045753 0.011642156862745098
1 0.278390522875817 0.5032169117647058 0.02165032679738562 0.015012254901960785
1 0.2638888888888889 0.31096813725490197 0.016339869281045753 0.00980392156862745
1 0.8790849673202614 0.5629595588235294 0.021241830065359478 0.015625
1 0.8055555555555556 0.36519607843137253 0.014705882352941176 0.00980392156862745
1 0.608047385620915 0.3290441176470588 0.016748366013071895 0.011029411764705883
1 0.4556781045751634 0.4574142156862745 0.02246732026143791 0.014093137254901961
1 0.1323529411764706 0.5579044117647058 0.022058823529411766 0.01715686274509804
1 0.2818627450980392 0.30621936274509803 0.013071895424836602 0.009497549019607842
1 0.01184640522875817 0.4996936274509804 0.02287581699346405 0.01838235294117647
1 0.7834967320261438 0.5687806372549019 0.02287581699346405 0.014399509803921568
1 0.568218954248366 0.3313419117647059 0.014705882352941176 0.01011029411764706
1 0.8988970588235294 0.5749080882352942 0.023284313725490197 0.016237745098039217
1 0.10518790849673203 0.37193627450980393 0.020016339869281044 0.012254901960784314
1 0.49897875816993464 0.8935355392156863 0.039624183006535946 0.029105392156862746
1 0.352124183006536 0.4174325980392157 0.0196078431372549 0.013786764705882353
1 0.3014705882352941 0.5018382352941176 0.024509803921568627 0.016544117647058824
1 0.2908496732026144 0.3236825980392157 0.013071895424836602 0.009497549019607842
1 0.8731617647058824 0.5033700980392157 0.024101307189542485 0.014093137254901961
1 0.8705065359477124 0.4143688725490196 0.01715686274509804 0.011948529411764705
1 0.8901143790849673 0.38756127450980393 0.0196078431372549 0.012254901960784314
1 0.23835784313725492 0.3628982843137255 0.015931372549019607 0.01133578431372549
1 0.6290849673202614 0.4566482843137255 0.0196078431372549 0.013786764705882353
1 0.06147875816993464 0.5516237745098039 0.03227124183006536 0.018688725490196078
1 0.11662581699346405 0.34941789215686275 0.01838235294117647 0.01133578431372549
1 0.6719771241830066 0.34237132352941174 0.016339869281045753 0.010723039215686275
1 0.21160130718954248 0.3560049019607843 0.015522875816993464 0.011029411764705883
1 0.16584967320261437 0.36519607843137253 0.018790849673202614 0.012867647058823529
1 0.8171977124183006 0.3469669117647059 0.020016339869281044 0.01133578431372549
1 0.8500816993464052 0.3362438725490196 0.016339869281045753 0.01133578431372549
1 0.7424428104575164 0.3714767156862745 0.015931372549019607 0.011948529411764705
1 0.7418300653594772 0.5666360294117647 0.024509803921568627 0.01685049019607843
1 0.3764297385620915 0.5454963235294118 0.0298202614379085 0.01991421568627451
1 0.5400326797385621 0.5510110294117647 0.021241830065359478 0.015012254901960785
1 0.5559640522875817 0.5416666666666666 0.02042483660130719 0.014093137254901961
1 0.24448529411764705 0.3512561274509804 0.020016339869281044 0.012561274509803922
1 0.2724673202614379 0.5621063112745098 0.021241830065359478 0.018207720588235294
1 0.977328431372549 0.39950980392156865 0.01919934640522876 0.012254901960784314
1 0.278390522875817 0.4609375 0.020016339869281044 0.013786764705882353
1 0.633578431372549 0.5508578431372549 0.02696078431372549 0.017769607843137254
1 0.7111928104575164 0.3681066176470588 0.016339869281045753 0.010723039215686275
1 0.9242238562091504 0.3710171568627451 0.017565359477124183 0.011642156862745098
1 0.6750408496732027 0.33318014705882354 0.017565359477124183 0.010723039215686275
1 0.664828431372549 0.40012254901960786 0.020833333333333332 0.014093137254901961
1 0.9044117647058824 0.5603553921568627 0.0196078431372549 0.014093137254901961
1 0.4362745098039216 0.40625 0.017973856209150325 0.011642156862745098
1 0.8737745098039216 0.34329044117647056 0.01715686274509804 0.010723039215686275
1 0.5437091503267973 0.359375 0.01715686274509804 0.011029411764705883
1 0.9511846405228758 0.3975183823529412 0.020016339869281044 0.012561274509803922
1 0.9037990196078431 0.37974877450980393 0.020833333333333332 0.011948529411764705
1 0.8933823529411765 0.5035232843137255 0.0196078431372549 0.015012254901960785
1 0.4201388888888889 0.33547794117647056 0.01838235294117647 0.010416666666666666
1 0.8731617647058824 0.4931066176470588 0.026552287581699346 0.014399509803921568
1 0.18872549019607843 0.4094669117647059 0.021241830065359478 0.015012254901960785
1 0.7097630718954249 0.5840992647058824 0.0298202614379085 0.020526960784313725
1 0.10110294117647059 0.35983455882352944 0.02165032679738562 0.013786764705882353
1 0.4805964052287582 0.36106004901960786 0.01838235294117647 0.01133578431372549
1 0.32005718954248363 0.37454044117647056 0.017565359477124183 0.010723039215686275
1 0.43852124183006536 0.5514705882352942 0.027369281045751634 0.01715686274509804
1 0.12193627450980392 0.49831495098039214 0.026552287581699346 0.014399509803921568
1 0.6482843137254902 0.5672487745098039 0.029411764705882353 0.019301470588235295
1 0.7794117647058824 0.36795343137254904 0.017973856209150325 0.011642156862745098
1 0.8272058823529411 0.36213235294117646 0.0196078431372549 0.012867647058823529
1 0.6717728758169934 0.4137561274509804 0.02246732026143791 0.012561274509803922
1 0.2042483660130719 0.4010416666666667 0.02042483660130719 0.014093137254901961
1 0.7265114379084967 0.43183210784313725 0.01838235294117647 0.013786764705882353
1 0.5120506535947712 0.4419424019607843 0.01919934640522876 0.015012254901960785
1 0.7857434640522876 0.3975183823529412 0.017565359477124183 0.01133578431372549
1 0.7546977124183006 0.44332107843137253 0.017565359477124183 0.012867647058823529
1 0.43566176470588236 0.38526348039215685 0.01919934640522876 0.012561274509803922
1 0.9763071895424836 0.3883272058823529 0.017973856209150325 0.01133578431372549
1 0.7493872549019608 0.46982230392156865 0.02246732026143791 0.016237745098039217
1 0.6881127450980392 0.40379901960784315 0.02165032679738562 0.014093137254901961
1 0.27450980392156865 0.33486519607843135 0.016339869281045753 0.011029411764705883
1 0.730187908496732 0.34160539215686275 0.017565359477124183 0.012867647058823529
1 0.45874183006535946 0.38587622549019607 0.02042483660130719 0.013174019607843137
1 0.8406862745098039 0.40808823529411764 0.021241830065359478 0.015318627450980392
1 0.2534722222222222 0.4820772058823529 0.024101307189542485 0.015012254901960785
1 0.7344771241830066 0.49785539215686275 0.025326797385620915 0.015318627450980392
1 0.7109885620915033 0.3414522058823529 0.017565359477124183 0.012561274509803922
1 0.9299428104575164 0.569546568627451 0.026552287581699346 0.0196078431372549
1 0.1542075163398693 0.37683823529411764 0.02165032679738562 0.015931372549019607
1 0.4738562091503268 0.48973651960784315 0.025326797385620915 0.016237745098039217
1 0.6742238562091504 0.5770526960784313 0.028186274509803922 0.022365196078431373
1 0.37806372549019607 0.5522365196078431 0.028186274509803922 0.019301470588235295
1 0.9270833333333334 0.4368872549019608 0.023284313725490197 0.01715686274509804
1 0.11254084967320262 0.4097732843137255 0.02900326797385621 0.01991421568627451
1 0.49203431372549017 0.4416360294117647 0.024918300653594773 0.017463235294117647
1 0.2167075163398693 0.4568014705882353 0.024918300653594773 0.015931372549019607
1 0.6086601307189542 0.49402573529411764 0.027777777777777776 0.017463235294117647
1 0.4279003267973856 0.4895833333333333 0.028186274509803922 0.016544117647058824
1 0.1934232026143791 0.44684436274509803 0.025735294117647058 0.017463235294117647
1 0.9035947712418301 0.4181985294117647 0.02287581699346405 0.015931372549019607
1 0.032066993464052285 0.5439644607843137 0.03390522875816993 0.021752450980392156
1 0.6367299836601307 0.5599938725490196 0.0259109477124183 0.016433823529411765
