1 0.3131127450980392 0.9615502450980392 0.028186274509803922 0.021752450980392156
1 0.22630718954248366 0.6986825980392157 0.017973856209150325 0.011948529411764705
1 0.0784313725490196 0.8109681372549019 0.02287581699346405 0.015931372549019607
1 0.5355392156862745 0.8242953431372549 0.014705882352941176 0.010723039215686275
1 0.4456699346405229 0.9313725490196079 0.027777777777777776 0.018995098039215685
1 0.4019607843137255 0.819546568627451 0.015522875816993464 0.011029411764705883
1 0.5831454248366013 0.7553615196078431 0.013513071895424836 0.008272058823529412
1 0.46977124183006536 0.7847732843137255 0.015522875816993464 0.01133578431372549
1 0.32373366013071897 0.7942708333333334 0.015931372549019607 0.010723039215686275
1 0.0428921568627451 0.8619791666666666 0.0196078431372549 0.012561274509803922
1 0.13909313725490197 0.8345588235294118 0.020016339869281044 0.013480392156862746
1 0.2608251633986928 0.9814644607843137 0.017565359477124183 0.013174019607843137
1 0.15216503267973855 0.8462009803921569 0.01919934640522876 0.014705882352941176
1 0.38909313725490197 0.8998161764705882 0.01919934640522876 0.014093137254901961
1 0.3059640522875817 0.7342218137254902 0.013888888888888888 0.008884803921568627
1 0.278390522875817 0.9825367647058824 0.020833333333333332 0.015318627450980392
1 0.3396650326797386 0.7936580882352942 0.015931372549019607 0.010723039215686275
1 0.190359477124183 0.7902879901960784 0.018790849673202614 0.014399509803921568
1 0.5504493464052288 0.8517156862745098 0.01838235294117647 0.013480392156862746
1 0.31862745098039214 0.9476102941176471 0.021241830065359478 0.014093137254901961
1 0.3821486928104575 0.9183517156862745 0.028186274509803922 0.01991421568627451
1 0.0377859477124183 0.8169424019607843 0.01511437908496732 0.01133578431372549
1 0.8082107843137255 0.8325674019607843 0.015931372549019607 0.011948529411764705
1 0.46425653594771243 0.8944546568627451 0.023284313725490197 0.017463235294117647
1 0.32945261437908496 0.7378982843137255 0.01511437908496732 0.01011029411764706
1 0.5976307189542484 0.8379289215686274 0.01715686274509804 0.011642156862745098
1 0.3758169934640523 0.9370404411764706 0.02369281045751634 0.015625
1 0.21691176470588236 0.8647365196078431 0.0196078431372549 0.015625
1 0.4863153594771242 0.7921262254901961 0.01511437908496732 0.010723039215686275
1 0.3502859477124183 0.9885110294117647 0.025735294117647058 0.020526960784313725
1 0.04309640522875817 0.9004289215686274 0.01919934640522876 0.011642156862745098
1 0.03904207516339869 0.8442677696078431 0.01926062091503268 0.01451593137254902
1 0.26205065359477125 0.8659620098039216 0.02246732026143791 0.015625
1 0.7536764705882353 0.8422181372549019 0.018790849673202614 0.012867647058823529
1 0.3055555555555556 0.7475490196078431 0.013071895424836602 0.00980392156862745
1 0.005718954248366013 0.8748468137254902 0.011437908496732025 0.017463235294117647
1 0.3598856209150327 0.8085171568627451 0.016339869281045753 0.011029411764705883
1 0.7495915032679739 0.7608762254901961 0.01715686274509804 0.010723039215686275
1 0.2632761437908497 0.7921262254901961 0.017565359477124183 0.012561274509803922
1 0.33026960784313725 0.8066789215686274 0.017565359477124183 0.011029411764705883
1 0.040725081699346403 0.836891850490196 0.018541666666666668 0.01263174019607843
1 0.6458333333333334 0.7317708333333334 0.015522875816993464 0.009497549019607842
1 0.2881944444444444 0.9178921568627451 0.01919934640522876 0.014705882352941176
1 0.6439950980392157 0.8477328431372549 0.01838235294117647 0.012867647058823529
1 0.02022058823529412 0.7916666666666666 0.016748366013071895 0.011642156862745098
1 0.5445261437908496 0.8480392156862745 0.02287581699346405 0.015931372549019607
1 0.5390114379084967 0.7420343137254902 0.014297385620915032 0.011029411764705883
1 0.06209150326797386 0.8852634803921569 0.024509803921568627 0.016237745098039217
1 0.24448529411764705 0.9901960784313726 0.02165032679738562 0.015931372549019607
1 0.7277369281045751 0.7438725490196079 0.016748366013071895 0.011029411764705883
1 0.07761437908496732 0.9293811274509803 0.022058823529411766 0.017463235294117647
1 0.29330065359477125 0.8800551470588235 0.0196078431372549 0.015625
1 0.2965686274509804 0.9375 0.02287581699346405 0.018995098039215685
1 0.17790032679738563 0.8889399509803921 0.02246732026143791 0.017463235294117647
1 0.0559640522875817 0.7426470588235294 0.017973856209150325 0.012254901960784314
1 0.10294117647058823 0.8693321078431373 0.02287581699346405 0.016237745098039217
1 0.31985294117647056 0.9336703431372549 0.0196078431372549 0.016237745098039217
1 0.5667892156862745 0.9175857843137255 0.02246732026143791 0.015931372549019607
1 0.5386029411764706 0.9309129901960784 0.025735294117647058 0.018075980392156864
1 0.559640522875817 0.8730085784313726 0.02042483660130719 0.014399509803921568
1 0.3966503267973856 0.9761029411764706 0.02696078431372549 0.02022058823529412
1 0.6272467320261438 0.9293811274509803 0.024101307189542485 0.01685049019607843
1 0.4417892156862745 0.858609068627451 0.020833333333333332 0.015012254901960785
1 0.6623774509803921 0.8069852941176471 0.01838235294117647 0.012867647058823529
1 0.7640931372549019 0.9232536764705882 0.020016339869281044 0.015012254901960785
1 0.3741830065359477 0.9690563725490197 0.025326797385620915 0.020833333333333332
1 0.7475490196078431 0.8762254901960784 0.02287581699346405 0.016544117647058824
1 0.7395833333333334 0.9333639705882353 0.02165032679738562 0.017463235294117647
1 0.6740196078431373 0.9030330882352942 0.024509803921568627 0.01685049019607843
1 0.05575980392156863 0.9286151960784313 0.023284313725490197 0.017769607843137254
1 0.21303104575163398 0.9146752450980392 0.025735294117647058 0.018688725490196078
