1 0.13562091503267973 0.7711397058823529 0.013071895424836602 0.00980392156862745
1 0.8357843137254902 0.9439338235294118 0.017973856209150325 0.012867647058823529
1 0.5375816993464052 0.9546568627450981 0.018790849673202614 0.014705882352941176
1 0.934452614379085 0.8731617647058824 0.020049019607843138 0.014093137254901961
1 0.24223856209150327 0.7964154411764706 0.01715686274509804 0.01011029411764706
1 0.8834681372549019 0.8641007965686275 0.019387254901960783 0.013128063725490196
1 0.1582924836601307 0.828890931372549 0.015931372549019607 0.01011029411764706
1 0.5694444444444444 0.7375919117647058 0.015522875816993464 0.01011029411764706
1 0.14910130718954248 0.8419117647058824 0.01715686274509804 0.011642156862745098
1 0.9389297385620915 0.8141850490196079 0.01838235294117647 0.011948529411764705
1 0.4195261437908497 0.7473958333333334 0.017973856209150325 0.01133578431372549
1 0.12745098039215685 0.8284313725490197 0.015522875816993464 0.00980392156862745
1 0.14338235294117646 0.7671568627450981 0.014705882352941176 0.010416666666666666
1 0.1431781045751634 0.7545955882352942 0.014297385620915032 0.00980392156862745
1 0.12397875816993464 0.7810968137254902 0.01838235294117647 0.01133578431372549
1 0.136437908496732 0.8121936274509803 0.015522875816993464 0.011029411764705883
1 0.9295343137254902 0.899203431372549 0.020016339869281044 0.013480392156862746
1 0.18178104575163398 0.8262867647058824 0.017973856209150325 0.012254901960784314
1 0.15216503267973855 0.9784007352941176 0.02900326797385621 0.021139705882352942
1 0.8984722222222222 0.8702634803921568 0.02161764705882353 0.014424019607843137
1 0.42034313725490197 0.9079350490196079 0.022058823529411766 0.015012254901960785
1 0.5786356209150327 0.8550857843137255 0.023284313725490197 0.015931372549019607
1 0.7160947712418301 0.8926164215686274 0.02042483660130719 0.014399509803921568
1 0.41605392156862747 0.9520526960784313 0.024101307189542485 0.01685049019607843
1 0.7771650326797386 0.8409926470588235 0.020016339869281044 0.014093137254901961
1 0.5762479575163398 0.8640410539215686 0.02095996732026144 0.013621323529411766
1 0.12009803921568628 0.9558823529411765 0.027777777777777776 0.01838235294117647
1 0.5030637254901961 0.9517463235294118 0.020833333333333332 0.01685049019607843
1 0.3827614379084967 0.8897058823529411 0.02287581699346405 0.014093137254901961
1 0.8125 0.8229166666666666 0.021241830065359478 0.012867647058823529
1 0.874544526143791 0.867516850490196 0.01706290849673203 0.010768995098039216
1 0.7038398692810458 0.7553615196078431 0.017973856209150325 0.01133578431372549
1 0.6360294117647058 0.9488357843137255 0.021241830065359478 0.015318627450980392
1 0.028799019607843136 0.9155943627450981 0.027369281045751634 0.018075980392156864
1 0.5220588235294118 0.9525122549019608 0.02369281045751634 0.01838235294117647
1 0.22058823529411764 0.9889705882352942 0.027777777777777776 0.0196078431372549
1 0.1517565359477124 0.8889399509803921 0.024918300653594773 0.017463235294117647
1 0.7691993464052288 0.9422487745098039 0.022058823529411766 0.01685049019607843
1 0.8259803921568627 0.9918811274509803 0.02696078431372549 0.015625
1 0.5906862745098039 0.9440870098039216 0.026143790849673203 0.018688725490196078
1 0.6341911764705882 0.9698223039215687 0.02165032679738562 0.017463235294117647
