1 0.795547385620915 0.7798713235294118 0.01919934640522876 0.013786764705882353
1 0.2232434640522876 0.8696384803921569 0.01511437908496732 0.010723039215686275
1 0.5104166666666666 0.7628676470588235 0.012663398692810458 0.00857843137254902
1 0.2679738562091503 0.7784926470588235 0.015522875816993464 0.00980392156862745
1 0.7183415032679739 0.8967524509803921 0.020016339869281044 0.013480392156862746
1 0.647671568627451 0.7668504901960784 0.01511437908496732 0.010416666666666666
1 0.9142156862745098 0.8491115196078431 0.016339869281045753 0.01133578431372549
1 0.2775735294117647 0.7092524509803921 0.013480392156862746 0.00857843137254902
1 0.13705065359477125 0.7991727941176471 0.016748366013071895 0.010723039215686275
1 0.5402369281045751 0.7337622549019608 0.014297385620915032 0.00980392156862745
1 0.5236928104575164 0.7386642156862745 0.013888888888888888 0.009191176470588236
1 0.24040032679738563 0.8134191176470589 0.01511437908496732 0.009191176470588236
1 0.6803513071895425 0.7856924019607843 0.015931372549019607 0.01011029411764706
1 0.19444444444444445 0.6812193627450981 0.013888888888888888 0.008272058823529412
1 0.11274509803921569 0.6746323529411765 0.012254901960784314 0.007352941176470588
1 0.605187908496732 0.7662377450980392 0.020833333333333332 0.011642156862745098
1 0.03390522875816993 0.6821384803921569 0.013888888888888888 0.01011029411764706
1 0.0428921568627451 0.6680453431372549 0.010620915032679739 0.007659313725490196
1 0.15931372549019607 0.7389705882352942 0.012254901960784314 0.007965686274509803
1 0.2675653594771242 0.6836703431372549 0.018790849673202614 0.011948529411764705
1 0.8870506535947712 0.8301164215686274 0.01919934640522876 0.014399509803921568
1 0.029616013071895424 0.7221200980392157 0.015931372549019607 0.00980392156862745
1 0.7281454248366013 0.7944240196078431 0.016748366013071895 0.011642156862745098
1 0.672998366013072 0.7915134803921569 0.014297385620915032 0.009497549019607842
1 0.1374591503267974 0.7012867647058824 0.012663398692810458 0.00857843137254902
1 0.6411356209150327 0.8175551470588235 0.016748366013071895 0.010723039215686275
1 0.4352532679738562 0.7768075980392157 0.01838235294117647 0.01011029411764706
1 0.5986519607843137 0.7830882352941176 0.01511437908496732 0.009191176470588236
1 0.21650326797385622 0.7827818627450981 0.013888888888888888 0.009191176470588236
1 0.5835375816993464 0.7634803921568627 0.01511437908496732 0.009191176470588236
1 0.032475490196078434 0.7323835784313726 0.016748366013071895 0.010723039215686275
1 0.04370915032679738 0.7032781862745098 0.015522875816993464 0.008884803921568627
1 0.806781045751634 0.8714767156862745 0.01715686274509804 0.012561274509803922
1 0.4499591503267974 0.7599571078431373 0.013480392156862746 0.009497549019607842
1 0.9918300653594772 0.805453431372549 0.014705882352941176 0.010416666666666666
1 0.3888888888888889 0.6720281862745098 0.013888888888888888 0.01133578431372549
1 0.12071078431372549 0.8529411764705882 0.02165032679738562 0.013480392156862746
1 0.9701797385620915 0.7239583333333334 0.014705882352941176 0.010416666666666666
1 0.20812908496732027 0.7135416666666666 0.01511437908496732 0.00980392156862745
1 0.8290441176470589 0.7458639705882353 0.014297385620915032 0.009497549019607842
1 0.8316993464052288 0.7878370098039216 0.014705882352941176 0.009497549019607842
1 0.22099673202614378 0.7086397058823529 0.013888888888888888 0.010416666666666666
1 0.5547385620915033 0.7803308823529411 0.01715686274509804 0.012254901960784314
1 0.4797794117647059 0.842984068627451 0.01838235294117647 0.01133578431372549
1 0.8120915032679739 0.8252144607843137 0.014705882352941176 0.009497549019607842
1 0.24959150326797386 0.6962316176470589 0.013071895424836602 0.009497549019607842
1 0.7444852941176471 0.8439031862745098 0.01511437908496732 0.010723039215686275
1 0.1823937908496732 0.7000612745098039 0.01838235294117647 0.00980392156862745
1 0.9922385620915033 0.8229166666666666 0.015522875816993464 0.013480392156862746
1 0.4618055555555556 0.7521446078431373 0.015931372549019607 0.009191176470588236
1 0.8455882352941176 0.7686887254901961 0.015522875816993464 0.00980392156862745
1 0.4485294117647059 0.7305453431372549 0.013071895424836602 0.01011029411764706
1 0.17851307189542484 0.7529105392156863 0.013888888888888888 0.008884803921568627
1 0.18729575163398693 0.7423406862745098 0.013480392156862746 0.00980392156862745
1 0.11887254901960784 0.6954656862745098 0.013071895424836602 0.00857843137254902
1 0.49244281045751637 0.7475490196078431 0.01511437908496732 0.00980392156862745
1 0.38031045751633985 0.7999387254901961 0.02042483660130719 0.014093137254901961
1 0.012459150326797386 0.6691176470588235 0.014297385620915032 0.00857843137254902
1 0.26286764705882354 0.7409620098039216 0.013480392156862746 0.01011029411764706
1 0.5196078431372549 0.7444852941176471 0.013888888888888888 0.00980392156862745
1 0.5563725490196079 0.7689950980392157 0.02042483660130719 0.013480392156862746
1 0.24816176470588236 0.7371323529411765 0.013480392156862746 0.00980392156862745
1 0.7126225490196079 0.9021139705882353 0.024101307189542485 0.018075980392156864
1 0.858047385620915 0.7522977941176471 0.012663398692810458 0.009497549019607842
1 0.20302287581699346 0.7601102941176471 0.013888888888888888 0.00980392156862745
1 0.059027777777777776 0.7078737745098039 0.014297385620915032 0.009497549019607842
1 0.14297385620915032 0.7375919117647058 0.013888888888888888 0.008884803921568627
1 0.16625816993464052 0.7141544117647058 0.013071895424836602 0.00980392156862745
1 0.6629901960784313 0.7798713235294118 0.016339869281045753 0.01133578431372549
1 0.5508578431372549 0.7541360294117647 0.017565359477124183 0.01133578431372549
1 0.846609477124183 0.8696384803921569 0.016748366013071895 0.010723039215686275
1 0.7450980392156863 0.8016237745098039 0.01715686274509804 0.01133578431372549
1 0.8120915032679739 0.8344056372549019 0.01715686274509804 0.010723039215686275
1 0.6027369281045751 0.8048406862745098 0.01511437908496732 0.011642156862745098
1 0.9140114379084967 0.8592218137254902 0.015931372549019607 0.01133578431372549
1 0.9258578431372549 0.8149509803921569 0.015931372549019607 0.00980392156862745
1 0.7628676470588235 0.891390931372549 0.020833333333333332 0.013786764705882353
1 0.06209150326797386 0.6721813725490197 0.012254901960784314 0.00857843137254902
1 0.8645833333333334 0.7719056372549019 0.01511437908496732 0.01011029411764706
1 0.04064542483660131 0.7391237745098039 0.014297385620915032 0.009497549019607842
1 0.4227941176470588 0.8192401960784313 0.014705882352941176 0.011029411764705883
1 0.2653186274509804 0.7916666666666666 0.01511437908496732 0.010416666666666666
1 0.6564542483660131 0.7893688725490197 0.016339869281045753 0.010723039215686275
1 0.03819444444444445 0.6776960784313726 0.014297385620915032 0.009191176470588236
1 0.7197712418300654 0.8226102941176471 0.017973856209150325 0.011642156862745098
1 0.3570261437908497 0.8255208333333334 0.016339869281045753 0.01011029411764706
1 0.06883169934640523 0.7907475490196079 0.017565359477124183 0.011642156862745098
1 0.9571078431372549 0.8406862745098039 0.022058823529411766 0.014093137254901961
1 0.5657679738562091 0.8305759803921569 0.016339869281045753 0.011642156862745098
1 0.9019607843137255 0.8492647058823529 0.017973856209150325 0.012867647058823529
1 0.7011846405228758 0.8463541666666666 0.01838235294117647 0.013174019607843137
1 0.24591503267973855 0.8212316176470589 0.01715686274509804 0.01133578431372549
1 0.012459150326797386 0.7855392156862745 0.01838235294117647 0.013480392156862746
1 0.42483660130718953 0.7639399509803921 0.015522875816993464 0.010723039215686275
1 0.6913807189542484 0.9016544117647058 0.020833333333333332 0.014093137254901961
1 0.6627859477124183 0.8256740196078431 0.016748366013071895 0.011642156862745098
1 0.8850081699346405 0.8420649509803921 0.02165032679738562 0.013786764705882353
1 0.5245098039215687 0.7765012254901961 0.018790849673202614 0.013174019607843137
1 0.272875816993464 0.8207720588235294 0.017973856209150325 0.012254901960784314
1 0.07679738562091504 0.8037683823529411 0.0196078431372549 0.01133578431372549
1 0.9095179738562091 0.8126531862745098 0.016748366013071895 0.010723039215686275
1 0.8666258169934641 0.8425245098039216 0.020016339869281044 0.014705882352941176
1 0.6380718954248366 0.7892156862745098 0.014705882352941176 0.00980392156862745
1 0.48447712418300654 0.8186274509803921 0.02287581699346405 0.015931372549019607
1 0.8425245098039216 0.8342524509803921 0.016748366013071895 0.012254901960784314
1 0.18361928104575165 0.7856924019607843 0.016748366013071895 0.01133578431372549
1 0.5430964052287581 0.8149509803921569 0.017565359477124183 0.012254901960784314
1 0.8468137254901961 0.7896752450980392 0.014705882352941176 0.01133578431372549
1 0.7326388888888888 0.9050245098039216 0.02246732026143791 0.01838235294117647
1 0.11825980392156862 0.7333026960784313 0.015931372549019607 0.011948529411764705
1 0.15788398692810457 0.8010110294117647 0.01919934640522876 0.011948529411764705
1 0.4334150326797386 0.7931985294117647 0.018790849673202614 0.012867647058823529
1 0.6860702614379085 0.8302696078431373 0.01838235294117647 0.014093137254901961
1 0.8594771241830066 0.8016237745098039 0.018790849673202614 0.012561274509803922
1 0.7207924836601307 0.8708639705882353 0.020016339869281044 0.015012254901960785
1 0.44076797385620914 0.819546568627451 0.017973856209150325 0.013480392156862746
1 0.11356209150326797 0.7068014705882353 0.01715686274509804 0.011029411764705883
1 0.9415849673202614 0.827359068627451 0.0196078431372549 0.013786764705882353
1 0.8131127450980392 0.8541666666666666 0.020833333333333332 0.014705882352941176
1 0.13602941176470587 0.8307291666666666 0.021241830065359478 0.014399509803921568
1 0.5925245098039216 0.8396139705882353 0.017565359477124183 0.013174019607843137
1 0.5424836601307189 0.7942708333333334 0.021241830065359478 0.015625
1 0.5800653594771242 0.7807904411764706 0.016339869281045753 0.01133578431372549
1 0.8856209150326797 0.8256740196078431 0.0196078431372549 0.012254901960784314
1 0.6738153594771242 0.8564644607843137 0.017565359477124183 0.013174019607843137
1 0.47937091503267976 0.7599571078431373 0.014297385620915032 0.01011029411764706
1 0.772671568627451 0.8583026960784313 0.02246732026143791 0.015625
1 0.7837009803921569 0.9068627450980392 0.020016339869281044 0.014093137254901961
1 0.11294934640522876 0.8416053921568627 0.02165032679738562 0.014093137254901961
1 0.6572712418300654 0.8912377450980392 0.024509803921568627 0.018995098039215685
1 0.5063316993464052 0.8291973039215687 0.01919934640522876 0.014399509803921568
1 0.7880330882352942 0.9033394607843137 0.021327614379084966 0.013786764705882353
1 0.7638480392156863 0.8993566176470589 0.02361111111111111 0.015625
1 0.9915563725490196 0.8334865196078431 0.016609477124183005 0.013174019607843137
1 0.564375 0.7780330882352942 0.017638888888888888 0.010723039215686275
