1 0.4632352941176471 0.6749387254901961 0.016339869281045753 0.00980392156862745
1 0.14440359477124182 0.6164001225490197 0.01184640522875817 0.007310049019607843
1 0.7308006535947712 0.6178002450980392 0.014705882352941176 0.008272058823529412
1 0.15053104575163398 0.6021752450980392 0.01184640522875817 0.008272058823529412
1 0.17933006535947713 0.6124387254901961 0.012254901960784314 0.007965686274509803
1 0.7540849673202614 0.5984987745098039 0.011437908496732025 0.007659313725490196
1 0.13276143790849673 0.6158088235294118 0.011437908496732025 0.007965686274509803
1 0.14910130718954248 0.6245404411764706 0.011437908496732025 0.008272058823529412
1 0.65625 0.6465992647058824 0.015931372549019607 0.01133578431372549
1 0.29983660130718953 0.6321997549019608 0.013071895424836602 0.008884803921568627
1 0.2722630718954248 0.5819546568627451 0.013480392156862746 0.008272058823529412
1 0.38705065359477125 0.6943933823529411 0.01511437908496732 0.01011029411764706
1 0.6568627450980392 0.6109068627450981 0.013071895424836602 0.00857843137254902
1 0.8690767973856209 0.5787377450980392 0.012663398692810458 0.007965686274509803
1 0.21895424836601307 0.6378676470588235 0.012254901960784314 0.007965686274509803
1 0.24080882352941177 0.6109068627450981 0.011029411764705883 0.007352941176470588
1 0.7034313725490197 0.6161151960784313 0.012254901960784314 0.007965686274509803
1 0.22508169934640523 0.6070772058823529 0.011437908496732025 0.007659313725490196
1 0.8888888888888888 0.5877757352941176 0.012254901960784314 0.008884803921568627
1 0.7183415032679739 0.6083026960784313 0.01184640522875817 0.008272058823529412
1 0.7389705882352942 0.6202512254901961 0.016339869281045753 0.009497549019607842
1 0.7468688725490196 0.6195358455882353 0.012528594771241831 0.008066789215686274
1 0.32741013071895425 0.6012561274509803 0.014297385620915032 0.008272058823529412
1 0.3148937908496732 0.6406464460784315 0.013774509803921569 0.009846813725490197
1 0.8235294117647058 0.5935968137254902 0.012254901960784314 0.007659313725490196
1 0.46119281045751637 0.6194852941176471 0.014705882352941176 0.00857843137254902
1 0.735702614379085 0.7021032475490196 0.02042483660130719 0.012049632352941176
1 0.27780637254901963 0.6153048406862746 0.013129084967320261 0.008183210784313727
1 0.5841503267973857 0.6265318627450981 0.013071895424836602 0.009191176470588236
1 0.14489991830065357 0.6131832107843137 0.013656045751633986 0.007616421568627451
1 0.19138071895424835 0.6397058823529411 0.015931372549019607 0.00980392156862745
1 0.03527573529411765 0.632155330882353 0.016629901960784316 0.011246936274509805
1 0.860498366013072 0.6014093137254902 0.01511437908496732 0.00980392156862745
1 0.26572712418300654 0.6194852941176471 0.01184640522875817 0.00857843137254902
1 0.9499591503267973 0.6060049019607843 0.015931372549019607 0.010416666666666666
1 0.2604166666666667 0.5897671568627451 0.013480392156862746 0.00857843137254902
1 0.4548611111111111 0.6073835784313726 0.013480392156862746 0.009497549019607842
1 0.6348039215686274 0.6047794117647058 0.015522875816993464 0.00980392156862745
1 0.445874183006536 0.6112132352941176 0.013480392156862746 0.00980392156862745
1 0.13766339869281047 0.6302083333333334 0.012254901960784314 0.00857843137254902
1 0.4311683006535948 0.7176776960784313 0.01838235294117647 0.013174019607843137
1 0.7939133986928104 0.5863970588235294 0.015931372549019607 0.00980392156862745
1 0.18035130718954248 0.6548713235294118 0.017565359477124183 0.01133578431372549
1 0.9183006535947712 0.5899203431372549 0.016339869281045753 0.01133578431372549
1 0.9689542483660131 0.6044730392156863 0.018790849673202614 0.012254901960784314
1 0.8229166666666666 0.6266850490196079 0.015931372549019607 0.010723039215686275
1 0.7900326797385621 0.6415441176470589 0.01715686274509804 0.011642156862745098
1 0.16319444444444445 0.6585477941176471 0.016748366013071895 0.011948529411764705
1 0.07618464052287582 0.711703431372549 0.02165032679738562 0.013480392156862746
1 0.9546568627450981 0.7090992647058824 0.026143790849673203 0.018075980392156864
