1 0.715890522875817 0.6383272058823529 0.01184640522875817 0.007659313725490196
1 0.49264705882352944 0.6700367647058824 0.013888888888888888 0.007352941176470588
1 0.7894199346405228 0.6714154411764706 0.015931372549019607 0.008884803921568627
1 0.4456699346405229 0.6757046568627451 0.016339869281045753 0.01133578431372549
1 0.8645833333333334 0.6796875 0.01511437908496732 0.009497549019607842
1 0.9328022875816994 0.6812193627450981 0.016748366013071895 0.012561274509803922
1 0.7326388888888888 0.6897977941176471 0.01511437908496732 0.01133578431372549
1 0.10416666666666667 0.6930147058823529 0.02696078431372549 0.017769607843137254
1 0.31985294117647056 0.6974571078431373 0.014705882352941176 0.013786764705882353
1 0.47630718954248363 0.7006740196078431 0.02287581699346405 0.015931372549019607
1 0.18709150326797386 0.7041973039215687 0.015522875816993464 0.010723039215686275
1 0.5210375816993464 0.7071078431372549 0.016748366013071895 0.011642156862745098
1 0.5428921568627451 0.7107843137254902 0.027777777777777776 0.016544117647058824
1 0.3588643790849673 0.7113970588235294 0.01919934640522876 0.012254901960784314
1 0.6527777777777778 0.7192095588235294 0.022058823529411766 0.013174019607843137
1 0.2722630718954248 0.7222732843137255 0.014297385620915032 0.011948529411764705
1 0.8566176470588235 0.7288602941176471 0.021241830065359478 0.015318627450980392
1 0.16258169934640523 0.7296262254901961 0.015522875816993464 0.01133578431372549
1 0.8237336601307189 0.7319240196078431 0.016748366013071895 0.011642156862745098
1 0.26143790849673204 0.7363664215686274 0.015522875816993464 0.011948529411764705
1 0.23835784313725492 0.7380514705882353 0.016748366013071895 0.012867647058823529
1 0.7316176470588235 0.7539828431372549 0.012254901960784314 0.00857843137254902
1 0.5502450980392157 0.7568933823529411 0.017973856209150325 0.010723039215686275
1 0.8041258169934641 0.7579656862745098 0.025735294117647058 0.020833333333333332
1 0.8390522875816994 0.7579656862745098 0.02369281045751634 0.014705882352941176
1 0.3341503267973856 0.7587316176470589 0.018790849673202614 0.011948529411764705
1 0.024509803921568627 0.7610294117647058 0.02369281045751634 0.012254901960784314
1 0.5106209150326797 0.7650122549019608 0.017973856209150325 0.012254901960784314
1 0.18525326797385622 0.7651654411764706 0.016748366013071895 0.010723039215686275
1 0.41380718954248363 0.7670036764705882 0.02042483660130719 0.013786764705882353
1 0.05821078431372549 0.7682291666666666 0.01919934640522876 0.011948529411764705
1 0.2710375816993464 0.7682291666666666 0.017565359477124183 0.010723039215686275
1 0.33517156862745096 0.7685355392156863 0.015931372549019607 0.011948529411764705
1 0.24040032679738563 0.7693014705882353 0.015931372549019607 0.010416666666666666
1 0.6113153594771242 0.7697610294117647 0.014297385620915032 0.013174019607843137
1 0.31924019607843135 0.7711397058823529 0.016748366013071895 0.014705882352941176
1 0.4513888888888889 0.7712928921568627 0.00980392156862745 0.008884803921568627
1 0.5412581699346405 0.7731311274509803 0.013071895424836602 0.01133578431372549
1 0.7408088235294118 0.7749693627450981 0.020833333333333332 0.011948529411764705
1 0.6956699346405228 0.7763480392156863 0.025326797385620915 0.014093137254901961
1 0.5261437908496732 0.7789522058823529 0.012254901960784314 0.01133578431372549
1 0.5702614379084967 0.7794117647058824 0.0196078431372549 0.014705882352941176
1 0.17749183006535948 0.7815563725490197 0.014297385620915032 0.010416666666666666
1 0.2326388888888889 0.7841605392156863 0.02165032679738562 0.010723039215686275
1 0.676062091503268 0.7844669117647058 0.026143790849673203 0.011948529411764705
1 0.19648692810457516 0.7858455882352942 0.013071895424836602 0.010416666666666666
1 0.40584150326797386 0.7873774509803921 0.01838235294117647 0.012867647058823529
1 0.6938316993464052 0.7905943627450981 0.014297385620915032 0.008272058823529412
1 0.9044117647058824 0.7941176470588235 0.021241830065359478 0.014093137254901961
1 0.727328431372549 0.7950367647058824 0.0298202614379085 0.011642156862745098
1 0.41482843137254904 0.7951899509803921 0.016748366013071895 0.011948529411764705
1 0.2167075163398693 0.7956495098039216 0.017565359477124183 0.010416666666666666
1 0.5665849673202614 0.7970281862745098 0.012254901960784314 0.009497549019607842
1 0.7994281045751634 0.8000919117647058 0.03349673202614379 0.02297794117647059
1 0.8666258169934641 0.8011642156862745 0.020016339869281044 0.011642156862745098
1 0.13398692810457516 0.8011642156862745 0.02369281045751634 0.014093137254901961
1 0.7150735294117647 0.8106617647058824 0.027369281045751634 0.01838235294117647
1 0.3694852941176471 0.8227634803921569 0.02246732026143791 0.015625
1 0.59375 0.8327205882352942 0.020016339869281044 0.013480392156862746
1 0.5447303921568627 0.8385416666666666 0.023284313725490197 0.017769607843137254
1 0.6597222222222222 0.8393075980392157 0.029411764705882353 0.019301470588235295
1 0.3958333333333333 0.8480392156862745 0.017973856209150325 0.013480392156862746
1 0.20241013071895425 0.8503370098039216 0.01838235294117647 0.014399509803921568
1 0.6176470588235294 0.8530943627450981 0.029411764705882353 0.01991421568627451
1 0.015522875816993464 0.8581495098039216 0.025326797385620915 0.017769607843137254
1 0.40951797385620914 0.8639705882352942 0.014297385620915032 0.011029411764705883
1 0.06229575163398693 0.8670343137254902 0.015931372549019607 0.011029411764705883
1 0.8980800653594772 0.8719362745098039 0.027369281045751634 0.023284313725490197
1 0.9889705882352942 0.8720894607843137 0.021241830065359478 0.013786764705882353
1 0.6090686274509803 0.8772977941176471 0.02042483660130719 0.015012254901960785
1 0.9846813725490197 0.8910845588235294 0.025735294117647058 0.022365196078431373
1 0.8415032679738562 0.9540441176470589 0.022058823529411766 0.026348039215686275
1 0.8727246732026143 0.6523008578431373 0.016691176470588234 0.009871323529411764
1 0.9037377450980392 0.6190088848039216 0.01825980392156863 0.01191482843137255
1 0.7638786764705882 0.597562806372549 0.011417483660130718 0.008851102941176471
1 0.7820363562091504 0.6313311887254902 0.019138071895424838 0.010211397058823528
1 0.7531862745098039 0.614685968137255 0.011274509803921568 0.008170955882352941
