1 0.9046160130718954 0.7769607843137255 0.020016339869281044 0.011029411764705883
1 0.0625 0.7109375 0.017973856209150325 0.01133578431372549
1 0.22123161764705884 0.7067432598039215 0.013541666666666665 0.00846200980392157
1 0.6999591503267973 0.7886029411764706 0.01511437908496732 0.010416666666666666
1 0.2632761437908497 0.9675245098039216 0.01919934640522876 0.012867647058823529
1 0.8525326797385621 0.8365502450980392 0.014705882352941176 0.01011029411764706
1 0.5855800653594772 0.7890625 0.01511437908496732 0.009497549019607842
1 0.13480392156862744 0.8318014705882353 0.021241830065359478 0.012867647058823529
1 0.8911356209150327 0.8235294117647058 0.015931372549019607 0.011642156862745098
1 0.20077614379084968 0.9060968137254902 0.016748366013071895 0.010723039215686275
1 0.27818627450980393 0.7833946078431373 0.015522875816993464 0.009191176470588236
1 0.9667075163398693 0.7978707107843137 0.013480392156862746 0.009344362745098039
1 0.7593954248366013 0.8858762254901961 0.018790849673202614 0.011948529411764705
1 0.017769607843137254 0.8785232843137255 0.02246732026143791 0.013786764705882353
1 0.6883169934640523 0.7787990196078431 0.018790849673202614 0.013480392156862746
1 0.15073529411764705 0.6924019607843137 0.015522875816993464 0.00980392156862745
1 0.2771650326797386 0.7536764705882353 0.01511437908496732 0.00980392156862745
1 0.764297385620915 0.8118872549019608 0.02042483660130719 0.014705882352941176
1 0.4172794117647059 0.8474264705882353 0.014297385620915032 0.011029411764705883
1 0.9791666666666666 0.7553615196078431 0.016339869281045753 0.010723039215686275
1 0.2079248366013072 0.8595281862745098 0.016339869281045753 0.012561274509803922
1 0.8110702614379085 0.9290747549019608 0.017565359477124183 0.012561274509803922
1 0.7404003267973857 0.9045649509803921 0.01919934640522876 0.012561274509803922
1 0.6240257352941176 0.7585661764705882 0.014391339869281044 0.009166666666666667
1 0.9009395424836601 0.8088235294117647 0.016748366013071895 0.012254901960784314
1 0.023284313725490197 0.8901654411764706 0.02287581699346405 0.014399509803921568
1 0.4180964052287582 0.9393382352941176 0.014297385620915032 0.011029411764705883
1 0.38296568627450983 0.8489583333333334 0.01919934640522876 0.013480392156862746
1 0.9191176470588235 0.9624693627450981 0.022058823529411766 0.015625
1 0.2577614379084967 0.8390012254901961 0.018790849673202614 0.012561274509803922
1 0.6670751633986928 0.8791360294117647 0.016339869281045753 0.01133578431372549
1 0.8733660130718954 0.9356617647058824 0.0196078431372549 0.012867647058823529
1 0.6096813725490197 0.8955269607843137 0.01838235294117647 0.011642156862745098
1 0.2863562091503268 0.8627450980392157 0.022058823529411766 0.01715686274509804
1 0.6893382352941176 0.8973651960784313 0.015931372549019607 0.012254901960784314
1 0.9916258169934641 0.8694852941176471 0.015931372549019607 0.015931372549019607
1 0.6762663398692811 0.8527879901960784 0.016748366013071895 0.011948529411764705
1 0.9742647058823529 0.7313112745098039 0.017973856209150325 0.010416666666666666
1 0.2555147058823529 0.9410232843137255 0.024918300653594773 0.020526960784313725
1 0.7401960784313726 0.9131433823529411 0.02042483660130719 0.014399509803921568
1 0.5300245098039216 0.8457414215686274 0.01919934640522876 0.013174019607843137
1 0.5230800653594772 0.8334865196078431 0.016748366013071895 0.013174019607843137
1 0.4158496732026144 0.8843443627450981 0.021241830065359478 0.013174019607843137
1 0.6952614379084967 0.8017769607843137 0.017973856209150325 0.011642156862745098
1 0.7651143790849673 0.9122242647058824 0.017973856209150325 0.012561274509803922
1 0.5610702614379085 0.8711703431372549 0.01919934640522876 0.014399509803921568
1 0.7054738562091504 0.8762254901960784 0.017973856209150325 0.012867647058823529
1 0.6375857843137255 0.868624387254902 0.02108660130718954 0.015435049019607844
1 0.4258578431372549 0.8020833333333334 0.01919934640522876 0.014093137254901961
1 0.7689950980392157 0.9361213235294118 0.015931372549019607 0.011948529411764705
1 0.8858251633986928 0.8962928921568627 0.02165032679738562 0.015625
1 0.5191993464052288 0.9587928921568627 0.021241830065359478 0.015625
1 0.7303921568627451 0.9463848039215687 0.017973856209150325 0.013480392156862746
1 0.7620506535947712 0.8759191176470589 0.020833333333333332 0.014093137254901961
1 0.6452205882352942 0.8797487745098039 0.020833333333333332 0.013786764705882353
1 0.5735294117647058 0.8814338235294118 0.02042483660130719 0.015318627450980392
1 0.6617647058823529 0.8995098039215687 0.02287581699346405 0.015318627450980392
1 0.5373774509803921 0.8296568627450981 0.020016339869281044 0.014705882352941176
1 0.3901143790849673 0.8705575980392157 0.022058823529411766 0.015625
1 0.7344771241830066 0.8806678921568627 0.0196078431372549 0.015625
1 0.6621732026143791 0.8710171568627451 0.018790849673202614 0.012867647058823529
1 0.698937908496732 0.9203431372549019 0.021241830065359478 0.015318627450980392
1 0.8118872549019608 0.9142156862745098 0.020833333333333332 0.014705882352941176
1 0.9219771241830066 0.9313725490196079 0.02369281045751634 0.015931372549019607
1 0.3417075163398693 0.8893995098039216 0.024101307189542485 0.017769607843137254
1 0.8335375816993464 0.9103860294117647 0.024918300653594773 0.018075980392156864
1 0.9325980392156863 0.8970588235294118 0.02696078431372549 0.017769607843137254
1 0.7798202614379085 0.8852634803921569 0.02042483660130719 0.015012254901960785
1 0.5557598039215687 0.9656862745098039 0.02900326797385621 0.02267156862745098
1 0.6787173202614379 0.9114583333333334 0.020016339869281044 0.015318627450980392
1 0.6301613562091504 0.7631969975490196 0.013590686274509805 0.008011642156862744
1 0.8970853758169934 0.7798529411764706 0.014758986928104576 0.008235294117647058
