1 0.2565359477124183 0.6744791666666666 0.013071895424836602 0.010723039215686275
1 0.39481209150326796 0.7083333333333334 0.017565359477124183 0.010416666666666666
1 0.5363562091503268 0.7140012254901961 0.013071895424836602 0.010723039215686275
1 0.3464052287581699 0.7205882352941176 0.016339869281045753 0.009191176470588236
1 0.5618872549019608 0.7261029411764706 0.020833333333333332 0.011029411764705883
1 0.5890522875816994 0.7323835784313726 0.022058823529411766 0.013174019607843137
1 0.6070261437908496 0.7481617647058824 0.014705882352941176 0.013480392156862746
1 0.1227532679738562 0.7503063725490197 0.03553921568627451 0.025122549019607844
1 0.4054330065359477 0.7567401960784313 0.01511437908496732 0.009191176470588236
1 0.9758986928104575 0.7590379901960784 0.032679738562091505 0.022365196078431373
1 0.9070669934640523 0.7621017156862745 0.017565359477124183 0.015625
1 0.2922794117647059 0.7653186274509803 0.020833333333333332 0.013480392156862746
1 0.4076797385620915 0.7682291666666666 0.022058823529411766 0.018688725490196078
1 0.43933823529411764 0.774203431372549 0.01838235294117647 0.015931372549019607
1 0.6725898692810458 0.8221507352941176 0.030637254901960783 0.019301470588235295
1 0.8739787581699346 0.8319546568627451 0.0298202614379085 0.018075980392156864
1 0.9354575163398693 0.8583026960784313 0.03022875816993464 0.019301470588235295
1 0.9895833333333334 0.8740808823529411 0.020833333333333332 0.014093137254901961
1 0.0872140522875817 0.8759191176470589 0.024918300653594773 0.02144607843137255
1 0.4144199346405229 0.8817401960784313 0.020016339869281044 0.013480392156862746
1 0.6301062091503268 0.8923100490196079 0.017565359477124183 0.009497549019607842
1 0.09048202614379085 0.9013480392156863 0.03390522875816993 0.014093137254901961
1 0.36764705882352944 0.9042585784313726 0.026143790849673203 0.022365196078431373
1 0.5522875816993464 0.9044117647058824 0.02287581699346405 0.0196078431372549
1 0.622140522875817 0.9045649509803921 0.024509803921568627 0.022365196078431373
1 0.09681372549019608 0.9143688725490197 0.032679738562091505 0.020526960784313725
1 0.5700571895424836 0.9263174019607843 0.023284313725490197 0.01991421568627451
1 0.3819444444444444 0.9459252450980392 0.029411764705882353 0.02542892156862745
1 0.8063725490196079 0.9482230392156863 0.025326797385620915 0.017769607843137254
1 0.636437908496732 0.9508272058823529 0.029411764705882353 0.026041666666666668
