1 0.33517156862745096 0.8544730392156863 0.020016339869281044 0.012254901960784314
1 0.1766748366013072 0.7564338235294118 0.012663398692810458 0.00857843137254902
1 0.007761437908496732 0.8737745098039216 0.012254901960784314 0.011642156862745098
1 0.914828431372549 0.6942401960784313 0.013480392156862746 0.00857843137254902
1 0.8678513071895425 0.6518075980392157 0.014297385620915032 0.008272058823529412
1 0.15747549019607843 0.7824754901960784 0.012663398692810458 0.00857843137254902
1 0.07475490196078431 0.7696078431372549 0.01715686274509804 0.010416666666666666
1 0.8911356209150327 0.6864276960784313 0.012663398692810458 0.008272058823529412
1 0.09504084967320262 0.6594270833333333 0.013611111111111112 0.007579656862745097
1 0.09267565359477124 0.6543627450980393 0.011331699346405228 0.006642156862745098
1 0.21058006535947713 0.7009803921568627 0.01511437908496732 0.00857843137254902
1 0.0494281045751634 0.6832107843137255 0.010620915032679739 0.007352941176470588
1 0.5586540032679739 0.6607689950980392 0.01354983660130719 0.009650735294117647
1 0.7928921568627451 0.8121936274509803 0.025326797385620915 0.015318627450980392
1 0.7028186274509803 0.8515625 0.01919934640522876 0.013786764705882353
1 0.9050245098039216 0.6750919117647058 0.011029411764705883 0.008272058823529412
1 0.7918709150326797 0.8630514705882353 0.020833333333333332 0.015931372549019607
1 0.940359477124183 0.6464460784313726 0.013071895424836602 0.00857843137254902
1 0.8519199346405228 0.7328431372549019 0.01919934640522876 0.011642156862745098
1 0.009138071895424838 0.664578737745098 0.013374183006535948 0.008691789215686275
1 0.22344771241830066 0.6965379901960784 0.015522875816993464 0.01011029411764706
1 0.9793709150326797 0.6433823529411765 0.01511437908496732 0.00857843137254902
1 0.8666258169934641 0.6931678921568627 0.016748366013071895 0.01011029411764706
1 0.8884803921568627 0.6649816176470589 0.012254901960784314 0.008272058823529412
1 0.8886846405228758 0.647671568627451 0.012663398692810458 0.009191176470588236
1 0.2824754901960784 0.7261029411764706 0.012663398692810458 0.00857843137254902
1 0.1701388888888889 0.9016544117647058 0.02165032679738562 0.014093137254901961
1 0.954248366013072 0.6343443627450981 0.013888888888888888 0.008884803921568627
1 0.909109477124183 0.6493566176470589 0.014297385620915032 0.008884803921568627
1 0.9930555555555556 0.6435355392156863 0.013071895424836602 0.01011029411764706
1 0.14127450980392156 0.7156219362745098 0.017026143790849674 0.0090625
1 0.9256535947712419 0.6459865196078431 0.013071895424836602 0.008884803921568627
1 0.5298202614379085 0.7837009803921569 0.018790849673202614 0.013480392156862746
1 0.024918300653594773 0.6639093137254902 0.013071895424836602 0.00857843137254902
1 0.21997549019607843 0.7185968137254902 0.014297385620915032 0.008884803921568627
1 0.20588235294117646 0.7617953431372549 0.014705882352941176 0.009497549019607842
1 0.23529411764705882 0.7584252450980392 0.014705882352941176 0.009497549019607842
1 0.015318627450980392 0.8264399509803921 0.01919934640522876 0.011948529411764705
1 0.8710008169934641 0.7424938725490197 0.019779411764705882 0.013786764705882353
1 0.3770424836601307 0.8152573529411765 0.0196078431372549 0.014093137254901961
1 0.12173202614379085 0.6681985294117647 0.015522875816993464 0.010416666666666666
1 0.06964869281045752 0.8080575980392157 0.02165032679738562 0.014399509803921568
1 0.20772058823529413 0.7310049019607843 0.012663398692810458 0.00857843137254902
1 0.12336601307189543 0.694546568627451 0.015522875816993464 0.010416666666666666
1 0.09272875816993464 0.8074448529411765 0.018790849673202614 0.013174019607843137
1 0.4097222222222222 0.7553615196078431 0.01715686274509804 0.011948529411764705
1 0.35314542483660133 0.7575061274509803 0.016748366013071895 0.011948529411764705
1 0.3355800653594771 0.7284007352941176 0.017565359477124183 0.010723039215686275
1 0.4714052287581699 0.7861519607843137 0.021241830065359478 0.015318627450980392
1 0.33986928104575165 0.7671568627450981 0.02042483660130719 0.014093137254901961
1 0.3206699346405229 0.7443321078431373 0.015522875816993464 0.01011029411764706
1 0.6507352941176471 0.8774509803921569 0.021241830065359478 0.015931372549019607
1 0.15053104575163398 0.757046568627451 0.01511437908496732 0.011029411764705883
1 0.7598039215686274 0.813265931372549 0.0196078431372549 0.013786764705882353
1 0.11131535947712418 0.7688419117647058 0.01838235294117647 0.011948529411764705
1 0.286968954248366 0.8411458333333334 0.01919934640522876 0.013786764705882353
1 0.046772875816993464 0.8474264705882353 0.024918300653594773 0.016544117647058824
1 0.07332516339869281 0.7524509803921569 0.01838235294117647 0.011642156862745098
1 0.8331290849673203 0.8613664215686274 0.027369281045751634 0.01991421568627451
