1 0.0545343137254902 0.6493566176470589 0.01511437908496732 0.01011029411764706
1 0.022058823529411766 0.6544117647058824 0.013888888888888888 0.00857843137254902
1 0.6866830065359477 0.6144301470588235 0.0196078431372549 0.01133578431372549
1 0.15727124183006536 0.7072610294117647 0.022058823529411766 0.011948529411764705
1 0.9084967320261438 0.7009803921568627 0.02042483660130719 0.012254901960784314
1 0.2834967320261438 0.9621629901960784 0.029411764705882353 0.020526960784313725
1 0.6613562091503268 0.5954350490196079 0.013888888888888888 0.009497549019607842
1 0.21977124183006536 0.6462928921568627 0.014705882352941176 0.009497549019607842
1 0.7545731209150327 0.5646568627450981 0.014048202614379085 0.009215686274509803
1 0.39278594771241826 0.6064292279411765 0.015964052287581697 0.011265318627450982
1 0.3939950980392157 0.7418811274509803 0.01838235294117647 0.015012254901960785
1 0.7162990196078431 0.5879289215686274 0.013480392156862746 0.00857843137254902
1 0.380718954248366 0.7489276960784313 0.016339869281045753 0.01133578431372549
1 0.9123161764705882 0.5538036151960785 0.014174836601307191 0.008342524509803922
1 0.7975898692810458 0.6245404411764706 0.017565359477124183 0.01011029411764706
1 0.8247549019607843 0.6240808823529411 0.01715686274509804 0.010416666666666666
1 0.3672385620915033 0.6501225490196079 0.0196078431372549 0.014093137254901961
1 0.8396650326797386 0.5534620098039216 0.012663398692810458 0.007659313725490196
1 0.7888071895424836 0.5897671568627451 0.017973856209150325 0.011642156862745098
1 0.4131944444444444 0.6168811274509803 0.016748366013071895 0.010723039215686275
1 0.588031045751634 0.9244791666666666 0.025735294117647058 0.01685049019607843
1 0.9622140522875817 0.6763174019607843 0.01919934640522876 0.013786764705882353
1 0.8694056372549019 0.7378982843137255 0.02639297385620915 0.016237745098039217
1 0.2589869281045752 0.6416973039215687 0.025326797385620915 0.017463235294117647
1 0.6086601307189542 0.9080882352941176 0.027777777777777776 0.01838235294117647
1 0.8725490196078431 0.5747549019607843 0.015522875816993464 0.00980392156862745
1 0.5655637254901961 0.921109068627451 0.02165032679738562 0.016237745098039217
1 0.0857843137254902 0.7645526960784313 0.022058823529411766 0.01685049019607843
1 0.06781045751633986 0.7731311274509803 0.021241830065359478 0.012561274509803922
1 0.9758986928104575 0.578125 0.01715686274509804 0.010416666666666666
1 0.647845179738562 0.5642325367647059 0.01301062091503268 0.008979779411764706
1 0.7023794934640523 0.5570082720588235 0.013419117647058824 0.009237132352941177
1 0.8596813725490197 0.6354166666666666 0.01919934640522876 0.012254901960784314
1 0.6664930555555556 0.5525658700980393 0.01190767973856209 0.008318014705882353
1 0.7969771241830066 0.6109068627450981 0.018790849673202614 0.011642156862745098
1 0.9436274509803921 0.6773897058823529 0.0196078431372549 0.012867647058823529
1 0.7425224673202614 0.5704656862745098 0.012822712418300655 0.007352941176470588
1 0.9281045751633987 0.5614276960784313 0.013888888888888888 0.009497549019607842
1 0.8490604575163399 0.6295955882352942 0.016748366013071895 0.011029411764705883
1 0.9055759803921568 0.5554656862745098 0.014583333333333335 0.007990196078431372
1 0.6582291666666666 0.5590716911764706 0.01335375816993464 0.00846200980392157
1 0.07066993464052287 0.6887254901960784 0.0196078431372549 0.012254901960784314
1 0.9013480392156863 0.5736825980392157 0.01511437908496732 0.009497549019607842
1 0.7461192810457516 0.9666053921568627 0.0298202614379085 0.02389705882352941
1 0.41830065359477125 0.6294424019607843 0.018790849673202614 0.011948529411764705
1 0.8882761437908496 0.6930147058823529 0.02165032679738562 0.014705882352941176
1 0.4973447712418301 0.9079350490196079 0.0298202614379085 0.020526960784313725
1 0.5939542483660131 0.7835477941176471 0.025326797385620915 0.018075980392156864
1 0.8637663398692811 0.6979166666666666 0.02246732026143791 0.014705882352941176
1 0.8543709150326797 0.9575674019607843 0.03145424836601307 0.026041666666666668
1 0.8519199346405228 0.5654105392156863 0.01511437908496732 0.01011029411764706
1 0.8202614379084967 0.6167279411764706 0.017973856209150325 0.011642156862745098
1 0.16272263071895426 0.6447610294117647 0.02397467320261438 0.013174019607843137
1 0.16380718954248366 0.9724264705882353 0.02696078431372549 0.0196078431372549
1 0.8016748366013072 0.5559129901960784 0.017565359477124183 0.01133578431372549
1 0.7181372549019608 0.5534620098039216 0.015522875816993464 0.01133578431372549
1 0.015522875816993464 0.8881740196078431 0.028594771241830064 0.022058823529411766
1 0.3758169934640523 0.7078737745098039 0.025326797385620915 0.018688725490196078
1 0.7992238562091504 0.984375 0.03308823529411765 0.026348039215686275
1 0.8398692810457516 0.9708946078431373 0.041666666666666664 0.03431372549019608
1 0.2761437908496732 0.9869791666666666 0.032679738562091505 0.02420343137254902
1 0.12336601307189543 0.9852941176470589 0.03594771241830065 0.026348039215686275
1 0.7252859477124183 0.9754901960784313 0.03390522875816993 0.02389705882352941
1 0.43647875816993464 0.7305453431372549 0.026552287581699346 0.016237745098039217
1 0.4287173202614379 0.8025428921568627 0.024918300653594773 0.020526960784313725
1 0.030637254901960783 0.7827818627450981 0.026143790849673203 0.017769607843137254
1 0.3770424836601307 0.664828431372549 0.022058823529411766 0.014705882352941176
1 0.8939950980392157 0.7469362745098039 0.025735294117647058 0.0196078431372549
1 0.6836192810457516 0.8258272058823529 0.03145424836601307 0.023590686274509803
1 0.7473447712418301 0.8203125 0.028186274509803922 0.01991421568627451
1 0.8941993464052288 0.8668811274509803 0.032679738562091505 0.02297794117647059
1 0.5234885620915033 0.8955269607843137 0.026552287581699346 0.020833333333333332
1 0.7843137254901961 0.8636642156862745 0.03104575163398693 0.02389705882352941
1 0.5496323529411765 0.8817401960784313 0.03145424836601307 0.025735294117647058
1 0.7499244281045752 0.5681326593137255 0.012920751633986928 0.009427083333333332
1 0.6522896241830065 0.5625229779411764 0.012912581699346405 0.008011642156862744
1 0.7002471405228757 0.613641237745098 0.017324346405228758 0.010370710784313725
1 0.9353533496732026 0.687311580882353 0.015314542483660131 0.009427083333333332
1 0.9405555555555556 0.6959129901960784 0.024901960784313726 0.014375
