1 0.7369281045751634 0.6994485294117647 0.0196078431372549 0.012867647058823529
1 0.6570669934640523 0.8290441176470589 0.016748366013071895 0.011029411764705883
1 0.36376633986928103 0.8060661764705882 0.016748366013071895 0.012254901960784314
1 0.5518321078431373 0.7799417892156862 0.017879901960784313 0.012089460784313727
1 0.7685866013071896 0.7346813725490197 0.016748366013071895 0.010416666666666666
1 0.7775735294117647 0.6455269607843137 0.012663398692810458 0.00857843137254902
1 0.3617238562091503 0.8160232843137255 0.014297385620915032 0.01011029411764706
1 0.0055147058823529415 0.936734068627451 0.011029411764705883 0.014399509803921568
1 0.8082107843137255 0.7074142156862745 0.014297385620915032 0.00857843137254902
1 0.9522058823529411 0.7628676470588235 0.016339869281045753 0.00980392156862745
1 0.23488562091503268 0.8521752450980392 0.013888888888888888 0.010723039215686275
1 0.5529779411764706 0.9074172794117646 0.019354575163398693 0.013976715686274508
1 0.8327205882352942 0.7558210784313726 0.014297385620915032 0.010416666666666666
1 0.5716911764705882 0.7405024509803921 0.011029411764705883 0.00857843137254902
1 0.20588235294117646 0.8546262254901961 0.012254901960784314 0.009497549019607842
1 0.4303513071895425 0.9083946078431373 0.01919934640522876 0.014093137254901961
1 0.37336601307189543 0.8085171568627451 0.01715686274509804 0.011029411764705883
1 0.8233251633986928 0.8020833333333334 0.01511437908496732 0.011029411764705883
1 0.44689542483660133 0.8555453431372549 0.015522875816993464 0.011948529411764705
1 0.3859027777777778 0.9647794117647058 0.030792483660130716 0.01963235294117647
1 0.7393790849673203 0.8515625 0.0196078431372549 0.013786764705882353
1 0.9046160130718954 0.8360906862745098 0.02165032679738562 0.013480392156862746
1 0.608047385620915 0.7228860294117647 0.01511437908496732 0.010723039215686275
1 0.48531045751633983 0.9174096200980393 0.02127450980392157 0.014966299019607844
1 0.6131535947712419 0.9280024509803921 0.022058823529411766 0.015318627450980392
1 0.5232843137254902 0.8178615196078431 0.013071895424836602 0.008884803921568627
1 0.8794934640522876 0.7268688725490197 0.017973856209150325 0.01011029411764706
1 0.5416666666666666 0.8491115196078431 0.01715686274509804 0.013174019607843137
1 0.8167892156862745 0.7869178921568627 0.01919934640522876 0.011948529411764705
1 0.6975081699346405 0.8305759803921569 0.017565359477124183 0.012254901960784314
1 0.9918300653594772 0.8244485294117647 0.016339869281045753 0.014093137254901961
1 0.21854575163398693 0.9419424019607843 0.022058823529411766 0.013174019607843137
1 0.32516339869281047 0.9394914215686274 0.02287581699346405 0.01991421568627451
1 0.1750408496732026 0.8501838235294118 0.013480392156862746 0.00857843137254902
1 0.5373937908496732 0.7807674632352942 0.013513071895424836 0.010677083333333334
1 0.8647875816993464 0.6553308823529411 0.012254901960784314 0.007965686274509803
1 0.8719362745098039 0.8056066176470589 0.017565359477124183 0.012561274509803922
1 0.8527369281045751 0.7293198529411765 0.015931372549019607 0.01133578431372549
1 0.9076797385620915 0.6524203431372549 0.011437908496732025 0.0070465686274509805
1 0.49959150326797386 0.7803308823529411 0.01715686274509804 0.012254901960784314
1 0.718670343137255 0.8752941176470589 0.02067401960784314 0.014068627450980392
1 0.8253676470588235 0.7103247549019608 0.017565359477124183 0.009497549019607842
1 0.8439542483660131 0.8590686274509803 0.015522875816993464 0.011029411764705883
1 0.48733660130718953 0.8563112745098039 0.015522875816993464 0.010416666666666666
1 0.5010212418300654 0.8406862745098039 0.013480392156862746 0.011029411764705883
1 0.7620506535947712 0.8206188725490197 0.016748366013071895 0.01133578431372549
1 0.8506944444444444 0.7365196078431373 0.014297385620915032 0.010416666666666666
1 0.5957924836601307 0.7365196078431373 0.014297385620915032 0.010416666666666666
1 0.5929330065359477 0.8196997549019608 0.020016339869281044 0.013786764705882353
1 0.7738970588235294 0.7009803921568627 0.014297385620915032 0.010416666666666666
1 0.8159722222222222 0.7316176470588235 0.017565359477124183 0.010416666666666666
1 0.738639705882353 0.8763556985294119 0.01894607843137255 0.013740808823529412
1 0.5714869281045751 0.8572303921568627 0.01715686274509804 0.012254901960784314
1 0.8719362745098039 0.8229166666666666 0.016748366013071895 0.011029411764705883
1 0.35866013071895425 0.8590686274509803 0.015522875816993464 0.011642156862745098
1 0.9099264705882353 0.7423406862745098 0.02165032679738562 0.013480392156862746
1 0.9001225490196079 0.8109681372549019 0.02246732026143791 0.012254901960784314
1 0.8361928104575164 0.8092830882352942 0.02287581699346405 0.014399509803921568
1 0.9752859477124183 0.7231924019607843 0.017565359477124183 0.01133578431372549
1 0.32883986928104575 0.9722732843137255 0.022058823529411766 0.01685049019607843
1 0.12030228758169935 0.8478860294117647 0.020833333333333332 0.014399509803921568
1 0.45669934640522875 0.9090073529411765 0.02042483660130719 0.014705882352941176
1 0.3756127450980392 0.8579963235294118 0.01919934640522876 0.013786764705882353
1 0.3635763888888889 0.9225827205882353 0.02372140522875817 0.017346813725490195
1 0.5580065359477124 0.8011642156862745 0.016339869281045753 0.011029411764705883
1 0.6141748366013072 0.8576899509803921 0.01511437908496732 0.01011029411764706
1 0.36008986928104575 0.8462009803921569 0.01838235294117647 0.012867647058823529
1 0.6938316993464052 0.8007046568627451 0.01838235294117647 0.011948529411764705
1 0.6968954248366013 0.8088235294117647 0.018790849673202614 0.011642156862745098
1 0.2861519607843137 0.8635110294117647 0.016748366013071895 0.012561274509803922
1 0.4244281045751634 0.8834252450980392 0.014705882352941176 0.012561274509803922
1 0.6519607843137255 0.8498774509803921 0.016339869281045753 0.011029411764705883
1 0.20915032679738563 0.9503676470588235 0.024509803921568627 0.017769607843137254
1 0.8956290849673203 0.8344056372549019 0.020833333333333332 0.011948529411764705
1 0.06658496732026144 0.9636948529411765 0.02287581699346405 0.019301470588235295
1 0.14583333333333334 0.874234068627451 0.02042483660130719 0.010723039215686275
1 0.4105392156862745 0.8878676470588235 0.021241830065359478 0.016544117647058824
1 0.9926470588235294 0.7556678921568627 0.013888888888888888 0.011948529411764705
1 0.4577205882352941 0.8668811274509803 0.015931372549019607 0.01011029411764706
1 0.9683415032679739 0.6574754901960784 0.013480392156862746 0.00980392156862745
1 0.934640522875817 0.6587009803921569 0.014705882352941176 0.009191176470588236
1 0.8174019607843137 0.7959558823529411 0.02287581699346405 0.014705882352941176
1 0.8700980392156863 0.7403492647058824 0.02042483660130719 0.011948529411764705
1 0.8245506535947712 0.8514093137254902 0.016748366013071895 0.010416666666666666
1 0.8911356209150327 0.8520220588235294 0.01838235294117647 0.011642156862745098
1 0.8218954248366013 0.8428308823529411 0.015522875816993464 0.011029411764705883
1 0.21037581699346405 0.8321078431372549 0.01715686274509804 0.012867647058823529
1 0.6977124183006536 0.8532475490196079 0.016339869281045753 0.012254901960784314
1 0.0051062091503267975 0.8066789215686274 0.010212418300653595 0.014093137254901961
1 0.4250408496732026 0.858609068627451 0.016748366013071895 0.013174019607843137
1 0.8116830065359477 0.7412683823529411 0.017973856209150325 0.01011029411764706
1 0.8206699346405228 0.8189338235294118 0.02042483660130719 0.014093137254901961
1 0.7138480392156863 0.8514093137254902 0.017565359477124183 0.012867647058823529
1 0.6995506535947712 0.8409926470588235 0.015931372549019607 0.014093137254901961
1 0.4693627450980392 0.8498774509803921 0.015522875816993464 0.011029411764705883
1 0.7553104575163399 0.8497242647058824 0.016339869281045753 0.011948529411764705
1 0.7892156862745098 0.7450980392156863 0.0196078431372549 0.012867647058823529
1 0.9371078431372549 0.6682107843137255 0.01392156862745098 0.010441176470588235
1 0.7283496732026143 0.8428308823529411 0.02042483660130719 0.014705882352941176
1 0.8384395424836601 0.7951899509803921 0.02165032679738562 0.014399509803921568
1 0.1948529411764706 0.8268995098039216 0.017973856209150325 0.011029411764705883
1 0.47487745098039214 0.9260110294117647 0.02246732026143791 0.015625
1 0.9089052287581699 0.8223039215686274 0.018790849673202614 0.012254901960784314
1 0.01491013071895425 0.7544424019607843 0.020833333333333332 0.014399509803921568
1 0.6272467320261438 0.8454350490196079 0.01838235294117647 0.013786764705882353
1 0.9836601307189542 0.8177083333333334 0.021241830065359478 0.014705882352941176
1 0.8549836601307189 0.8023897058823529 0.02042483660130719 0.014093137254901961
1 0.41217320261437906 0.8596813725490197 0.016339869281045753 0.012254901960784314
1 0.7863562091503268 0.7642463235294118 0.02042483660130719 0.013174019607843137
1 0.4861111111111111 0.8432904411764706 0.018790849673202614 0.015012254901960785
1 0.06699346405228758 0.8330269607843137 0.021241830065359478 0.015318627450980392
1 0.45526960784313725 0.8439031862745098 0.02165032679738562 0.015012254901960785
1 0.803921568627451 0.8458946078431373 0.021241830065359478 0.013480392156862746
1 0.7094178921568627 0.789733455882353 0.02014297385620915 0.015741421568627453
1 0.32516339869281047 0.8255208333333334 0.018790849673202614 0.013786764705882353
1 0.19362745098039216 0.8371629901960784 0.018790849673202614 0.012561274509803922
1 0.8329248366013072 0.7777267156862745 0.021241830065359478 0.012561274509803922
1 0.9015522875816994 0.7677696078431373 0.025326797385620915 0.014093137254901961
1 0.1284722222222222 0.8578431372549019 0.02165032679738562 0.012254901960784314
1 0.6145833333333334 0.8736213235294118 0.01919934640522876 0.015012254901960785
1 0.028186274509803922 0.8115808823529411 0.02042483660130719 0.015931372549019607
1 0.8423202614379085 0.8203125 0.02042483660130719 0.015625
1 0.6768790849673203 0.8393075980392157 0.021241830065359478 0.01685049019607843
1 0.31290849673202614 0.8440563725490197 0.018790849673202614 0.013480392156862746
1 0.7736928104575164 0.8500306372549019 0.0196078431372549 0.014399509803921568
1 0.19301470588235295 0.8700980392156863 0.020016339869281044 0.014705882352941176
1 0.3069852941176471 0.8618259803921569 0.020833333333333332 0.014705882352941176
1 0.04370915032679738 0.8141850490196079 0.021241830065359478 0.015012254901960785
1 0.954248366013072 0.750765931372549 0.022058823529411766 0.013786764705882353
1 0.3805147058823529 0.8446691176470589 0.02246732026143791 0.01715686274509804
1 0.8120915032679739 0.8080575980392157 0.021241830065359478 0.015012254901960785
1 0.7147712418300654 0.7844546568627451 0.014509803921568629 0.011311274509803923
1 0.9363255718954249 0.6729120710784314 0.015625 0.009427083333333332
