1 0.6182598039215687 0.8370098039215687 0.01838235294117647 0.014093137254901961
1 0.5774101307189542 0.7647058823529411 0.020016339869281044 0.016544117647058824
1 0.26143790849673204 0.7352941176470589 0.01715686274509804 0.012254901960784314
1 0.2571486928104575 0.6256127450980392 0.01838235294117647 0.010416666666666666
1 0.3937908496732026 0.7011335784313726 0.017973856209150325 0.013786764705882353
1 0.3984885620915033 0.7967218137254902 0.016748366013071895 0.011948529411764705
1 0.34068627450980393 0.7113970588235294 0.015522875816993464 0.011029411764705883
1 0.3525326797385621 0.8397671568627451 0.01715686274509804 0.011642156862745098
1 0.9054330065359477 0.6181066176470589 0.01838235294117647 0.011948529411764705
1 0.3278186274509804 0.7069546568627451 0.01838235294117647 0.01133578431372549
1 0.6913807189542484 0.7855392156862745 0.01919934640522876 0.014705882352941176
1 0.5569852941176471 0.8397671568627451 0.02246732026143791 0.015931372549019607
1 0.9730392156862745 0.7919730392156863 0.02696078431372549 0.0196078431372549
1 0.8586601307189542 0.719515931372549 0.022058823529411766 0.014399509803921568
1 0.877859477124183 0.8488051470588235 0.02042483660130719 0.014399509803921568
1 0.1147875816993464 0.8347120098039216 0.024509803921568627 0.016237745098039217
1 0.8304738562091504 0.8578431372549019 0.02696078431372549 0.018995098039215685
1 0.3306781045751634 0.8426776960784313 0.020016339869281044 0.015012254901960785
