1 0.8946078431372549 0.7259497549019608 0.013071895424836602 0.008884803921568627
1 0.40665849673202614 0.7164522058823529 0.012663398692810458 0.008272058823529412
1 0.7665441176470589 0.7383578431372549 0.015931372549019607 0.00980392156862745
1 0.42544934640522875 0.7241115196078431 0.013480392156862746 0.008272058823529412
1 0.8012663398692811 0.7333026960784313 0.014297385620915032 0.008884803921568627
1 0.16176470588235295 0.6934742647058824 0.022058823529411766 0.013786764705882353
1 0.30330882352941174 0.7227328431372549 0.01511437908496732 0.010416666666666666
1 0.8601919934640523 0.7010569852941176 0.013684640522875817 0.008731617647058824
1 0.9595588235294118 0.7098651960784313 0.015522875816993464 0.00980392156862745
1 0.9197303921568627 0.7504595588235294 0.014297385620915032 0.009497549019607842
1 0.9088296568627451 0.6912714460784314 0.012920751633986928 0.007542892156862746
1 0.2757352941176471 0.7123161764705882 0.02042483660130719 0.012254901960784314
1 0.5412581699346405 0.6914828431372549 0.014705882352941176 0.009191176470588236
1 0.8739787581699346 0.6893382352941176 0.014297385620915032 0.00980392156862745
1 0.5745506535947712 0.7535232843137255 0.01511437908496732 0.01011029411764706
1 0.8866176470588235 0.6933394607843137 0.01343137254901961 0.009227941176470588
1 0.7093545751633987 0.7464767156862745 0.017565359477124183 0.011948529411764705
1 0.7295751633986928 0.7228860294117647 0.016339869281045753 0.01133578431372549
1 0.7986111111111112 0.7418811274509803 0.015522875816993464 0.010723039215686275
1 0.1294934640522876 0.6988357843137255 0.018790849673202614 0.015931372549019607
1 0.5102124183006536 0.8653492647058824 0.0196078431372549 0.013786764705882353
1 0.827001633986928 0.7250306372549019 0.01511437908496732 0.010723039215686275
1 0.14930555555555555 0.8529411764705882 0.034722222222222224 0.02144607843137255
1 0.8713235294117647 0.8423713235294118 0.022058823529411766 0.015625
1 0.23427287581699346 0.758578431372549 0.01838235294117647 0.011642156862745098
1 0.9409722222222222 0.7052696078431373 0.014297385620915032 0.009191176470588236
1 0.7714460784313726 0.7423207720588235 0.01919934640522876 0.011602328431372549
1 0.704248366013072 0.7670036764705882 0.021241830065359478 0.015012254901960785
1 0.514501633986928 0.8581495098039216 0.02165032679738562 0.015931372549019607
1 0.42626633986928103 0.8938419117647058 0.020833333333333332 0.015625
1 0.4528186274509804 0.8137254901960784 0.015931372549019607 0.012867647058823529
1 0.5149101307189542 0.8299632352941176 0.016748366013071895 0.013480392156862746
1 0.4562908496732026 0.7660845588235294 0.0196078431372549 0.012561274509803922
1 0.3925653594771242 0.9578737745098039 0.02287581699346405 0.017463235294117647
1 0.9283088235294118 0.7967218137254902 0.01919934640522876 0.015625
1 0.4840686274509804 0.8475796568627451 0.024509803921568627 0.016237745098039217
1 0.8999183006535948 0.7944240196078431 0.0196078431372549 0.014093137254901961
1 0.8760212418300654 0.7391237745098039 0.017565359477124183 0.011948529411764705
1 0.9046160130718954 0.7089460784313726 0.015931372549019607 0.011029411764705883
1 0.9301470588235294 0.6997549019607843 0.015522875816993464 0.00980392156862745
1 0.8127042483660131 0.7953431372549019 0.020016339869281044 0.013480392156862746
1 0.880718954248366 0.828890931372549 0.024509803921568627 0.017463235294117647
1 0.34395424836601307 0.7265625 0.02042483660130719 0.012561274509803922
1 0.25857843137254904 0.8189338235294118 0.027777777777777776 0.0196078431372549
1 0.7422385620915033 0.8235294117647058 0.017973856209150325 0.014705882352941176
1 0.8478349673202614 0.866421568627451 0.023284313725490197 0.01715686274509804
1 0.39052287581699346 0.9002757352941176 0.02369281045751634 0.018075980392156864
1 0.710171568627451 0.8826593137254902 0.023284313725490197 0.0196078431372549
1 0.8302696078431373 0.8772977941176471 0.024918300653594773 0.017463235294117647
1 0.528390522875817 0.8730085784313726 0.02246732026143791 0.016237745098039217
1 0.7988153594771242 0.8889399509803921 0.024918300653594773 0.018688725490196078
1 0.3037173202614379 0.8990502450980392 0.026552287581699346 0.021139705882352942
1 0.30621936274509803 0.8644500612745099 0.02502042483660131 0.018115808823529412
1 0.7310049019607843 0.8872549019607843 0.024101307189542485 0.0196078431372549
1 0.7673386437908496 0.6911963848039215 0.014252450980392158 0.008618259803921568
1 0.8988316993464053 0.6929764093137255 0.010898692810457517 0.0072763480392156864
1 0.5000959967320261 0.6933409926470588 0.009995915032679738 0.00555453431372549
1 0.3053186274509804 0.8548560049019608 0.022401960784313727 0.013020833333333334
