1 0.6141748366013072 0.8541666666666666 0.024918300653594773 0.016544117647058824
1 0.6486928104575164 0.6404718137254902 0.013071895424836602 0.008272058823529412
1 0.23386437908496732 0.6302083333333334 0.014297385620915032 0.00857843137254902
1 0.20833333333333334 0.6462806372549019 0.015522875816993464 0.00886029411764706
1 0.4007352941176471 0.6243872549019608 0.014705882352941176 0.00980392156862745
1 0.04840686274509804 0.6369485294117647 0.01184640522875817 0.00857843137254902
1 0.6964869281045751 0.7469362745098039 0.018790849673202614 0.012254901960784314
1 0.409109477124183 0.7478553921568627 0.02246732026143791 0.014705882352941176
1 0.14644607843137256 0.7360600490196079 0.017565359477124183 0.012561274509803922
1 0.29697712418300654 0.7512254901960784 0.021241830065359478 0.014093137254901961
1 0.49142156862745096 0.930453431372549 0.02369281045751634 0.017769607843137254
1 0.5559640522875817 0.6767769607843137 0.01715686274509804 0.011029411764705883
1 0.06025326797385621 0.6384803921568627 0.014297385620915032 0.009191176470588236
1 0.4895833333333333 0.639859068627451 0.012663398692810458 0.008884803921568627
1 0.4223856209150327 0.6599264705882353 0.014705882352941176 0.011029411764705883
1 0.3082107843137255 0.625 0.01511437908496732 0.00980392156862745
1 0.03165849673202614 0.6674325980392157 0.020016339869281044 0.013786764705882353
1 0.4738562091503268 0.6381740196078431 0.013888888888888888 0.00980392156862745
1 0.3633578431372549 0.7359068627450981 0.02165032679738562 0.015318627450980392
1 0.6515522875816994 0.7245710784313726 0.01715686274509804 0.012254901960784314
1 0.6744281045751634 0.7360600490196079 0.017973856209150325 0.012561274509803922
1 0.018586601307189542 0.6375612745098039 0.01511437908496732 0.00980392156862745
1 0.3374183006535948 0.6289828431372549 0.015522875816993464 0.00980392156862745
1 0.6687091503267973 0.6824448529411765 0.015522875816993464 0.010723039215686275
1 0.3263888888888889 0.6890318627450981 0.01715686274509804 0.011642156862745098
1 0.40665849673202614 0.6441482843137255 0.015931372549019607 0.010723039215686275
1 0.8406862745098039 0.7450980392156863 0.018790849673202614 0.013480392156862746
1 0.7344771241830066 0.6896446078431373 0.017973856209150325 0.012867647058823529
1 0.6821895424836601 0.7280943627450981 0.02042483660130719 0.013786764705882353
1 0.44056372549019607 0.7794117647058824 0.02246732026143791 0.016544117647058824
1 0.2775735294117647 0.6983762254901961 0.020016339869281044 0.014399509803921568
1 0.29616013071895425 0.6917892156862745 0.018790849673202614 0.012867647058823529
1 0.19219771241830066 0.6963848039215687 0.020016339869281044 0.013480392156862746
1 0.9338235294117647 0.90625 0.028594771241830064 0.020833333333333332
1 0.6397058823529411 0.6737132352941176 0.02287581699346405 0.014093137254901961
1 0.051266339869281044 0.7397365196078431 0.023284313725490197 0.01685049019607843
1 0.25612745098039214 0.7761948529411765 0.02287581699346405 0.017463235294117647
1 0.8529411764705882 0.8125 0.026143790849673203 0.02022058823529412
1 0.9217728758169934 0.8927696078431373 0.03390522875816993 0.024509803921568627
1 0.5326797385620915 0.7650122549019608 0.02287581699346405 0.01838235294117647
1 0.37459150326797386 0.7633272058823529 0.026143790849673203 0.019301470588235295
1 0.5104166666666666 0.8475796568627451 0.030637254901960783 0.022365196078431373
1 0.47912173202614383 0.6413327205882353 0.012165032679738563 0.007542892156862746
1 0.7949040032679738 0.6991191789215687 0.01627859477124183 0.010370710784313725
1 0.40960375816993466 0.6470818014705881 0.012834967320261438 0.008011642156862744
