1 0.4389297385620915 0.7210477941176471 0.025735294117647058 0.01685049019607843
1 0.7495915032679739 0.7935049019607843 0.029411764705882353 0.01838235294117647
1 0.4846813725490196 0.6609987745098039 0.023284313725490197 0.018075980392156864
1 0.8862336601307189 0.5724571078431373 0.014297385620915032 0.009497549019607842
1 0.4667075163398693 0.6591605392156863 0.028186274509803922 0.019301470588235295
1 0.38500816993464054 0.5683210784313726 0.01919934640522876 0.010416666666666666
1 0.9293300653594772 0.5840992647058824 0.015522875816993464 0.009497549019607842
1 0.8419812091503268 0.5610707720588235 0.012393790849673203 0.007558210784313726
1 0.9293300653594772 0.6283700980392157 0.014705882352941176 0.013480392156862746
1 0.3997140522875817 0.6822916666666666 0.023284313725490197 0.016544117647058824
1 0.6542075163398693 0.5934436274509803 0.02165032679738562 0.014705882352941176
1 0.1329656862745098 0.9894301470588235 0.05514705882352941 0.021139705882352942
1 0.5314542483660131 0.6043198529411765 0.0196078431372549 0.015625
1 0.9479166666666666 0.6721813725490197 0.024101307189542485 0.013480392156862746
1 0.8510355392156863 0.5815456495098039 0.014979575163398694 0.009905024509803921
1 0.8876633986928104 0.6551776960784313 0.02042483660130719 0.014399509803921568
1 0.8431372549019608 0.6636029411764706 0.021241830065359478 0.013480392156862746
1 0.2647058823529412 0.7711397058823529 0.03594771241830065 0.025735294117647058
1 0.022058823529411766 0.9609375 0.04411764705882353 0.043198529411764705
1 0.26143790849673204 0.6649816176470589 0.03349673202614379 0.02297794117647059
1 0.9714052287581699 0.8832720588235294 0.04656862745098039 0.03370098039215686
1 0.3488562091503268 0.9094669117647058 0.049019607843137254 0.040747549019607844
1 0.8574060457516339 0.5785340073529411 0.012197712418300654 0.008170955882352941
1 0.8477920751633987 0.5635217524509804 0.010126633986928105 0.005107230392156863
1 0.8380739379084967 0.5557598039215687 0.009481209150326797 0.0055147058823529415
1 0.3707516339869281 0.5556571691176471 0.012745098039215686 0.008373161764705882
