1 0.8911356209150327 0.6962316176470589 0.01919934640522876 0.010723039215686275
1 0.06413398692810457 0.6700367647058824 0.018790849673202614 0.012867647058823529
1 0.05946078431372549 0.6631433823529411 0.01761437908496732 0.01011029411764706
1 0.5737336601307189 0.6706495098039216 0.01919934640522876 0.011642156862745098
1 0.8794934640522876 0.6907169117647058 0.018790849673202614 0.01133578431372549
1 0.6311274509803921 0.6649816176470589 0.014705882352941176 0.01133578431372549
1 0.5667892156862745 0.8982843137254902 0.024918300653594773 0.015931372549019607
1 0.6186683006535948 0.5983455882352942 0.014297385620915032 0.010416666666666666
1 0.7659313725490197 0.6870404411764706 0.021241830065359478 0.014399509803921568
1 0.032679738562091505 0.6613051470588235 0.015522875816993464 0.01133578431372549
1 0.04146241830065359 0.6282169117647058 0.016748366013071895 0.01011029411764706
1 0.6662581699346405 0.9186580882352942 0.021241830065359478 0.015012254901960785
1 0.8572303921568627 0.6227022058823529 0.01838235294117647 0.010723039215686275
1 0.3821486928104575 0.6677389705882353 0.020016339869281044 0.01133578431372549
1 0.3633578431372549 0.8553921568627451 0.026552287581699346 0.015318627450980392
1 0.2632761437908497 0.6138174019607843 0.01184640522875817 0.008884803921568627
1 0.6315359477124183 0.6600796568627451 0.014705882352941176 0.01011029411764706
1 0.018995098039215685 0.8219975490196079 0.02900326797385621 0.01838235294117647
1 0.8502859477124183 0.7890625 0.01919934640522876 0.011948529411764705
1 0.12214052287581699 0.6277573529411765 0.02369281045751634 0.012254901960784314
1 0.6258169934640523 0.641390931372549 0.015522875816993464 0.01133578431372549
1 0.3119485294117647 0.6208195465686275 0.011968954248366014 0.0075704656862745105
1 0.007148692810457516 0.7504595588235294 0.014297385620915032 0.018075980392156864
1 0.8384395424836601 0.7827818627450981 0.016748366013071895 0.011642156862745098
1 0.3972630718954248 0.8667279411764706 0.01919934640522876 0.015931372549019607
1 0.7387663398692811 0.6475183823529411 0.01919934640522876 0.013786764705882353
1 0.7361111111111112 0.7691482843137255 0.018790849673202614 0.015012254901960785
1 0.06862745098039216 0.5940027573529412 0.012254901960784314 0.009696691176470588
1 0.8700980392156863 0.6842830882352942 0.016339869281045753 0.01133578431372549
1 0.9618055555555556 0.8053002450980392 0.020833333333333332 0.016237745098039217
1 0.49019607843137253 0.6897977941176471 0.016339869281045753 0.012561274509803922
1 0.028799019607843136 0.7311580882352942 0.01838235294117647 0.011948529411764705
1 0.10600490196078431 0.5828737745098039 0.014297385620915032 0.008884803921568627
1 0.12254901960784313 0.7264093137254902 0.022058823529411766 0.012867647058823529
1 0.3267728758169935 0.5924800857843138 0.013022875816993464 0.008489583333333333
1 0.4922385620915033 0.6565563725490197 0.016339869281045753 0.011029411764705883
1 0.17626633986928106 0.8754595588235294 0.026552287581699346 0.020526960784313725
1 0.23815359477124182 0.6041666666666666 0.013888888888888888 0.010416666666666666
1 0.31985294117647056 0.6715686274509803 0.0196078431372549 0.011642156862745098
1 0.1294934640522876 0.5888480392156863 0.016339869281045753 0.009191176470588236
1 0.22181372549019607 0.7699142156862745 0.02287581699346405 0.015318627450980392
1 0.07209967320261437 0.6482843137254902 0.01919934640522876 0.010416666666666666
1 0.3116830065359477 0.5955882352941176 0.014705882352941176 0.009191176470588236
1 0.9127859477124183 0.6136642156862745 0.01838235294117647 0.012254901960784314
1 0.36560457516339867 0.7461703431372549 0.026143790849673203 0.018075980392156864
1 0.43790849673202614 0.7130821078431373 0.0196078431372549 0.013786764705882353
1 0.8384395424836601 0.6806066176470589 0.017565359477124183 0.011948529411764705
1 0.058619281045751634 0.7215073529411765 0.01919934640522876 0.015318627450980392
1 0.05943627450980392 0.5951286764705882 0.015931372549019607 0.009497549019607842
1 0.059640522875817 0.6740196078431373 0.022058823529411766 0.014093137254901961
1 0.14381535947712418 0.6026164215686275 0.013120915032679738 0.009154411764705881
1 0.9113562091503268 0.6582414215686274 0.016339869281045753 0.01011029411764706
1 0.059027777777777776 0.6227022058823529 0.015931372549019607 0.01011029411764706
1 0.015522875816993464 0.7392769607843137 0.022058823529411766 0.014705882352941176
1 0.21956699346405228 0.5925245098039216 0.016748366013071895 0.012254901960784314
1 0.32137867647058826 0.6014460784313725 0.012038398692810457 0.008651960784313725
1 0.49142156862745096 0.6144301470588235 0.017973856209150325 0.012561274509803922
1 0.948937908496732 0.6691176470588235 0.022058823529411766 0.011642156862745098
1 0.5443218954248366 0.6190257352941176 0.01838235294117647 0.012561274509803922
1 0.8106617647058824 0.6542585784313726 0.01919934640522876 0.012561274509803922
1 0.07863562091503268 0.7213541666666666 0.01838235294117647 0.015012254901960785
1 0.7859477124183006 0.6704963235294118 0.01715686274509804 0.011948529411764705
1 0.6096813725490197 0.6727941176470589 0.017565359477124183 0.013480392156862746
1 0.8102532679738562 0.7611825980392157 0.02246732026143791 0.015625
1 0.5727124183006536 0.7938112745098039 0.022058823529411766 0.015318627450980392
1 0.0821078431372549 0.5905330882352942 0.013888888888888888 0.009497549019607842
1 0.2847222222222222 0.7391237745098039 0.02287581699346405 0.016237745098039217
1 0.6527777777777778 0.9074754901960784 0.026143790849673203 0.02144607843137255
1 0.15727124183006536 0.5992647058823529 0.014705882352941176 0.010416666666666666
1 0.988562091503268 0.6567095588235294 0.018790849673202614 0.013174019607843137
1 0.8024918300653595 0.6685049019607843 0.01919934640522876 0.013480392156862746
1 0.14808006535947713 0.5874693627450981 0.015931372549019607 0.01011029411764706
1 0.6008986928104575 0.8609068627450981 0.026143790849673203 0.018995098039215685
1 0.8200571895424836 0.6816789215686274 0.01838235294117647 0.013480392156862746
1 0.10845588235294118 0.7657781862745098 0.024101307189542485 0.018075980392156864
1 0.19464869281045752 0.7662377450980392 0.023284313725490197 0.016544117647058824
1 0.07352941176470588 0.6553308823529411 0.018790849673202614 0.011642156862745098
1 0.5059232026143791 0.6662071078431373 0.017565359477124183 0.011948529411764705
1 0.5512663398692811 0.8826593137254902 0.0298202614379085 0.023284313725490197
1 0.1750408496732026 0.7420343137254902 0.025735294117647058 0.01838235294117647
1 0.7207924836601307 0.7628676470588235 0.024918300653594773 0.018995098039215685
1 0.29187091503267976 0.6907169117647058 0.02246732026143791 0.01685049019607843
1 0.7751225490196079 0.8284313725490197 0.024918300653594773 0.017769607843137254
1 0.0545343137254902 0.8157169117647058 0.028186274509803922 0.021139705882352942
1 0.07352941176470588 0.9281556372549019 0.035130718954248366 0.0272671568627451
1 0.13427491830065358 0.604689031862745 0.013647875816993463 0.009010416666666667
