1 0.30269607843137253 0.32797181372549017 0.013071895424836602 0.01011029411764706
1 0.4948937908496732 0.3290441176470588 0.012663398692810458 0.007965686274509803
1 0.18913398692810457 0.3313419117647059 0.03431372549019608 0.017463235294117647
1 0.5067401960784313 0.3314950980392157 0.00857843137254902 0.007965686274509803
1 0.5367647058823529 0.3316482843137255 0.013888888888888888 0.008272058823529412
1 0.5004084967320261 0.33517156862745096 0.013888888888888888 0.007352941176470588
1 0.5410539215686274 0.34451593137254904 0.007761437908496732 0.008272058823529412
1 0.5490196078431373 0.34512867647058826 0.008169934640522876 0.01133578431372549
1 0.03431372549019608 0.34543504901960786 0.028594771241830064 0.015625
1 0.5306372549019608 0.34620098039215685 0.016339869281045753 0.011029411764705883
1 0.47794117647058826 0.34681372549019607 0.01715686274509804 0.010416666666666666
1 0.18790849673202614 0.3469669117647059 0.03349673202614379 0.020526960784313725
1 0.3214869281045752 0.3481924019607843 0.014705882352941176 0.007659313725490196
1 0.6466503267973857 0.34911151960784315 0.013888888888888888 0.014399509803921568
1 0.24754901960784315 0.35049019607843135 0.02696078431372549 0.01838235294117647
1 0.21752450980392157 0.35431985294117646 0.030637254901960783 0.02971813725490196
1 0.3053513071895425 0.35723039215686275 0.03553921568627451 0.017769607843137254
1 0.8100490196078431 0.3704044117647059 0.012254901960784314 0.007965686274509803
1 0.8984885620915033 0.3716299019607843 0.016748366013071895 0.014705882352941176
1 0.08169934640522876 0.37683823529411764 0.04330065359477124 0.023284313725490197
1 0.7871732026143791 0.3788296568627451 0.0196078431372549 0.012561274509803922
1 0.619281045751634 0.38097426470588236 0.022058823529411766 0.013786764705882353
1 0.8008578431372549 0.38143382352941174 0.020016339869281044 0.011642156862745098
1 0.858251633986928 0.3860294117647059 0.02042483660130719 0.014093137254901961
1 0.6540032679738562 0.38817401960784315 0.021241830065359478 0.010416666666666666
1 0.5825163398692811 0.39261642156862747 0.04003267973856209 0.0272671568627451
1 0.7326388888888888 0.3984375 0.016748366013071895 0.011948529411764705
1 0.7506127450980392 0.39996936274509803 0.01838235294117647 0.013786764705882353
1 0.0704656862745098 0.40839460784313725 0.04370915032679738 0.023284313725490197
1 0.5351307189542484 0.4096200980392157 0.022058823529411766 0.012867647058823529
1 0.017769607843137254 0.4100796568627451 0.03553921568627451 0.029105392156862746
1 0.605187908496732 0.41911764705882354 0.026552287581699346 0.012254901960784314
1 0.7595996732026143 0.41911764705882354 0.01838235294117647 0.014705882352941176
1 0.9227941176470589 0.41988357843137253 0.0196078431372549 0.012561274509803922
1 0.7234477124183006 0.4250919117647059 0.017973856209150325 0.011948529411764705
1 0.727328431372549 0.43213848039215685 0.017565359477124183 0.015625
1 0.19669117647058823 0.4352022058823529 0.02165032679738562 0.013786764705882353
1 0.36294934640522875 0.43535539215686275 0.05106209150326797 0.03431372549019608
1 0.8786764705882353 0.43765318627450983 0.02369281045751634 0.015012254901960785
1 0.5988562091503268 0.4387254901960784 0.026143790849673203 0.014705882352941176
1 0.6296977124183006 0.44546568627450983 0.01511437908496732 0.014093137254901961
1 0.8700980392156863 0.44577205882352944 0.026143790849673203 0.010416666666666666
1 0.017565359477124183 0.4491421568627451 0.03431372549019608 0.03553921568627451
1 0.6787173202614379 0.45159313725490197 0.053513071895424834 0.02267156862745098
1 0.5424836601307189 0.4522058823529412 0.02369281045751634 0.01838235294117647
1 0.8080065359477124 0.46875 0.022058823529411766 0.011029411764705883
1 0.6094771241830066 0.47809436274509803 0.025326797385620915 0.01685049019607843
1 0.7943218954248366 0.4883578431372549 0.028186274509803922 0.018995098039215685
1 0.42769607843137253 0.49356617647058826 0.027777777777777776 0.01715686274509804
1 0.06678921568627451 0.49356617647058826 0.0763888888888889 0.024509803921568627
1 0.5232843137254902 0.5090379901960784 0.0457516339869281 0.036458333333333336
1 0.06781045751633986 0.5105698529411765 0.07352941176470588 0.04197303921568627
1 0.9740604575163399 0.5286458333333334 0.030637254901960783 0.015012254901960785
1 0.9928513071895425 0.5416666666666666 0.014297385620915032 0.015318627450980392
1 0.33843954248366015 0.5473345588235294 0.02900326797385621 0.019301470588235295
1 0.8639705882352942 0.5556066176470589 0.04003267973856209 0.023590686274509803
1 0.9906045751633987 0.5556066176470589 0.018790849673202614 0.01991421568627451
1 0.4383169934640523 0.5692401960784313 0.03676470588235294 0.026348039215686275
1 0.9946895424836601 0.5712316176470589 0.010620915032679739 0.018075980392156864
1 0.8621323529411765 0.5775122549019608 0.034722222222222224 0.015318627450980392
1 0.8966503267973857 0.5949754901960784 0.032679738562091505 0.018995098039215685
1 0.9861111111111112 0.6035539215686274 0.026143790849673203 0.02144607843137255
1 0.6198937908496732 0.6202512254901961 0.024918300653594773 0.019301470588235295
1 0.6919934640522876 0.6268382352941176 0.03676470588235294 0.017769607843137254
1 0.8378267973856209 0.6510416666666666 0.0392156862745098 0.022058823529411766
1 0.8325163398692811 0.6660539215686274 0.0392156862745098 0.022058823529411766
1 0.9673202614379085 0.9016544117647058 0.06535947712418301 0.044730392156862746
1 0.8459967320261438 0.9394914215686274 0.07026143790849673 0.046875
1 0.1650326797385621 0.9416360294117647 0.09477124183006536 0.05912990196078431
1 0.6237745098039216 0.9712009803921569 0.0784313725490196 0.0508578431372549
1 0.2849264705882353 0.9825367647058824 0.10580065359477124 0.034926470588235295
1 0.9479166666666666 0.9886642156862745 0.08374183006535947 0.02267156862745098
