1 0.05065359477124183 0.7043504901960784 0.014705882352941176 0.010416666666666666
1 0.10069444444444445 0.6734068627450981 0.01511437908496732 0.011029411764705883
1 0.16094771241830066 0.8595281862745098 0.02287581699346405 0.01685049019607843
1 0.32230392156862747 0.6383272058823529 0.012254901960784314 0.008884803921568627
1 0.9730392156862745 0.9177389705882353 0.028594771241830064 0.017463235294117647
1 0.07455065359477124 0.6046262254901961 0.012663398692810458 0.008272058823529412
1 0.04003267973856209 0.5997242647058824 0.016339869281045753 0.01133578431372549
1 0.4185049019607843 0.6018688725490197 0.013480392156862746 0.01133578431372549
1 0.39756127450980394 0.638563112745098 0.011625816993464053 0.007518382352941176
1 0.5277777777777778 0.6605392156862745 0.016339869281045753 0.011029411764705883
1 0.21323529411764705 0.7769607843137255 0.01715686274509804 0.011642156862745098
1 0.340890522875817 0.678921568627451 0.012663398692810458 0.009191176470588236
1 0.10927287581699346 0.5992647058823529 0.014297385620915032 0.009191176470588236
1 0.5089869281045751 0.6568627450980392 0.013888888888888888 0.00980392156862745
1 0.380718954248366 0.7443321078431373 0.0196078431372549 0.013174019607843137
1 0.39217320261437905 0.6289246323529412 0.01065359477124183 0.007236519607843137
1 0.37969771241830064 0.6649816176470589 0.013480392156862746 0.008884803921568627
1 0.4775326797385621 0.6357230392156863 0.014705882352941176 0.00980392156862745
1 0.4562908496732026 0.6545649509803921 0.013888888888888888 0.010723039215686275
1 0.034109477124183 0.7984068627450981 0.02246732026143791 0.014705882352941176
1 0.9430147058823529 0.8184742647058824 0.023284313725490197 0.013174019607843137
1 0.42197712418300654 0.6285232843137255 0.013071895424836602 0.01011029411764706
1 0.042279411764705885 0.6262254901960784 0.01511437908496732 0.009191176470588236
1 0.40093954248366015 0.7127757352941176 0.01838235294117647 0.013174019607843137
1 0.866421568627451 0.882046568627451 0.027777777777777776 0.01715686274509804
1 0.24366830065359477 0.7218137254901961 0.020016339869281044 0.013480392156862746
1 0.07393790849673203 0.8011642156862745 0.02042483660130719 0.013480392156862746
1 0.1235702614379085 0.7625612745098039 0.01919934640522876 0.014093137254901961
1 0.8707107843137255 0.8483455882352942 0.026552287581699346 0.0196078431372549
1 0.4693627450980392 0.6527267156862745 0.015522875816993464 0.01133578431372549
1 0.14052287581699346 0.7599571078431373 0.017973856209150325 0.013786764705882353
1 0.09170751633986927 0.7015931372549019 0.02246732026143791 0.014093137254901961
1 0.15604575163398693 0.7598039215686274 0.0196078431372549 0.015318627450980392
1 0.4097222222222222 0.6292892156862745 0.014705882352941176 0.00980392156862745
1 0.37193627450980393 0.7103247549019608 0.017565359477124183 0.012561274509803922
1 0.1919934640522876 0.7801776960784313 0.02042483660130719 0.015012254901960785
1 0.36907679738562094 0.6931678921568627 0.01919934640522876 0.013786764705882353
1 0.6235702614379085 0.8821997549019608 0.02246732026143791 0.017463235294117647
1 0.17912581699346405 0.7549019607843137 0.020016339869281044 0.014093137254901961
1 0.40461601307189543 0.7299325980392157 0.01919934640522876 0.013786764705882353
1 0.37316176470588236 0.6501225490196079 0.016748366013071895 0.010416666666666666
