1 0.09909313725490196 0.8634604779411765 0.02580065359477124 0.01552389705882353
1 0.9524101307189542 0.6708026960784313 0.01511437908496732 0.009497549019607842
1 0.5868055555555556 0.6662071078431373 0.016748366013071895 0.010723039215686275
1 0.21262254901960784 0.6645220588235294 0.01919934640522876 0.00980392156862745
1 0.4824346405228758 0.6623008578431373 0.014705882352941176 0.011488970588235295
1 0.01596609477124183 0.704937193627451 0.016409313725490197 0.010977328431372549
1 0.5545343137254902 0.7959558823529411 0.01838235294117647 0.015318627450980392
1 0.9050245098039216 0.6521139705882353 0.013480392156862746 0.008884803921568627
1 0.4736519607843137 0.6446078431372549 0.01511437908496732 0.011029411764705883
1 0.0872140522875817 0.6755514705882353 0.01511437908496732 0.00980392156862745
1 0.7218137254901961 0.6585477941176471 0.016339869281045753 0.01011029411764706
1 0.9401552287581699 0.6692708333333334 0.01511437908496732 0.01011029411764706
1 0.6109415849673203 0.6762408088235294 0.01681781045751634 0.009957107843137254
1 0.39133986928104575 0.6452205882352942 0.016339869281045753 0.011029411764705883
1 0.5647467320261438 0.8567708333333334 0.01838235294117647 0.013174019607843137
1 0.10273692810457516 0.7859987745098039 0.015931372549019607 0.013174019607843137
1 0.616421568627451 0.6429227941176471 0.016339869281045753 0.010723039215686275
1 0.6166605392156863 0.6732536764705882 0.01681781045751634 0.01133578431372549
1 0.12765522875816993 0.8521752450980392 0.023284313725490197 0.015625
1 0.7248774509803921 0.6755514705882353 0.017565359477124183 0.012254901960784314
1 0.6356209150326797 0.6763174019607843 0.01715686274509804 0.012561274509803922
1 0.20077614379084968 0.8872549019607843 0.023284313725490197 0.01838235294117647
1 0.7953431372549019 0.6438419117647058 0.0196078431372549 0.012561274509803922
1 0.08088235294117647 0.6916360294117647 0.02042483660130719 0.013786764705882353
1 0.6744281045751634 0.663296568627451 0.01715686274509804 0.012254901960784314
1 0.22263071895424835 0.7382046568627451 0.02696078431372549 0.015625
1 0.07863562091503268 0.7287071078431373 0.028186274509803922 0.017463235294117647
1 0.15747549019607843 0.8488051470588235 0.03227124183006536 0.02297794117647059
1 0.1337826797385621 0.7870710784313726 0.0298202614379085 0.02022058823529412
