1 0.993125 0.7752251838235295 0.01402777777777778 0.012460171568627451
1 0.5189950980392157 0.8779105392156863 0.015931372549019607 0.011948529411764705
1 0.22120098039215685 0.7642463235294118 0.016748366013071895 0.011948529411764705
1 0.26123366013071897 0.6703431372549019 0.015931372549019607 0.011029411764705883
1 0.696078431372549 0.8769914215686274 0.02042483660130719 0.013786764705882353
1 0.9767156862745098 0.6378676470588235 0.013071895424836602 0.009191176470588236
1 0.05269607843137255 0.6881127450980392 0.015522875816993464 0.009191176470588236
1 0.8462009803921569 0.7014399509803921 0.015931372549019607 0.01011029411764706
1 0.9029820261437909 0.9486825980392157 0.02900326797385621 0.018075980392156864
1 0.5118464052287581 0.8189338235294118 0.021241830065359478 0.017769607843137254
1 0.6697303921568627 0.8154105392156863 0.020016339869281044 0.013786764705882353
1 0.8302696078431373 0.6522671568627451 0.015931372549019607 0.010416666666666666
1 0.9017565359477124 0.742953431372549 0.020833333333333332 0.013480392156862746
1 0.6828022875816994 0.8667279411764706 0.02165032679738562 0.015318627450980392
1 0.3067136437908497 0.7334053308823529 0.018656045751633987 0.015830269607843138
1 0.068218954248366 0.6790747549019608 0.01715686274509804 0.011948529411764705
1 0.44076797385620914 0.928921568627451 0.024509803921568627 0.02022058823529412
1 0.9646650326797386 0.6528799019607843 0.014297385620915032 0.009191176470588236
1 0.07618464052287582 0.8046875 0.01838235294117647 0.014399509803921568
1 0.39644607843137253 0.8754595588235294 0.02246732026143791 0.017463235294117647
1 0.8415032679738562 0.6628370098039216 0.016339869281045753 0.010723039215686275
1 0.9162581699346405 0.6819852941176471 0.016339869281045753 0.011029411764705883
1 0.08680555555555555 0.6639093137254902 0.015931372549019607 0.011642156862745098
1 0.6603349673202614 0.8544730392156863 0.02165032679738562 0.016544117647058824
1 0.3059640522875817 0.8232230392156863 0.02287581699346405 0.015931372549019607
1 0.019812091503267973 0.7875306372549019 0.023284313725490197 0.018075980392156864
1 0.9421977124183006 0.7135416666666666 0.01838235294117647 0.012867647058823529
1 0.8339460784313726 0.7639399509803921 0.023284313725490197 0.018688725490196078
1 0.4918300653594771 0.9391850490196079 0.027777777777777776 0.022365196078431373
1 0.7322303921568627 0.8560049019607843 0.023284313725490197 0.017769607843137254
1 0.6415441176470589 0.8017769607843137 0.024101307189542485 0.01838235294117647
1 0.8643647875816994 0.7240854779411765 0.01386029411764706 0.00944546568627451
