1 0.9646650326797386 0.4016544117647059 0.01838235294117647 0.017769607843137254
1 0.7346813725490197 0.4071691176470588 0.01838235294117647 0.006740196078431373
1 0.8547794117647058 0.40931372549019607 0.024918300653594773 0.013480392156862746
1 0.7032271241830066 0.41329656862745096 0.020833333333333332 0.012867647058823529
1 0.7485702614379085 0.41911764705882354 0.02165032679738562 0.00857843137254902
1 0.7359068627450981 0.43504901960784315 0.024101307189542485 0.013480392156862746
1 0.23284313725490197 0.43642769607843135 0.013888888888888888 0.005821078431372549
1 0.5684232026143791 0.4368872549019608 0.017565359477124183 0.014705882352941176
1 0.5884395424836601 0.45067401960784315 0.01511437908496732 0.015318627450980392
1 0.8792892156862745 0.4540441176470588 0.026552287581699346 0.015931372549019607
1 0.7363153594771242 0.4693627450980392 0.02246732026143791 0.015931372549019607
1 0.9948937908496732 0.47732843137254904 0.010212418300653595 0.01715686274509804
1 0.10212418300653595 0.4791666666666667 0.013888888888888888 0.013480392156862746
1 0.38766339869281047 0.4817708333333333 0.031862745098039214 0.02665441176470588
1 0.9287173202614379 0.5223651960784313 0.025735294117647058 0.014093137254901961
1 0.2542892156862745 0.5435049019607843 0.03390522875816993 0.029411764705882353
1 0.9724264705882353 0.5882352941176471 0.0298202614379085 0.01838235294117647
