1 0.9088541666666666 0.49897875816993464 0.01133578431372549 0.011029411764705883
1 0.02496936274509804 0.6109068627450981 0.01011029411764706 0.00857843137254902
1 0.8246017156862745 0.6231617647058824 0.0070465686274509805 0.00857843137254902
1 0.8040747549019608 0.6235702614379085 0.008884803921568627 0.006127450980392157
1 0.40900735294117646 0.6254084967320261 0.00980392156862745 0.012254901960784314
1 0.8080575980392157 0.6260212418300654 0.0070465686274509805 0.006127450980392157
1 0.5605085784313726 0.627859477124183 0.008272058823529412 0.012254901960784314
1 0.5485600490196079 0.6282679738562091 0.0070465686274509805 0.012254901960784314
1 0.5323223039215687 0.6301062091503268 0.013174019607843137 0.013480392156862746
1 0.8604473039215687 0.6317401960784313 0.0070465686274509805 0.007761437908496732
1 0.8322610294117647 0.6325571895424836 0.011948529411764705 0.01184640522875817
1 0.8498774509803921 0.633578431372549 0.00857843137254902 0.007352941176470588
1 0.8685661764705882 0.6352124183006536 0.0055147058823529415 0.007352941176470588
1 0.8406862745098039 0.639501633986928 0.007352941176470588 0.009395424836601307
1 0.5779718137254902 0.6409313725490197 0.01133578431372549 0.00980392156862745
1 0.5684742647058824 0.6431781045751634 0.008272058823529412 0.011029411764705883
1 0.547640931372549 0.6433823529411765 0.0070465686274509805 0.00980392156862745
1 0.8645833333333334 0.6439950980392157 0.006127450980392157 0.006127450980392157
1 0.9891237745098039 0.644812091503268 0.01133578431372549 0.010212418300653595
1 0.4788602941176471 0.6452205882352942 0.007965686274509803 0.013480392156862746
1 0.8746936274509803 0.6452205882352942 0.006740196078431373 0.009395424836601307
1 0.37545955882352944 0.6456290849673203 0.010723039215686275 0.013480392156862746
1 0.5404411764705882 0.6482843137254902 0.010416666666666666 0.011437908496732025
1 0.8265931372549019 0.6509395424836601 0.013480392156862746 0.011029411764705883
1 0.9920343137254902 0.6544117647058824 0.00980392156862745 0.00980392156862745
1 0.4413296568627451 0.6558415032679739 0.015012254901960785 0.013480392156862746
1 0.17585784313725492 0.6572712418300654 0.011029411764705883 0.010620915032679739
1 0.741421568627451 0.6584967320261438 0.016544117647058824 0.015522875816993464
1 0.06387867647058823 0.659109477124183 0.018688725490196078 0.01838235294117647
1 0.9935661764705882 0.6625816993464052 0.007352941176470588 0.005718954248366013
1 0.7740502450980392 0.6654411764705882 0.008272058823529412 0.008986928104575163
1 0.9946384803921569 0.6670751633986928 0.010723039215686275 0.00980392156862745
1 0.9408700980392157 0.6691176470588235 0.012867647058823529 0.010620915032679739
1 0.24586397058823528 0.6734068627450981 0.012561274509803922 0.010212418300653595
1 0.6216299019607843 0.6740196078431373 0.011642156862745098 0.010620915032679739
1 0.9860600490196079 0.6754493464052288 0.008884803921568627 0.00857843137254902
1 0.8658088235294118 0.6770833333333334 0.007965686274509803 0.006944444444444444
1 0.14185049019607843 0.6772875816993464 0.012254901960784314 0.010620915032679739
1 0.7876838235294118 0.6779003267973857 0.00980392156862745 0.00857843137254902
1 0.7480085784313726 0.6821895424836601 0.011948529411764705 0.010620915032679739
1 0.6899509803921569 0.6852532679738562 0.012254901960784314 0.014297385620915032
1 0.9188112745098039 0.6913807189542484 0.011642156862745098 0.011029411764705883
1 0.18979779411764705 0.6934232026143791 0.012561274509803922 0.011029411764705883
1 0.9439338235294118 0.6936274509803921 0.00980392156862745 0.007352941176470588
1 0.3330269607843137 0.698937908496732 0.014705882352941176 0.016339869281045753
1 0.9356617647058824 0.7022058823529411 0.011029411764705883 0.010620915032679739
1 0.9920343137254902 0.704248366013072 0.00857843137254902 0.014705882352941176
1 0.28048406862745096 0.707312091503268 0.015625 0.01511437908496732
1 0.6559436274509803 0.7146650326797386 0.015931372549019607 0.01511437908496732
1 0.7985600490196079 0.7162990196078431 0.011948529411764705 0.017565359477124183
1 0.8958333333333334 0.7162990196078431 0.011029411764705883 0.01184640522875817
1 0.8121936274509803 0.7181372549019608 0.012867647058823529 0.014705882352941176
1 0.3037683823529412 0.71875 0.008272058823529412 0.007761437908496732
1 0.7922794117647058 0.7275326797385621 0.00980392156862745 0.00980392156862745
1 0.17034313725490197 0.735498366013072 0.015318627450980392 0.014297385620915032
1 0.3443627450980392 0.7361111111111112 0.013480392156862746 0.008169934640522876
1 0.8754595588235294 0.7381535947712419 0.013174019607843137 0.014705882352941176
1 0.9428615196078431 0.7424428104575164 0.01133578431372549 0.015931372549019607
1 0.9307598039215687 0.7434640522875817 0.011029411764705883 0.012254901960784314
1 0.6533394607843137 0.7450980392156863 0.014399509803921568 0.015522875816993464
1 0.9868259803921569 0.7455065359477124 0.011642156862745098 0.012254901960784314
1 0.6704963235294118 0.7463235294117647 0.016237745098039217 0.021241830065359478
1 0.9629289215686274 0.7497957516339869 0.011029411764705883 0.011029411764705883
1 0.9822303921568627 0.7510212418300654 0.012867647058823529 0.012663398692810458
1 0.37806372549019607 0.7514297385620915 0.014705882352941176 0.01511437908496732
1 0.23927696078431374 0.7540849673202614 0.012867647058823529 0.01715686274509804
1 0.3492647058823529 0.7542892156862745 0.012254901960784314 0.01511437908496732
1 0.9589460784313726 0.7544934640522876 0.012867647058823529 0.013071895424836602
1 0.5637254901960784 0.7546977124183006 0.006127450980392157 0.00857843137254902
1 0.32628676470588236 0.7563316993464052 0.01838235294117647 0.023284313725490197
1 0.27205882352941174 0.7579656862745098 0.009191176470588236 0.012663398692810458
1 0.8244485294117647 0.7581699346405228 0.014093137254901961 0.014705882352941176
1 0.7931985294117647 0.7589869281045751 0.016544117647058824 0.0196078431372549
1 0.6974571078431373 0.7618464052287581 0.015625 0.0196078431372549
1 0.7089460784313726 0.7634803921568627 0.014705882352941176 0.016339869281045753
1 0.9898897058823529 0.7765522875816994 0.012254901960784314 0.010620915032679739
1 0.7193627450980392 0.7771650326797386 0.01715686274509804 0.012663398692810458
1 0.9659926470588235 0.7790032679738562 0.011642156862745098 0.012254901960784314
1 0.7513786764705882 0.7839052287581699 0.013174019607843137 0.013071895424836602
1 0.23085171568627452 0.7845179738562091 0.01685049019607843 0.01919934640522876
1 0.09681372549019608 0.7877859477124183 0.012254901960784314 0.01184640522875817
1 0.41973039215686275 0.7881944444444444 0.011642156862745098 0.011029411764705883
1 0.7847732843137255 0.7961601307189542 0.01685049019607843 0.01715686274509804
1 0.6933210784313726 0.7967728758169934 0.015318627450980392 0.01838235294117647
1 0.7722120098039216 0.801062091503268 0.015012254901960785 0.018790849673202614
1 0.8658088235294118 0.8053513071895425 0.015931372549019607 0.012663398692810458
1 0.6069240196078431 0.8102532679738562 0.015931372549019607 0.015931372549019607
1 0.4632352941176471 0.8143382352941176 0.0196078431372549 0.01838235294117647
1 0.6060049019607843 0.8220996732026143 0.015318627450980392 0.01184640522875817
1 0.9932598039215687 0.823937908496732 0.013480392156862746 0.013071895424836602
1 0.48973651960784315 0.8265931372549019 0.017463235294117647 0.016748366013071895
1 0.9802389705882353 0.8272058823529411 0.011948529411764705 0.00980392156862745
1 0.7752757352941176 0.8296568627450981 0.014399509803921568 0.01715686274509804
1 0.3246017156862745 0.8384395424836601 0.015012254901960785 0.016748366013071895
1 0.052542892156862746 0.8388480392156863 0.012561274509803922 0.01184640522875817
1 0.05667892156862745 0.8396650326797386 0.012867647058823529 0.01184640522875817
1 0.5577512254901961 0.8464052287581699 0.013786764705882353 0.016339869281045753
1 0.8030024509803921 0.846609477124183 0.018995098039215685 0.017565359477124183
1 0.530484068627451 0.8508986928104575 0.018075980392156864 0.021241830065359478
1 0.5664828431372549 0.8547794117647058 0.009191176470588236 0.014297385620915032
1 0.44806985294117646 0.8564133986928104 0.018075980392156864 0.02246732026143791
1 0.7210477941176471 0.8598856209150327 0.01685049019607843 0.014705882352941176
1 0.7991727941176471 0.8615196078431373 0.01991421568627451 0.01715686274509804
1 0.6579350490196079 0.8682598039215687 0.015625 0.01838235294117647
1 0.9621629901960784 0.8760212418300654 0.015012254901960785 0.014297385620915032
1 0.5528492647058824 0.8815359477124183 0.008884803921568627 0.016339869281045753
1 0.5019914215686274 0.8860294117647058 0.013786764705882353 0.021241830065359478
1 0.5655637254901961 0.8888888888888888 0.013480392156862746 0.012254901960784314
1 0.3134191176470588 0.9044117647058824 0.012867647058823529 0.021241830065359478
1 0.6613051470588235 0.90625 0.013174019607843137 0.017565359477124183
1 0.2711397058823529 0.9127859477124183 0.014705882352941176 0.015931372549019607
1 0.5872380514705882 0.656907679738562 0.011485906862745098 0.013161764705882352
1 0.6092938112745098 0.6437908496732027 0.011479779411764706 0.012254901960784314
1 0.6126639093137255 0.6313541666666667 0.008416053921568627 0.012708333333333334
1 0.6040517769607843 0.6258619281045751 0.010799632352941176 0.013161764705882352
1 0.041207107843137254 0.6060723039215686 0.009497549019607842 0.009530228758169935
