1 0.7538807189542484 0.6617647058823529 0.012663398692810458 0.00980392156862745
1 0.7890114379084967 0.6654411764705882 0.014297385620915032 0.00980392156862745
1 0.9693627450980392 0.6691176470588235 0.01715686274509804 0.014705882352941176
1 0.7540849673202614 0.6764705882352942 0.013888888888888888 0.013480392156862746
1 0.9652777777777778 0.6862745098039216 0.018790849673202614 0.013480392156862746
1 0.9526143790849673 0.7008272058823529 0.02369281045751634 0.008884803921568627
1 0.9458741830065359 0.7113970588235294 0.017565359477124183 0.009191176470588236
1 0.7209967320261438 0.7161458333333334 0.027777777777777776 0.018075980392156864
1 0.9779411764705882 0.7242647058823529 0.016339869281045753 0.015931372549019607
1 0.7865604575163399 0.7306985294117647 0.015931372549019607 0.007965686274509803
1 0.9503676470588235 0.7310049019607843 0.020016339869281044 0.011029411764705883
1 0.9803921568627451 0.7431066176470589 0.03431372549019608 0.022365196078431373
1 0.7994281045751634 0.7565870098039216 0.018790849673202614 0.013174019607843137
1 0.8776552287581699 0.7565870098039216 0.023284313725490197 0.012561274509803922
1 0.9562908496732027 0.7581188725490197 0.02369281045751634 0.013174019607843137
1 0.21895424836601307 0.7720588235294118 0.02369281045751634 0.01838235294117647
1 0.5465686274509803 0.7737438725490197 0.03839869281045752 0.02542892156862745
1 0.8453839869281046 0.7774203431372549 0.020016339869281044 0.013786764705882353
1 0.8406862745098039 0.7824754901960784 0.018790849673202614 0.012254901960784314
1 0.8747957516339869 0.7941176470588235 0.0428921568627451 0.03002450980392157
1 0.7224264705882353 0.7944240196078431 0.01919934640522876 0.015931372549019607
1 0.17790032679738563 0.7979473039215687 0.04125816993464052 0.02542892156862745
1 0.4415849673202614 0.8056066176470589 0.04820261437908497 0.0352328431372549
1 0.07352941176470588 0.8174019607843137 0.04411764705882353 0.03125
1 0.6170343137254902 0.8181678921568627 0.04534313725490196 0.03707107843137255
1 0.7436683006535948 0.8704044117647058 0.051879084967320264 0.032475490196078434
1 0.7741013071895425 0.8831188725490197 0.056372549019607844 0.04197303921568627
