1 0.04350490196078431 0.694546568627451 0.015931372549019607 0.010416666666666666
1 0.5690359477124183 0.7181372549019608 0.018790849673202614 0.014093137254901961
1 0.00980392156862745 0.7527573529411765 0.01715686274509804 0.016544117647058824
1 0.9879493464052288 0.8423713235294118 0.024101307189542485 0.018075980392156864
1 0.13194444444444445 0.8149509803921569 0.022058823529411766 0.014093137254901961
1 0.23876633986928106 0.7565870098039216 0.01919934640522876 0.013174019607843137
1 0.6542075163398693 0.7354473039215687 0.02165032679738562 0.015625
1 0.9707924836601307 0.8125 0.023284313725490197 0.016544117647058824
1 0.08190359477124183 0.7708333333333334 0.01838235294117647 0.014093137254901961
1 0.08272058823529412 0.6622242647058824 0.015931372549019607 0.010723039215686275
1 0.0573937908496732 0.6876531862745098 0.01838235294117647 0.012561274509803922
1 0.5512663398692811 0.7075674019607843 0.01838235294117647 0.012561274509803922
1 0.4381127450980392 0.735140931372549 0.01511437908496732 0.010723039215686275
1 0.2991952614379085 0.7280943627450981 0.019142156862745098 0.011948529411764705
1 0.36580882352941174 0.7538296568627451 0.01919934640522876 0.013174019607843137
1 0.09211601307189543 0.7449448529411765 0.015931372549019607 0.010723039215686275
1 0.7677696078431373 0.7584252450980392 0.027369281045751634 0.017463235294117647
1 0.5996732026143791 0.7291666666666666 0.025326797385620915 0.015318627450980392
1 0.1329656862745098 0.8478860294117647 0.020016339869281044 0.014399509803921568
1 0.13766339869281047 0.7388174019607843 0.015522875816993464 0.01011029411764706
1 0.46834150326797386 0.7305453431372549 0.020016339869281044 0.010723039215686275
1 0.5665849673202614 0.8048406862745098 0.025326797385620915 0.016544117647058824
1 0.042279411764705885 0.7166053921568627 0.015931372549019607 0.010416666666666666
1 0.6486928104575164 0.8045343137254902 0.025326797385620915 0.01838235294117647
1 0.28860294117647056 0.7849264705882353 0.01838235294117647 0.013480392156862746
1 0.5537173202614379 0.7633272058823529 0.020833333333333332 0.015625
1 0.008374183006535947 0.7864583333333334 0.016748366013071895 0.016544117647058824
1 0.4270833333333333 0.7922794117647058 0.02165032679738562 0.016544117647058824
1 0.16687091503267973 0.7184436274509803 0.01919934640522876 0.012867647058823529
1 0.8741830065359477 0.8362438725490197 0.024509803921568627 0.017463235294117647
1 0.15298202614379086 0.8576899509803921 0.027369281045751634 0.018075980392156864
1 0.5349264705882353 0.7801776960784313 0.02246732026143791 0.01685049019607843
1 0.579452614379085 0.9845281862745098 0.037173202614379085 0.02849264705882353
1 0.29014297385620913 0.7325153186274509 0.016560457516339867 0.011599264705882352
