1 0.47467320261437906 0.6429227941176471 0.01715686274509804 0.010723039215686275
1 0.039624183006535946 0.5706188725490197 0.013071895424836602 0.008272058823529412
1 0.08272058823529412 0.608609068627451 0.01511437908496732 0.01011029411764706
1 0.4957107843137255 0.6184129901960784 0.014297385620915032 0.008884803921568627
1 0.7479575163398693 0.7887561274509803 0.018790849673202614 0.012561274509803922
1 0.49550653594771243 0.6838235294117647 0.01715686274509804 0.010416666666666666
1 0.3474264705882353 0.733609068627451 0.01838235294117647 0.011948529411764705
1 0.4172794117647059 0.5943627450980392 0.014297385620915032 0.010416666666666666
1 0.5349264705882353 0.6937806372549019 0.015931372549019607 0.010723039215686275
1 0.3214869281045752 0.5870098039215687 0.010620915032679739 0.007352941176470588
1 0.3270016339869281 0.7495404411764706 0.01838235294117647 0.011948529411764705
1 0.2555147058823529 0.6594669117647058 0.01919934640522876 0.01133578431372549
1 0.27818627450980393 0.5914522058823529 0.014705882352941176 0.008884803921568627
1 0.764501633986928 0.8048406862745098 0.015931372549019607 0.011642156862745098
1 0.8084150326797386 0.6629901960784313 0.02042483660130719 0.012867647058823529
1 0.40379901960784315 0.8089767156862745 0.01919934640522876 0.013174019607843137
1 0.1568627450980392 0.5782781862745098 0.012254901960784314 0.008272058823529412
1 0.14950980392156862 0.6694240196078431 0.02042483660130719 0.012867647058823529
1 0.46977124183006536 0.7936580882352942 0.016339869281045753 0.01011029411764706
1 0.9454656862745098 0.7383578431372549 0.01838235294117647 0.011642156862745098
1 0.10559640522875817 0.5798100490196079 0.01184640522875817 0.008884803921568627
1 0.858047385620915 0.8543198529411765 0.020016339869281044 0.014399509803921568
1 0.39072712418300654 0.75 0.01838235294117647 0.011642156862745098
1 0.3321078431372549 0.5744485294117647 0.012254901960784314 0.007965686274509803
1 0.7536764705882353 0.7633272058823529 0.02287581699346405 0.013786764705882353
1 0.03104575163398693 0.5991115196078431 0.016339869281045753 0.01011029411764706
1 0.06678921568627451 0.8529411764705882 0.02246732026143791 0.015318627450980392
1 0.2610294117647059 0.5847120098039216 0.013888888888888888 0.008884803921568627
1 0.6977124183006536 0.7000612745098039 0.01715686274509804 0.012867647058823529
1 0.255718954248366 0.7959558823529411 0.02042483660130719 0.012867647058823529
1 0.013888888888888888 0.5753676470588235 0.016339869281045753 0.00980392156862745
1 0.061887254901960786 0.5909926470588235 0.015931372549019607 0.009191176470588236
1 0.49203431372549017 0.7092524509803921 0.017565359477124183 0.011642156862745098
1 0.3425245098039216 0.5669424019607843 0.012663398692810458 0.007659313725490196
1 0.11764705882352941 0.5767463235294118 0.011437908496732025 0.008884803921568627
1 0.3786764705882353 0.7403492647058824 0.022058823529411766 0.014399509803921568
1 0.3570261437908497 0.7545955882352942 0.02042483660130719 0.012867647058823529
1 0.940359477124183 0.8625919117647058 0.018790849673202614 0.013174019607843137
1 0.7724673202614379 0.8226102941176471 0.021241830065359478 0.014093137254901961
1 0.7988153594771242 0.6868872549019608 0.020016339869281044 0.012867647058823529
1 0.34620098039215685 0.6515012254901961 0.017565359477124183 0.01133578431372549
1 0.00428921568627451 0.7149203431372549 0.00857843137254902 0.016237745098039217
1 0.9234068627450981 0.8590686274509803 0.01838235294117647 0.013480392156862746
1 0.1358251633986928 0.5847120098039216 0.01511437908496732 0.01011029411764706
1 0.7371323529411765 0.7578125 0.01838235294117647 0.012561274509803922
1 0.5841503267973857 0.6092218137254902 0.015522875816993464 0.010723039215686275
1 0.24959150326797386 0.5883884803921569 0.013888888888888888 0.009497549019607842
1 0.7007761437908496 0.8060661764705882 0.02165032679738562 0.014093137254901961
1 0.08272058823529412 0.9234068627450981 0.02165032679738562 0.014705882352941176
1 0.01715686274509804 0.5917585784313726 0.016339869281045753 0.01011029411764706
1 0.5725081699346405 0.5770526960784313 0.014297385620915032 0.01011029411764706
1 0.21058006535947713 0.5879289215686274 0.017565359477124183 0.010416666666666666
1 0.08925653594771242 0.9433210784313726 0.023284313725490197 0.01838235294117647
1 0.26143790849673204 0.6652879901960784 0.016339869281045753 0.010723039215686275
1 0.12479575163398693 0.6639093137254902 0.01838235294117647 0.013480392156862746
1 0.31842320261437906 0.9171262254901961 0.020016339869281044 0.01685049019607843
1 0.13909313725490197 0.6156556372549019 0.016748366013071895 0.010723039215686275
1 0.664828431372549 0.6133578431372549 0.015931372549019607 0.011029411764705883
1 0.12459150326797386 0.8416053921568627 0.021241830065359478 0.014705882352941176
1 0.068218954248366 0.6113664215686274 0.015522875816993464 0.010723039215686275
1 0.747140522875817 0.7428002450980392 0.02042483660130719 0.014399509803921568
1 0.032475490196078434 0.7958026960784313 0.027369281045751634 0.018075980392156864
1 0.40298202614379086 0.5680147058823529 0.014297385620915032 0.009191176470588236
1 0.2252859477124183 0.5946691176470589 0.017565359477124183 0.010416666666666666
1 0.3819444444444444 0.5865502450980392 0.014705882352941176 0.01011029411764706
1 0.13848039215686275 0.6311274509803921 0.017973856209150325 0.012254901960784314
1 0.29268790849673204 0.6415441176470589 0.015931372549019607 0.011029411764705883
1 0.5110294117647058 0.5856311274509803 0.015522875816993464 0.01133578431372549
1 0.2977941176470588 0.9126838235294118 0.022058823529411766 0.018995098039215685
1 0.18586601307189543 0.5943627450980392 0.014705882352941176 0.00980392156862745
1 0.4765114379084967 0.8285845588235294 0.020833333333333332 0.015625
1 0.25245098039215685 0.6565563725490197 0.016339869281045753 0.00980392156862745
1 0.6605392156862745 0.6300551470588235 0.015522875816993464 0.010723039215686275
1 0.012459150326797386 0.6038602941176471 0.017565359477124183 0.011029411764705883
1 0.3125 0.7317708333333334 0.01715686274509804 0.013174019607843137
1 0.15870098039215685 0.6116727941176471 0.017565359477124183 0.010723039215686275
1 0.1715686274509804 0.5991115196078431 0.014705882352941176 0.010723039215686275
1 0.7395833333333334 0.6420036764705882 0.01919934640522876 0.012561274509803922
1 0.2689950980392157 0.6418504901960784 0.01511437908496732 0.010416666666666666
1 0.15379901960784315 0.6973039215686274 0.01919934640522876 0.013480392156862746
1 0.2326388888888889 0.8298100490196079 0.025735294117647058 0.017463235294117647
1 0.8216911764705882 0.7363664215686274 0.01838235294117647 0.013174019607843137
1 0.06311274509803921 0.6323529411764706 0.017565359477124183 0.011642156862745098
1 0.8690767973856209 0.9013480392156863 0.020833333333333332 0.018995098039215685
1 0.6605392156862745 0.8275122549019608 0.02042483660130719 0.014093137254901961
1 0.13991013071895425 0.7040441176470589 0.01919934640522876 0.013480392156862746
1 0.6427696078431373 0.6654411764705882 0.020833333333333332 0.015318627450980392
1 0.8637663398692811 0.6666666666666666 0.026552287581699346 0.018995098039215685
1 0.721609477124183 0.7912071078431373 0.020833333333333332 0.015012254901960785
1 0.610498366013072 0.6724877450980392 0.01838235294117647 0.014093137254901961
1 0.573937908496732 0.9162071078431373 0.025326797385620915 0.01991421568627451
1 0.2455065359477124 0.9021139705882353 0.028594771241830064 0.021139705882352942
1 0.04779411764705882 0.8347120098039216 0.02696078431372549 0.01991421568627451
1 0.3241421568627451 0.7014399509803921 0.020833333333333332 0.015012254901960785
1 0.0755718954248366 0.836703431372549 0.029411764705882353 0.02144607843137255
1 0.36560457516339867 0.8710171568627451 0.03022875816993464 0.020833333333333332
1 0.43889093137254903 0.6308210784313726 0.01667075163398693 0.00980392156862745
1 0.4519628267973856 0.6000306372549019 0.010951797385620915 0.008272058823529412
1 0.3962091503267974 0.5816482843137255 0.013006535947712419 0.008272058823529412
1 0.32967933006535943 0.5877757352941176 0.009848856209150327 0.0070465686274509805
1 0.23853349673202612 0.5808823529411765 0.012197712418300654 0.007965686274509803
1 0.24614583333333337 0.5825674019607843 0.011899509803921569 0.008272058823529412
1 0.11786356209150325 0.6106004901960784 0.014321895424836603 0.007352941176470588
1 0.05452818627450981 0.6063112745098039 0.012651143790849672 0.00857843137254902
1 0.016337826797385623 0.6125919117647058 0.013884803921568628 0.008884803921568627
