1 0.7634803921568627 0.7310049019607843 0.011437908496732025 0.013480392156862746
1 0.7559232026143791 0.7521446078431373 0.020833333333333332 0.015318627450980392
1 0.641952614379085 0.7547487745098039 0.020833333333333332 0.01685049019607843
1 0.6194852941176471 0.7613357843137255 0.02246732026143791 0.014705882352941176
1 0.2632761437908497 0.7814031862745098 0.01838235294117647 0.010723039215686275
1 0.5420751633986928 0.8552389705882353 0.02287581699346405 0.021752450980392156
1 0.43913398692810457 0.8579963235294118 0.031862745098039214 0.026041666666666668
1 0.3660130718954248 0.9024203431372549 0.031862745098039214 0.023590686274509803
1 0.9473039215686274 0.9223345588235294 0.029411764705882353 0.021139705882352942
1 0.4591503267973856 0.9413296568627451 0.0457516339869281 0.03216911764705882
1 0.07186070261437909 0.8483455882352942 0.03179330065359477 0.02144607843137255
