1 0.5678104575163399 0.7337622549019608 0.013888888888888888 0.010416666666666666
1 0.13684640522875818 0.6490502450980392 0.012254901960784314 0.008272058823529412
1 0.9080882352941176 0.7625612745098039 0.013888888888888888 0.009191176470588236
1 0.2354983660130719 0.7481617647058824 0.02246732026143791 0.015318627450980392
1 0.12745098039215685 0.6827512254901961 0.014705882352941176 0.008884803921568627
1 0.8794934640522876 0.6763174019607843 0.013071895424836602 0.008884803921568627
1 0.9928513071895425 0.7218137254901961 0.01184640522875817 0.00857843137254902
1 0.566687091503268 0.7145634191176471 0.016544117647058824 0.010621936274509804
1 0.8727532679738562 0.7011335784313726 0.01184640522875817 0.007659313725490196
1 0.8905228758169934 0.6818321078431373 0.013071895424836602 0.008884803921568627
1 0.7066993464052288 0.7948835784313726 0.01715686274509804 0.010723039215686275
1 0.928921568627451 0.7224264705882353 0.015522875816993464 0.00980392156862745
1 0.5163398692810458 0.8000919117647058 0.015522875816993464 0.010723039215686275
1 0.9236111111111112 0.6642156862745098 0.015522875816993464 0.009191176470588236
1 0.31495098039215685 0.7752757352941176 0.018790849673202614 0.013174019607843137
1 0.1431781045751634 0.6790747549019608 0.01511437908496732 0.010723039215686275
1 0.719328022875817 0.8410186887254902 0.017087418300653592 0.012306985294117648
1 0.2540849673202614 0.7513786764705882 0.018790849673202614 0.014399509803921568
1 0.8384395424836601 0.7310814950980392 0.020833333333333332 0.014246323529411764
1 0.43647875816993464 0.8181678921568627 0.020833333333333332 0.014399509803921568
1 0.6467871732026144 0.8376485906862745 0.02314950980392157 0.01659620098039216
1 0.8970588235294118 0.7787990196078431 0.017973856209150325 0.011029411764705883
1 0.6981209150326797 0.8202864583333334 0.02369281045751634 0.016185661764705882
1 0.9699754901960784 0.7354473039215687 0.016748366013071895 0.011948529411764705
1 0.710171568627451 0.7666973039215687 0.017565359477124183 0.012561274509803922
1 0.764501633986928 0.8465073529411765 0.01919934640522876 0.013480392156862746
1 0.2949346405228758 0.7798713235294118 0.01715686274509804 0.012561274509803922
1 0.7142565359477124 0.8329503676470589 0.020833333333333332 0.013939950980392158
1 0.9303513071895425 0.8235294117647058 0.020833333333333332 0.014705882352941176
1 0.30106209150326796 0.7732843137254902 0.017973856209150325 0.012254901960784314
