1 0.8954248366013072 0.7809436274509803 0.02042483660130719 0.00857843137254902
1 0.8570261437908496 0.7909007352941176 0.021241830065359478 0.009497549019607842
1 0.9466911764705882 0.8166360294117647 0.014297385620915032 0.011948529411764705
1 0.8382352941176471 0.8304227941176471 0.013888888888888888 0.014399509803921568
1 0.8012663398692811 0.8337928921568627 0.026552287581699346 0.018075980392156864
1 0.16033496732026145 0.842984068627451 0.020833333333333332 0.012561274509803922
1 0.7465277777777778 0.8572303921568627 0.020016339869281044 0.007352941176470588
1 0.5314542483660131 0.8828125 0.03349673202614379 0.011948529411764705
1 0.4395424836601307 0.8926164215686274 0.024509803921568627 0.020526960784313725
1 0.6219362745098039 0.8988970588235294 0.026552287581699346 0.020833333333333332
1 0.9409722222222222 0.9041053921568627 0.023284313725490197 0.009191176470588236
