1 0.9940767973856209 0.6450674019607843 0.011029411764705883 0.008884803921568627
1 0.3576388888888889 0.6427696078431373 0.016748366013071895 0.011642156862745098
1 0.9321895424836601 0.6424632352941176 0.011437908496732025 0.00857843137254902
1 0.9017565359477124 0.6260723039215687 0.012663398692810458 0.008272058823529412
1 0.902845179738562 0.6070772058823529 0.014840686274509803 0.01011029411764706
1 0.9072712418300654 0.6429227941176471 0.011437908496732025 0.007659313725490196
1 0.8553921568627451 0.6263786764705882 0.012254901960784314 0.008272058823529412
1 0.8762254901960784 0.6484375 0.013071895424836602 0.008272058823529412
1 0.8944035947712419 0.6531862745098039 0.012663398692810458 0.007965686274509803
1 0.8658088235294118 0.6545649509803921 0.013480392156862746 0.008884803921568627
1 0.2734885620915033 0.9103860294117647 0.025735294117647058 0.018688725490196078
1 0.9352532679738562 0.7833946078431373 0.017565359477124183 0.014093137254901961
1 0.9281045751633987 0.7467830882352942 0.028594771241830064 0.019301470588235295
1 0.9640645424836602 0.6434849877450981 0.011462418300653594 0.008170955882352941
1 0.9787683823529412 0.6473651960784313 0.011458333333333334 0.006127450980392157
1 0.918688725490196 0.6489231004901961 0.013031045751633986 0.007405024509803922
1 0.8884211601307189 0.6335278799019608 0.011319444444444444 0.006639093137254902
