1 0.6749387254901961 0.4311683006535948 0.00980392156862745 0.014297385620915032
1 0.6145833333333334 0.43423202614379086 0.00980392156862745 0.012254901960784314
1 0.31985294117647056 0.43647875816993464 0.006127450980392157 0.007761437908496732
1 0.6850490196078431 0.43770424836601307 0.009191176470588236 0.012663398692810458
1 0.1793811274509804 0.43790849673202614 0.007659313725490196 0.008169934640522876
1 0.6332720588235294 0.4381127450980392 0.011642156862745098 0.007761437908496732
1 0.7014399509803921 0.43852124183006536 0.008884803921568627 0.010212418300653595
1 0.14154411764705882 0.43852124183006536 0.00980392156862745 0.00857843137254902
1 0.15747549019607843 0.43852124183006536 0.011642156862745098 0.00857843137254902
1 0.16850490196078433 0.4387254901960784 0.009191176470588236 0.00980392156862745
1 0.05667892156862745 0.43913398692810457 0.009191176470588236 0.007352941176470588
1 0.29105392156862747 0.43913398692810457 0.011642156862745098 0.008986928104575163
1 0.6426164215686274 0.43933823529411764 0.0070465686274509805 0.00857843137254902
1 0.6628370098039216 0.4397467320261438 0.012561274509803922 0.014297385620915032
1 0.12699142156862744 0.4397467320261438 0.0070465686274509805 0.006944444444444444
1 0.2420343137254902 0.43995098039215685 0.00980392156862745 0.00980392156862745
1 0.25168504901960786 0.43995098039215685 0.0070465686274509805 0.00980392156862745
1 0.30422794117647056 0.43995098039215685 0.011029411764705883 0.012254901960784314
1 0.33547794117647056 0.4401552287581699 0.0055147058823529415 0.007761437908496732
1 0.7201286764705882 0.4401552287581699 0.006433823529411764 0.007761437908496732
1 0.14966299019607843 0.4401552287581699 0.009497549019607842 0.007761437908496732
1 0.3232230392156863 0.440359477124183 0.00857843137254902 0.008169934640522876
1 0.20879289215686275 0.44076797385620914 0.007659313725490196 0.00980392156862745
1 0.19439338235294118 0.4409722222222222 0.015012254901960785 0.00857843137254902
1 0.10018382352941177 0.4415849673202614 0.004901960784313725 0.005718954248366013
1 0.22748161764705882 0.44199346405228757 0.011948529411764705 0.011437908496732025
1 0.5709252450980392 0.4424019607843137 0.010723039215686275 0.012254901960784314
1 0.021292892156862746 0.44342320261437906 0.007659313725490196 0.009395424836601307
1 0.06341911764705882 0.44362745098039214 0.006740196078431373 0.005718954248366013
1 0.1053921568627451 0.44362745098039214 0.007965686274509803 0.008169934640522876
1 0.7697610294117647 0.4438316993464052 0.008272058823529412 0.006944444444444444
1 0.05575980392156863 0.44424019607843135 0.010416666666666666 0.006944444444444444
1 0.7616421568627451 0.44424019607843135 0.00857843137254902 0.007761437908496732
1 0.09099264705882353 0.4444444444444444 0.012867647058823529 0.010620915032679739
1 0.26363357843137253 0.4452614379084967 0.007659313725490196 0.008169934640522876
1 0.0741421568627451 0.44750816993464054 0.007965686274509803 0.009395424836601307
1 0.05131740196078431 0.44812091503267976 0.006433823529411764 0.004084967320261438
1 0.6156556372549019 0.4511846405228758 0.011948529411764705 0.013480392156862746
1 0.32015931372549017 0.45179738562091504 0.010416666666666666 0.011437908496732025
1 0.17601102941176472 0.4522058823529412 0.012561274509803922 0.008169934640522876
1 0.029105392156862746 0.4534313725490196 0.00857843137254902 0.008986928104575163
1 0.19255514705882354 0.45526960784313725 0.011948529411764705 0.007761437908496732
1 0.0029105392156862746 0.45751633986928103 0.005821078431372549 0.006535947712418301
1 0.016544117647058824 0.4577205882352941 0.00857843137254902 0.0053104575163398695
1 0.2339154411764706 0.4577205882352941 0.012561274509803922 0.006944444444444444
1 0.04411764705882353 0.4583333333333333 0.012867647058823529 0.013888888888888888
1 0.05912990196078431 0.4591503267973856 0.00980392156862745 0.010620915032679739
1 0.1721813725490196 0.45935457516339867 0.012254901960784314 0.007761437908496732
1 0.43550857843137253 0.46119281045751637 0.011948529411764705 0.012254901960784314
1 0.1018688725490196 0.4624183006535948 0.011948529411764705 0.012254901960784314
1 0.007199754901960784 0.46405228758169936 0.01011029411764706 0.008169934640522876
1 0.03569240196078431 0.46486928104575165 0.018075980392156864 0.010620915032679739
1 0.2994791666666667 0.46486928104575165 0.016237745098039217 0.014705882352941176
1 0.25888480392156865 0.46629901960784315 0.015318627450980392 0.013480392156862746
1 0.7319240196078431 0.4675245098039216 0.010416666666666666 0.013480392156862746
1 0.12622549019607843 0.4681372549019608 0.013480392156862746 0.011437908496732025
1 0.7761948529411765 0.4693627450980392 0.011948529411764705 0.013071895424836602
1 0.16053921568627452 0.4695669934640523 0.012867647058823529 0.010212418300653595
1 0.0934436274509804 0.4714052287581699 0.012254901960784314 0.012254901960784314
1 0.10401348039215687 0.4756944444444444 0.013174019607843137 0.009395424836601307
1 0.7140012254901961 0.4765114379084967 0.013174019607843137 0.01511437908496732
1 0.08532475490196079 0.47814542483660133 0.01133578431372549 0.00857843137254902
1 0.6106004901960784 0.48161764705882354 0.015931372549019607 0.0196078431372549
1 0.0350796568627451 0.4818218954248366 0.013174019607843137 0.014297385620915032
1 0.3003982843137255 0.48304738562091504 0.014399509803921568 0.015931372549019607
1 0.1793811274509804 0.4854983660130719 0.011948529411764705 0.011029411764705883
1 0.14613970588235295 0.4861111111111111 0.010416666666666666 0.008169934640522876
1 0.9584865196078431 0.48651960784313725 0.013786764705882353 0.017973856209150325
1 0.4479166666666667 0.4889705882352941 0.01838235294117647 0.0196078431372549
1 0.19362745098039216 0.4910130718954248 0.017769607843137254 0.01715686274509804
1 0.15318627450980393 0.4912173202614379 0.014705882352941176 0.00857843137254902
1 0.7454044117647058 0.4934640522875817 0.014705882352941176 0.014705882352941176
1 0.14736519607843138 0.5012254901960784 0.015318627450980392 0.007352941176470588
1 0.32965686274509803 0.5026552287581699 0.00857843137254902 0.011029411764705883
1 0.7582720588235294 0.5077614379084967 0.018995098039215685 0.02042483660130719
1 0.06112132352941176 0.511437908496732 0.01685049019607843 0.013071895424836602
1 0.8549325980392157 0.5126633986928104 0.018688725490196078 0.02042483660130719
1 0.741421568627451 0.5159313725490197 0.01838235294117647 0.014705882352941176
1 0.013480392156862746 0.5230800653594772 0.015318627450980392 0.012663398692810458
1 0.7234987745098039 0.5243055555555556 0.016237745098039217 0.020833333333333332
1 0.7415747549019608 0.5265522875816994 0.021752450980392156 0.026143790849673203
1 0.9934129901960784 0.5290032679738562 0.013174019607843137 0.016339869281045753
1 0.7712928921568627 0.5294117647058824 0.015012254901960785 0.013888888888888888
1 0.6470588235294118 0.5296160130718954 0.015931372549019607 0.01919934640522876
1 0.6279105392156863 0.5316584967320261 0.019301470588235295 0.02165032679738562
1 0.010876225490196078 0.5371732026143791 0.018075980392156864 0.013888888888888888
1 0.20189950980392157 0.5402369281045751 0.02022058823529412 0.02165032679738562
1 0.11933210784313726 0.545751633986928 0.018688725490196078 0.0196078431372549
1 0.38786764705882354 0.5471813725490197 0.02022058823529412 0.01838235294117647
1 0.6236213235294118 0.5506535947712419 0.011948529411764705 0.016339869281045753
1 0.5422794117647058 0.5543300653594772 0.018995098039215685 0.02042483660130719
1 0.01914828431372549 0.5549428104575164 0.017463235294117647 0.013480392156862746
1 0.07169117647058823 0.5555555555555556 0.018995098039215685 0.016339869281045753
1 0.49325980392156865 0.5594362745098039 0.020833333333333332 0.024101307189542485
1 0.19454656862745098 0.5604575163398693 0.022058823529411766 0.025326797385620915
1 0.07705269607843138 0.5743464052287581 0.02297794117647059 0.022058823529411766
1 0.050551470588235295 0.5782271241830066 0.02144607843137255 0.027369281045751634
1 0.782015931372549 0.5800653594771242 0.02420343137254902 0.024509803921568627
1 0.24785539215686275 0.5835375816993464 0.02144607843137255 0.023284313725490197
1 0.1321997549019608 0.5929330065359477 0.018075980392156864 0.02165032679738562
1 0.06341911764705882 0.5943627450980392 0.025122549019607844 0.018790849673202614
1 0.45909926470588236 0.6043709150326797 0.01991421568627451 0.02246732026143791
1 0.020373774509803922 0.6049836601307189 0.021752450980392156 0.026143790849673203
1 0.2774203431372549 0.605187908496732 0.02665441176470588 0.03145424836601307
1 0.39215686274509803 0.6058006535947712 0.026348039215686275 0.02696078431372549
1 0.9702818627450981 0.6072303921568627 0.028186274509803922 0.027369281045751634
1 0.15088848039215685 0.608047385620915 0.02420343137254902 0.02165032679738562
1 0.4195772058823529 0.6086601307189542 0.018075980392156864 0.02287581699346405
1 0.6816789215686274 0.6098856209150327 0.015931372549019607 0.018790849673202614
1 0.2539828431372549 0.6121323529411765 0.02022058823529412 0.02246732026143791
1 0.8014705882352942 0.6166258169934641 0.022058823529411766 0.026552287581699346
1 0.38924632352941174 0.6209150326797386 0.017463235294117647 0.014705882352941176
1 0.7196691176470589 0.6225490196078431 0.023284313725490197 0.027777777777777776
1 0.0430453431372549 0.6245915032679739 0.0272671568627451 0.024509803921568627
1 0.9632352941176471 0.6284722222222222 0.025122549019607844 0.0298202614379085
1 0.11902573529411764 0.6348039215686274 0.0272671568627451 0.028594771241830064
1 0.35370710784313725 0.6356209150326797 0.019301470588235295 0.022058823529411766
1 0.21492034313725492 0.6411356209150327 0.008884803921568627 0.014297385620915032
1 0.7475490196078431 0.6456290849673203 0.028186274509803922 0.03227124183006536
1 0.32674632352941174 0.6548202614379085 0.02420343137254902 0.02042483660130719
1 0.35003063725490197 0.6574754901960784 0.019301470588235295 0.025735294117647058
1 0.26424632352941174 0.6646241830065359 0.019301470588235295 0.022058823529411766
1 0.6181066176470589 0.6699346405228758 0.023590686274509803 0.017973856209150325
1 0.1724877450980392 0.6752450980392157 0.032475490196078434 0.03676470588235294
1 0.5534620098039216 0.6762663398692811 0.01685049019607843 0.016748366013071895
1 0.1096813725490196 0.6787173202614379 0.026348039215686275 0.03390522875816993
1 0.8036151960784313 0.6799428104575164 0.028186274509803922 0.0298202614379085
1 0.011488970588235295 0.6877042483660131 0.02297794117647059 0.03145424836601307
1 0.3235294117647059 0.6897467320261438 0.0196078431372549 0.020833333333333332
1 0.4895833333333333 0.6921977124183006 0.026348039215686275 0.02900326797385621
1 0.5957414215686274 0.6956699346405228 0.023590686274509803 0.0196078431372549
1 0.14460784313725492 0.6995506535947712 0.025735294117647058 0.020833333333333332
1 0.1793811274509804 0.707312091503268 0.030330882352941176 0.02246732026143791
1 0.5741421568627451 0.7111928104575164 0.028186274509803922 0.03349673202614379
1 0.6597732843137255 0.7185457516339869 0.02665441176470588 0.03104575163398693
1 0.3860294117647059 0.7250816993464052 0.03002450980392157 0.04084967320261438
1 0.5526960784313726 0.7265114379084967 0.02144607843137255 0.015931372549019607
1 0.16896446078431374 0.7479575163398693 0.026041666666666668 0.03104575163398693
1 0.059283088235294115 0.7487745098039216 0.03155637254901961 0.03676470588235294
1 0.6017156862745098 0.7489787581699346 0.01838235294117647 0.023284313725490197
1 0.7872242647058824 0.7561274509803921 0.03462009803921569 0.041666666666666664
1 0.07475490196078431 0.7591911764705882 0.037377450980392156 0.04370915032679738
1 0.19255514705882354 0.7618464052287581 0.022365196078431373 0.02696078431372549
1 0.8723958333333334 0.7871732026143791 0.03216911764705882 0.041666666666666664
1 0.9762561274509803 0.795751633986928 0.035845588235294115 0.041666666666666664
1 0.08655024509803921 0.8043300653594772 0.026041666666666668 0.024509803921568627
1 0.24586397058823528 0.8133169934640523 0.01685049019607843 0.02042483660130719
1 0.20572916666666666 0.872140522875817 0.03952205882352941 0.03676470588235294
1 0.6073835784313726 0.8725490196078431 0.019301470588235295 0.02287581699346405
1 0.4224877450980392 0.8854166666666666 0.025122549019607844 0.03227124183006536
1 0.17264093137254902 0.8907271241830066 0.030330882352941176 0.0298202614379085
1 0.5425857843137255 0.9042075163398693 0.04411764705882353 0.061683006535947715
1 0.4753370098039216 0.951797385620915 0.03278186274509804 0.026143790849673203
1 0.39568014705882354 0.9558823529411765 0.02542892156862745 0.026143790849673203
1 0.9414828431372549 0.9748774509803921 0.04411764705882353 0.05024509803921569
1 0.7925857843137255 0.2542892156862745 0.007965686274509803 0.00857843137254902
1 0.15533088235294118 0.27961601307189543 0.006740196078431373 0.0053104575163398695
1 0.13419117647058823 0.28717320261437906 0.003676470588235294 0.004084967320261438
1 0.045649509803921566 0.2877859477124183 0.0055147058823529415 0.0053104575163398695
1 0.16651348039215685 0.28982843137254904 0.004595588235294118 0.0053104575163398695
1 0.17478553921568626 0.28982843137254904 0.004595588235294118 0.006127450980392157
1 0.03079044117647059 0.2916666666666667 0.005821078431372549 0.005718954248366013
1 0.07950367647058823 0.29820261437908496 0.005821078431372549 0.007352941176470588
1 0.8010110294117647 0.3525326797385621 0.011948529411764705 0.015522875816993464
