1 0.3188316993464052 0.5258884803921569 0.01919934640522876 0.010723039215686275
1 0.9938725490196079 0.9931066176470589 0.012254901960784314 0.013786764705882353
1 0.12459150326797386 0.5491727941176471 0.026143790849673203 0.015012254901960785
1 0.2724673202614379 0.5294117647058824 0.02042483660130719 0.015318627450980392
1 0.24448529411764705 0.6496629901960784 0.02165032679738562 0.015012254901960785
1 0.508578431372549 0.6815257352941176 0.027777777777777776 0.01685049019607843
1 0.03839869281045752 0.6076899509803921 0.02287581699346405 0.013786764705882353
1 0.9932598039215687 0.5727634803921569 0.013480392156862746 0.018688725490196078
1 0.07618464052287582 0.4655330882352941 0.015931372549019607 0.01011029411764706
1 0.2959558823529412 0.5393688725490197 0.020016339869281044 0.012561274509803922
1 0.6386846405228758 0.5611213235294118 0.026552287581699346 0.016237745098039217
1 0.09375 0.5416666666666666 0.0298202614379085 0.018995098039215685
1 0.1750408496732026 0.6139705882352942 0.0298202614379085 0.0196078431372549
1 0.7745098039215687 0.5412071078431373 0.0196078431372549 0.014399509803921568
1 0.23672385620915032 0.5355392156862745 0.02246732026143791 0.016544117647058824
1 0.058619281045751634 0.6176470588235294 0.026552287581699346 0.01838235294117647
1 0.07822712418300654 0.6675857843137255 0.03227124183006536 0.017769607843137254
1 0.9891748366013072 0.6269914215686274 0.020833333333333332 0.018075980392156864
1 0.20874183006535948 0.5831801470588235 0.028594771241830064 0.019301470588235295
1 0.40012254901960786 0.6090686274509803 0.03227124183006536 0.022058823529411766
1 0.006944444444444444 0.7541360294117647 0.013888888888888888 0.029105392156862746
1 0.7906454248366013 0.6135110294117647 0.026552287581699346 0.018688725490196078
1 0.19587418300653595 0.7916666666666666 0.04370915032679738 0.031862745098039214
1 0.25531045751633985 0.5370710784313726 0.026143790849673203 0.018995098039215685
1 0.1147875816993464 0.7628676470588235 0.04084967320261438 0.029411764705882353
1 0.35110294117647056 0.6254595588235294 0.0298202614379085 0.021752450980392156
1 0.7156862745098039 0.9808517156862745 0.04656862745098039 0.03707107843137255
1 0.429125816993464 0.6720281862745098 0.03390522875816993 0.02297794117647059
1 0.04554738562091503 0.6409313725490197 0.03799019607843137 0.025122549019607844
1 0.5716911764705882 0.6885723039215687 0.03390522875816993 0.026041666666666668
1 0.315359477124183 0.6939338235294118 0.04003267973856209 0.028799019607843136
1 0.23815359477124182 0.7694546568627451 0.041666666666666664 0.03216911764705882
1 0.9862397875816994 0.4849325980392157 0.012512254901960784 0.00724264705882353
