1 0.1568627450980392 0.7285539215686274 0.013071895424836602 0.007965686274509803
1 0.6178513071895425 0.8431372549019608 0.017565359477124183 0.012254901960784314
1 0.717295751633987 0.6762025122549019 0.015473856209150328 0.011106004901960785
1 0.8974673202614379 0.7737438725490197 0.017973856209150325 0.01133578431372549
1 0.19076797385620914 0.7942708333333334 0.015522875816993464 0.010723039215686275
1 0.7474019607843138 0.8666835171568628 0.021764705882352943 0.01584252450980392
1 0.6049591503267974 0.6735401348039215 0.015473856209150328 0.010683210784313725
1 0.02287581699346405 0.7080269607843137 0.013888888888888888 0.00980392156862745
1 0.24987336601307192 0.7777466299019608 0.012001633986928105 0.007699142156862745
1 0.6296977124183006 0.8489583333333334 0.01838235294117647 0.012867647058823529
1 0.6194342320261438 0.6681985294117647 0.015012254901960785 0.00980392156862745
1 0.6241830065359477 0.983609068627451 0.02369281045751634 0.017463235294117647
1 0.8084150326797386 0.8218443627450981 0.017973856209150325 0.011948529411764705
1 0.346609477124183 0.8235677083333334 0.01919934640522876 0.015395220588235295
1 0.1999591503267974 0.9355085784313726 0.024918300653594773 0.017463235294117647
1 0.6742238562091504 0.7192095588235294 0.015931372549019607 0.011948529411764705
1 0.48284313725490197 0.7452512254901961 0.015522875816993464 0.012561274509803922
1 0.061683006535947715 0.8013174019607843 0.02042483660130719 0.01133578431372549
1 0.6825980392156863 0.8080575980392157 0.017973856209150325 0.012561274509803922
1 0.039419934640522875 0.7853860294117647 0.020833333333333332 0.013174019607843137
1 0.596609477124183 0.6703431372549019 0.01511437908496732 0.011029411764705883
1 0.8297855392156863 0.6956571691176471 0.01659722222222222 0.010799632352941176
1 0.7834967320261438 0.8704044117647058 0.018790849673202614 0.012254901960784314
1 0.3000408496732026 0.7806372549019608 0.015931372549019607 0.011642156862745098
1 0.3196486928104575 0.9301470588235294 0.020016339869281044 0.015318627450980392
1 0.2332516339869281 0.7715992647058824 0.015522875816993464 0.010723039215686275
1 0.016748366013071895 0.6850490196078431 0.014705882352941176 0.00980392156862745
1 0.3016748366013072 0.797640931372549 0.020016339869281044 0.014399509803921568
1 0.7287581699346405 0.6931678921568627 0.017973856209150325 0.01133578431372549
1 0.22099673202614378 0.7485248161764706 0.01715686274509804 0.012368259803921568
1 0.03390522875816993 0.7642463235294118 0.018790849673202614 0.014399509803921568
1 0.3641748366013072 0.7835477941176471 0.020016339869281044 0.013174019607843137
1 0.005718954248366013 0.6626838235294118 0.011437908496732025 0.00980392156862745
1 0.2935049019607843 0.8684129901960784 0.02246732026143791 0.016237745098039217
1 0.7291666666666666 0.8112745098039216 0.01715686274509804 0.012867647058823529
1 0.6076388888888888 0.9587928921568627 0.020833333333333332 0.014399509803921568
1 0.3611111111111111 0.8264399509803921 0.02042483660130719 0.015625
1 0.8445669934640523 0.7192095588235294 0.017565359477124183 0.012561274509803922
1 0.6499183006535948 0.6893382352941176 0.014705882352941176 0.011029411764705883
1 0.7683823529411765 0.6971507352941176 0.017973856209150325 0.01133578431372549
1 0.7851307189542484 0.7714460784313726 0.022058823529411766 0.016544117647058824
1 0.6650326797385621 0.7971813725490197 0.018790849673202614 0.013480392156862746
1 0.7071078431372549 0.8164828431372549 0.018790849673202614 0.014093137254901961
1 0.47263071895424835 0.7815563725490197 0.02042483660130719 0.014705882352941176
1 0.5533088235294118 0.9492953431372549 0.024101307189542485 0.020526960784313725
1 0.9370915032679739 0.7348345588235294 0.016339869281045753 0.011948529411764705
1 0.7075163398692811 0.7901348039215687 0.022058823529411766 0.015318627450980392
1 0.8257046568627451 0.7013066789215686 0.017422385620915033 0.011681985294117648
