1 0.5038296568627451 0.860702614379085 0.007659313725490196 0.013888888888888888
1 0.4928002450980392 0.8615196078431373 0.01011029411764706 0.012254901960784314
1 0.6842830882352942 0.8690767973856209 0.010723039215686275 0.013480392156862746
1 0.647671568627451 0.8698937908496732 0.013480392156862746 0.016748366013071895
1 0.4024203431372549 0.8760212418300654 0.010723039215686275 0.014297385620915032
1 0.2887561274509804 0.8944035947712419 0.014399509803921568 0.01838235294117647
1 0.3242953431372549 0.8950163398692811 0.018688725490196078 0.02042483660130719
1 0.328125 0.9156454248366013 0.015931372549019607 0.01838235294117647
1 0.7092524509803921 0.9162581699346405 0.011642156862745098 0.017973856209150325
1 0.7460171568627451 0.9201388888888888 0.011642156862745098 0.014297385620915032
1 0.6937806372549019 0.9272875816993464 0.013174019607843137 0.017973856209150325
1 0.6046262254901961 0.9295343137254902 0.015625 0.023284313725490197
1 0.46308210784313725 0.9323937908496732 0.013786764705882353 0.01919934640522876
1 0.5042892156862745 0.9509803921568627 0.020833333333333332 0.03022875816993464
1 0.4866727941176471 0.9618055555555556 0.021752450980392156 0.03145424836601307
1 0.7317708333333334 0.9673202614379085 0.019301470588235295 0.025326797385620915
1 0.7167585784313726 0.9775326797385621 0.015012254901960785 0.018790849673202614
1 0.25597426470588236 0.9861111111111112 0.019301470588235295 0.0196078431372549
1 0.18489583333333334 0.9863153594771242 0.018688725490196078 0.02246732026143791
1 0.7028186274509803 0.9877450980392157 0.015931372549019607 0.022058823529411766
1 0.7159926470588235 0.988562091503268 0.020833333333333332 0.02287581699346405
1 0.6372549019607843 0.9899918300653595 0.016544117647058824 0.01838235294117647
1 0.6210171568627451 0.9901960784313726 0.015931372549019607 0.0196078431372549
1 0.0545343137254902 0.9908088235294118 0.014705882352941176 0.013480392156862746
1 0.7421875 0.9920343137254902 0.014399509803921568 0.015931372549019607
1 0.0626531862745098 0.9965277777777778 0.01685049019607843 0.006944444444444444
