1 0.0055147058823529415 0.6397058823529411 0.011029411764705883 0.011642156862745098
1 0.954248366013072 0.6429227941176471 0.012254901960784314 0.007659313725490196
1 0.16891339869281047 0.6256127450980392 0.01511437908496732 0.011029411764705883
1 0.9070669934640523 0.6349571078431373 0.01511437908496732 0.009497549019607842
1 0.31556372549019607 0.8296568627450981 0.024101307189542485 0.016544117647058824
1 0.49979575163398693 0.7477022058823529 0.02165032679738562 0.014399509803921568
1 0.35580065359477125 0.7132352941176471 0.021241830065359478 0.014705882352941176
1 0.5745506535947712 0.8216911764705882 0.02165032679738562 0.01838235294117647
1 0.5729166666666666 0.8704044117647058 0.024918300653594773 0.017769607843137254
1 0.022085375816993463 0.6769469975490195 0.01720996732026144 0.00953125
1 0.03387867647058824 0.6870235906862746 0.019554738562091504 0.01191482843137255
