1 0.7589869281045751 0.7378982843137255 0.013888888888888888 0.008884803921568627
1 0.6772875816993464 0.6568627450980392 0.013888888888888888 0.00857843137254902
1 0.4387254901960784 0.7037377450980392 0.015522875816993464 0.010416666666666666
1 0.6552287581699346 0.6596200980392157 0.012254901960784314 0.007965686274509803
1 0.883578431372549 0.6104473039215687 0.014705882352941176 0.01133578431372549
1 0.47058823529411764 0.7386642156862745 0.015522875816993464 0.011642156862745098
1 0.49959150326797386 0.7680759803921569 0.01715686274509804 0.011029411764705883
1 0.006127450980392157 0.7650122549019608 0.012254901960784314 0.012867647058823529
1 0.6848447712418301 0.7132352941176471 0.015931372549019607 0.009191176470588236
1 0.9691584967320261 0.7536764705882353 0.016748366013071895 0.011029411764705883
1 0.7060866013071896 0.7325367647058824 0.014297385620915032 0.009191176470588236
1 0.772671568627451 0.71875 0.01184640522875817 0.00857843137254902
1 0.6633986928104575 0.8607536764705882 0.0196078431372549 0.013786764705882353
1 0.8887071078431372 0.6822242647058824 0.01352532679738562 0.007830882352941175
1 0.5906862745098039 0.8799019607843137 0.018790849673202614 0.015318627450980392
1 0.7453022875816994 0.7090992647058824 0.014297385620915032 0.009497549019607842
1 0.7504084967320261 0.7265625 0.013071895424836602 0.008272058823529412
1 0.5447303921568627 0.7331495098039216 0.013480392156862746 0.00857843137254902
1 0.4599673202614379 0.7950367647058824 0.013888888888888888 0.010416666666666666
1 0.4076797385620915 0.7605698529411765 0.022058823529411766 0.012561274509803922
1 0.9624183006535948 0.7712928921568627 0.01715686274509804 0.012561274509803922
1 0.5737336601307189 0.7981004901960784 0.016748366013071895 0.012254901960784314
1 0.5010212418300654 0.7244178921568627 0.013480392156862746 0.008884803921568627
1 0.5104166666666666 0.7549019607843137 0.017565359477124183 0.013480392156862746
1 0.5326797385620915 0.7480085784313726 0.012254901960784314 0.009497549019607842
1 0.14011437908496732 0.7931985294117647 0.01715686274509804 0.013480392156862746
1 0.6527777777777778 0.7014399509803921 0.013888888888888888 0.009497549019607842
1 0.5731209150326797 0.7513786764705882 0.014705882352941176 0.009497549019607842
1 0.608047385620915 0.7299325980392157 0.015931372549019607 0.01011029411764706
1 0.6282679738562091 0.7933517156862745 0.016339869281045753 0.012561274509803922
1 0.5565767973856209 0.8187806372549019 0.017565359477124183 0.012561274509803922
1 0.24918300653594772 0.7660845588235294 0.021241830065359478 0.014399509803921568
1 0.5355392156862745 0.7147671568627451 0.015522875816993464 0.011029411764705883
1 0.9393382352941176 0.8952205882352942 0.024918300653594773 0.016544117647058824
1 0.43014705882352944 0.7729779411764706 0.0196078431372549 0.012867647058823529
1 0.6511437908496732 0.7262561274509803 0.015522875816993464 0.01133578431372549
1 0.5339052287581699 0.757046568627451 0.015522875816993464 0.011029411764705883
1 0.3560049019607843 0.8618259803921569 0.01838235294117647 0.014705882352941176
1 0.10866013071895425 0.7440257352941176 0.018790849673202614 0.012561274509803922
1 0.3112745098039216 0.8595281862745098 0.0196078431372549 0.013786764705882353
1 0.7455065359477124 0.819546568627451 0.02369281045751634 0.016544117647058824
1 0.676062091503268 0.8867953431372549 0.02369281045751634 0.016237745098039217
1 0.5529003267973857 0.7486213235294118 0.01511437908496732 0.01011029411764706
1 0.6045751633986928 0.8169424019607843 0.02042483660130719 0.015625
1 0.47467320261437906 0.7800245098039216 0.018790849673202614 0.014093137254901961
1 0.08823529411764706 0.8051470588235294 0.02287581699346405 0.015931372549019607
1 0.579452614379085 0.8694852941176471 0.02165032679738562 0.015931372549019607
1 0.42463235294117646 0.8673406862745098 0.02165032679738562 0.015931372549019607
1 0.2689950980392157 0.8455882352941176 0.024101307189542485 0.01838235294117647
1 0.5832618464052288 0.7847564338235294 0.019464869281045752 0.01191482843137255
