1 0.8196486928104575 0.8573835784313726 0.016748366013071895 0.010723039215686275
1 0.43586601307189543 0.7933517156862745 0.013071895424836602 0.009497549019607842
1 0.5917075163398693 0.7832414215686274 0.020016339869281044 0.011948529411764705
1 0.599468954248366 0.7562806372549019 0.016748366013071895 0.013174019607843137
1 0.31066176470588236 0.8080575980392157 0.01919934640522876 0.01133578431372549
1 0.4340277777777778 0.6510416666666666 0.017565359477124183 0.011029411764705883
1 0.1983251633986928 0.8400735294117647 0.024918300653594773 0.014093137254901961
1 0.6515522875816994 0.8887867647058824 0.021241830065359478 0.012867647058823529
1 0.04513888888888889 0.6404718137254902 0.015931372549019607 0.01133578431372549
1 0.30800653594771243 0.8115808823529411 0.0196078431372549 0.012867647058823529
1 0.33108660130718953 0.8408394607843137 0.01838235294117647 0.012561274509803922
1 0.4113562091503268 0.8328737745098039 0.017973856209150325 0.013786764705882353
1 0.5414624183006536 0.6640625 0.015931372549019607 0.010723039215686275
1 0.6031454248366013 0.8454350490196079 0.017565359477124183 0.01133578431372549
1 0.309640522875817 0.8694852941176471 0.021241830065359478 0.014705882352941176
1 0.29697712418300654 0.8275122549019608 0.018790849673202614 0.012254901960784314
1 0.184640522875817 0.7409620098039216 0.015522875816993464 0.010723039215686275
1 0.00857843137254902 0.9405637254901961 0.01715686274509804 0.017769607843137254
1 0.1068218954248366 0.7787990196078431 0.020016339869281044 0.011642156862745098
1 0.7577614379084967 0.8174019607843137 0.017973856209150325 0.012867647058823529
1 0.3576388888888889 0.8832720588235294 0.02246732026143791 0.014093137254901961
1 0.6386846405228758 0.789828431372549 0.01919934640522876 0.012254901960784314
1 0.12071078431372549 0.7584252450980392 0.016748366013071895 0.01011029411764706
1 0.5620915032679739 0.7697610294117647 0.015522875816993464 0.012561274509803922
1 0.04044117647058824 0.9489889705882353 0.03104575163398693 0.021139705882352942
1 0.6721813725490197 0.6801470588235294 0.017565359477124183 0.010416666666666666
1 0.6062091503267973 0.7927389705882353 0.0196078431372549 0.013174019607843137
1 0.1488970588235294 0.7385110294117647 0.014297385620915032 0.009497549019607842
1 0.06229575163398693 0.805453431372549 0.01838235294117647 0.013480392156862746
1 0.3960375816993464 0.8071384803921569 0.01511437908496732 0.010723039215686275
1 0.579452614379085 0.7927389705882353 0.017565359477124183 0.012561274509803922
1 0.3619281045751634 0.8406862745098039 0.022058823529411766 0.014705882352941176
1 0.22303921568627452 0.7953431372549019 0.017973856209150325 0.012867647058823529
1 0.2653186274509804 0.8285845588235294 0.020833333333333332 0.013174019607843137
1 0.6227532679738562 0.8598345588235294 0.016748366013071895 0.012561274509803922
1 0.38235294117647056 0.8763786764705882 0.017973856209150325 0.013174019607843137
1 0.35130718954248363 0.7477022058823529 0.015522875816993464 0.01133578431372549
1 0.6764705882352942 0.8374693627450981 0.017973856209150325 0.013786764705882353
1 0.5882352941176471 0.8534007352941176 0.018790849673202614 0.015012254901960785
1 0.6145833333333334 0.8800551470588235 0.02165032679738562 0.014399509803921568
1 0.29125816993464054 0.9186580882352942 0.02287581699346405 0.013786764705882353
1 0.633578431372549 0.8711703431372549 0.021241830065359478 0.013174019607843137
1 0.29187091503267976 0.7432598039215687 0.017565359477124183 0.012254901960784314
1 0.6194852941176471 0.9232536764705882 0.01919934640522876 0.012561274509803922
1 0.052083333333333336 0.8232230392156863 0.024101307189542485 0.015931372549019607
1 0.3400735294117647 0.8069852941176471 0.01838235294117647 0.011029411764705883
1 0.008986928104575163 0.9074754901960784 0.01715686274509804 0.017769607843137254
1 0.17790032679738563 0.9071691176470589 0.01919934640522876 0.01715686274509804
1 0.7771650326797386 0.8060661764705882 0.020833333333333332 0.013480392156862746
1 0.3292483660130719 0.8939950980392157 0.02696078431372549 0.01715686274509804
1 0.07720588235294118 0.7665441176470589 0.021241830065359478 0.014705882352941176
1 0.36907679738562094 0.7470894607843137 0.015931372549019607 0.01133578431372549
1 0.10232843137254902 0.7526041666666666 0.015931372549019607 0.010723039215686275
1 0.6719771241830066 0.8103553921568627 0.01715686274509804 0.012867647058823529
1 0.05065359477124183 0.8380821078431373 0.02287581699346405 0.013786764705882353
1 0.13725490196078433 0.7489276960784313 0.015522875816993464 0.010723039215686275
1 0.5430964052287581 0.7242647058823529 0.015931372549019607 0.011029411764705883
1 0.7732843137254902 0.7922794117647058 0.018790849673202614 0.012867647058823529
1 0.4117647058823529 0.8120404411764706 0.018790849673202614 0.014399509803921568
1 0.5439133986928104 0.7696078431372549 0.016748366013071895 0.013480392156862746
1 0.3190359477124183 0.7454044117647058 0.013888888888888888 0.00980392156862745
1 0.7003676470588235 0.8141850490196079 0.01919934640522876 0.014399509803921568
1 0.2412173202614379 0.9263174019607843 0.02165032679738562 0.015625
1 0.011233660130718954 0.7984068627450981 0.01919934640522876 0.014705882352941176
1 0.44689542483660133 0.8121936274509803 0.02042483660130719 0.013480392156862746
1 0.7902369281045751 0.7933517156862745 0.017565359477124183 0.013174019607843137
1 0.24448529411764705 0.7876838235294118 0.020833333333333332 0.012867647058823529
1 0.1962826797385621 0.9079350490196079 0.023284313725490197 0.017463235294117647
1 0.26000816993464054 0.7954963235294118 0.01919934640522876 0.013786764705882353
1 0.3069852941176471 0.7380514705882353 0.016748366013071895 0.011029411764705883
1 0.5543300653594772 0.8386948529411765 0.018790849673202614 0.013174019607843137
1 0.318218954248366 0.7948835784313726 0.02042483660130719 0.014399509803921568
1 0.015318627450980392 0.7360600490196079 0.020833333333333332 0.015012254901960785
1 0.5351307189542484 0.7409620098039216 0.017973856209150325 0.013174019607843137
1 0.9775326797385621 0.7391237745098039 0.01715686274509804 0.010723039215686275
1 0.25919117647058826 0.9390318627450981 0.020833333333333332 0.015318627450980392
1 0.5641339869281046 0.8769914215686274 0.021241830065359478 0.015625
1 0.17034313725490197 0.8175551470588235 0.02287581699346405 0.017463235294117647
1 0.6715686274509803 0.9410232843137255 0.02287581699346405 0.018075980392156864
1 0.3660130718954248 0.8704044117647058 0.021241830065359478 0.016544117647058824
1 0.605187908496732 0.8606004901960784 0.023284313725490197 0.016544117647058824
1 0.698937908496732 0.9321384803921569 0.02696078431372549 0.019301470588235295
1 0.1556372549019608 0.7040441176470589 0.02287581699346405 0.015318627450980392
1 0.4426062091503268 0.9496017156862745 0.024918300653594773 0.017463235294117647
1 0.5104166666666666 0.9306066176470589 0.026552287581699346 0.01991421568627451
1 0.985498366013072 0.9420955882352942 0.026552287581699346 0.02022058823529412
1 0.5555555555555556 0.9528186274509803 0.026143790849673203 0.02144607843137255
