1 0.34844771241830064 0.7017463235294118 0.013888888888888888 0.009497549019607842
1 0.6568627450980392 0.7789522058823529 0.022058823529411766 0.01685049019607843
1 0.27389705882352944 0.7147671568627451 0.017565359477124183 0.00980392156862745
1 0.44056372549019607 0.7503063725490197 0.012663398692810458 0.010416666666666666
1 0.29411764705882354 0.7712928921568627 0.015522875816993464 0.009497549019607842
1 0.7736928104575164 0.8743872549019608 0.022058823529411766 0.012867647058823529
1 0.33374183006535946 0.8961397058823529 0.0196078431372549 0.013480392156862746
1 0.3349673202614379 0.9034926470588235 0.016339869281045753 0.010416666666666666
1 0.6444035947712419 0.8412990196078431 0.015931372549019607 0.011029411764705883
1 0.45608660130718953 0.7447916666666666 0.016748366013071895 0.011029411764705883
1 0.6425653594771242 0.7991727941176471 0.01715686274509804 0.011948529411764705
1 0.3858251633986928 0.7619485294117647 0.01511437908496732 0.011029411764705883
1 0.6693218954248366 0.6908700980392157 0.024101307189542485 0.015931372549019607
1 0.46486928104575165 0.7555147058823529 0.017973856209150325 0.011642156862745098
1 0.5898692810457516 0.8685661764705882 0.017973856209150325 0.012254901960784314
1 0.24754901960784315 0.7284007352941176 0.018790849673202614 0.01133578431372549
1 0.4550653594771242 0.7737438725490197 0.014705882352941176 0.010723039215686275
1 0.00428921568627451 0.7418811274509803 0.00857843137254902 0.01991421568627451
1 0.6390931372549019 0.8291973039215687 0.02165032679738562 0.013786764705882353
1 0.3102532679738562 0.6741727941176471 0.01511437908496732 0.01011029411764706
1 0.37316176470588236 0.7591911764705882 0.013480392156862746 0.011642156862745098
1 0.4158496732026144 0.8075980392156863 0.02287581699346405 0.01838235294117647
1 0.17136437908496732 0.8878676470588235 0.017565359477124183 0.012254901960784314
1 0.5269607843137255 0.7643995098039216 0.01715686274509804 0.013480392156862746
1 0.4252450980392157 0.7944240196078431 0.022058823529411766 0.015931372549019607
1 0.4699754901960784 0.742953431372549 0.016748366013071895 0.011029411764705883
1 0.12520424836601307 0.7322303921568627 0.017565359477124183 0.012867647058823529
1 0.7209967320261438 0.7490808823529411 0.02287581699346405 0.01838235294117647
1 0.3506944444444444 0.8877144607843137 0.01919934640522876 0.013786764705882353
1 0.7277369281045751 0.9015012254901961 0.03553921568627451 0.01991421568627451
1 0.36499183006535946 0.7383578431372549 0.015931372549019607 0.011029411764705883
1 0.41564542483660133 0.8068321078431373 0.023284313725490197 0.018075980392156864
1 0.3909313725490196 0.8370098039215687 0.02042483660130719 0.014093137254901961
1 0.20976307189542484 0.7375919117647058 0.017565359477124183 0.011948529411764705
1 0.35947712418300654 0.8949142156862745 0.02042483660130719 0.014705882352941176
1 0.36560457516339867 0.9048713235294118 0.02287581699346405 0.015625
1 0.07863562091503268 0.9454656862745098 0.023284313725490197 0.017769607843137254
1 0.6952614379084967 0.8860294117647058 0.03104575163398693 0.020833333333333332
1 0.3429330065359477 0.7152267156862745 0.01511437908496732 0.01011029411764706
1 0.6848447712418301 0.7601102941176471 0.020833333333333332 0.015318627450980392
1 0.23529411764705882 0.7817095588235294 0.016339869281045753 0.011948529411764705
1 0.7285539215686274 0.7912071078431373 0.020833333333333332 0.015625
1 0.46017156862745096 0.875 0.01919934640522876 0.014705882352941176
1 0.35314542483660133 0.8423713235294118 0.024101307189542485 0.018075980392156864
1 0.42687908496732024 0.842984068627451 0.0196078431372549 0.015625
1 0.556781045751634 0.8356311274509803 0.018790849673202614 0.013786764705882353
1 0.44750816993464054 0.7991727941176471 0.01838235294117647 0.014399509803921568
1 0.9673202614379085 0.8102022058823529 0.041666666666666664 0.024816176470588234
1 0.5175653594771242 0.7909007352941176 0.018790849673202614 0.014399509803921568
1 0.40175653594771243 0.7938112745098039 0.025735294117647058 0.018995098039215685
1 0.6791258169934641 0.7936580882352942 0.02165032679738562 0.017463235294117647
1 0.9638480392156863 0.7899816176470589 0.04616013071895425 0.030943627450980393
1 0.3137254901960784 0.7486213235294118 0.01715686274509804 0.012561274509803922
1 0.6938316993464052 0.7829350490196079 0.023284313725490197 0.018688725490196078
1 0.3684640522875817 0.7938112745098039 0.018790849673202614 0.014705882352941176
1 0.49080882352941174 0.8783700980392157 0.020833333333333332 0.015318627450980392
1 0.3641748366013072 0.8186274509803921 0.024101307189542485 0.018995098039215685
1 0.5514705882352942 0.8825061274509803 0.025326797385620915 0.017463235294117647
1 0.1650326797385621 0.8553921568627451 0.021241830065359478 0.01715686274509804
1 0.7777777777777778 0.8587622549019608 0.04330065359477124 0.03002450980392157
1 0.8004493464052288 0.8370098039215687 0.042075163398692814 0.030637254901960783
1 0.1323529411764706 0.8063725490196079 0.029411764705882353 0.02144607843137255
1 0.9436274509803921 0.8678002450980392 0.05228758169934641 0.0352328431372549
1 0.8602941176470589 0.8204656862745098 0.04493464052287582 0.03002450980392157
1 0.43828227124183006 0.9083946078431373 0.022806372549019606 0.015318627450980392
1 0.3106433823529412 0.7213541666666666 0.014260620915032678 0.007659313725490196
