1 0.29064542483660133 0.7268688725490197 0.015931372549019607 0.009497549019607842
1 0.9754901960784313 0.9342830882352942 0.03022875816993464 0.022365196078431373
1 0.5751633986928104 0.7201286764705882 0.021241830065359478 0.013174019607843137
1 0.6854575163398693 0.7691482843137255 0.016339869281045753 0.010723039215686275
1 0.9887663398692811 0.7434129901960784 0.01511437908496732 0.010723039215686275
1 0.76140522875817 0.7221706495098039 0.01218954248366013 0.00867953431372549
1 0.9035947712418301 0.8805147058823529 0.02369281045751634 0.01715686274509804
1 0.6766748366013072 0.9283088235294118 0.025735294117647058 0.01715686274509804
1 0.7653533496732027 0.7251332720588235 0.014366830065359477 0.00970281862745098
1 0.21711601307189543 0.7480085784313726 0.01919934640522876 0.011948529411764705
1 0.7144607843137255 0.8167892156862745 0.02042483660130719 0.014705882352941176
1 0.5008169934640523 0.8147977941176471 0.02042483660130719 0.015012254901960785
1 0.7491830065359477 0.8365502450980392 0.02369281045751634 0.016237745098039217
1 0.37050653594771243 0.8880208333333334 0.02696078431372549 0.021139705882352942
1 0.7034763071895425 0.7294469975490196 0.015612745098039215 0.00791360294117647
1 0.7859150326797386 0.7250811887254902 0.01218954248366013 0.00714767156862745
