1 0.9555351307189542 0.6412745098039215 0.014828431372549019 0.008651960784313725
1 0.9913092320261437 0.640030637254902 0.011213235294117647 0.0073897058823529415
1 0.9928165849673203 0.6836611519607843 0.014227941176470587 0.010091911764705882
1 0.9306678921568627 0.6648468137254901 0.014113562091503266 0.0073897058823529415
1 0.8941707516339868 0.6774800857843137 0.012197712418300654 0.006308210784313726
1 0.830829248366013 0.649437806372549 0.011331699346405228 0.007208946078431373
1 0.8293729575163399 0.6322625612745097 0.014138071895424837 0.009010416666666667
1 0.8094301470588234 0.6587009803921569 0.015102124183006535 0.009191176470588236
1 0.8055637254901961 0.6509160539215687 0.009820261437908496 0.006488970588235294
1 0.6992238562091504 0.6207643995098039 0.012009803921568626 0.006847426470588236
1 0.7128308823529411 0.6222610294117646 0.008178104575163398 0.004325980392156863
1 0.6942258986928104 0.6489338235294118 0.009366830065359478 0.0055882352941176465
1 0.690625 0.6522303921568627 0.014419934640522875 0.006666666666666667
1 0.7405004084967319 0.7399080882352941 0.013680555555555557 0.010453431372549019
1 0.7820649509803921 0.7480530024509804 0.01102532679738562 0.007748161764705882
1 0.6557557189542483 0.6887791053921569 0.014125816993464052 0.009911151960784315
1 0.5721670751633987 0.6709926470588234 0.020151143790849674 0.011715686274509805
1 0.5565257352941176 0.6460677083333333 0.01582924836601307 0.010272671568627451
1 0.5803615196078431 0.6464093137254903 0.00957924836601307 0.006666666666666667
1 0.5197671568627451 0.598219975490196 0.01175653594771242 0.006488970588235294
1 0.5157536764705882 0.6321721813725489 0.012716503267973855 0.008829656862745098
1 0.5020833333333333 0.6364077818627452 0.011519607843137254 0.00810968137254902
1 0.45874183006535946 0.6469332107843138 0.012254901960784314 0.009552696078431372
1 0.6830249183006536 0.8186994485294118 0.015559640522875819 0.011173406862745098
1 0.8194015522875817 0.8158700980392157 0.02360702614379085 0.015318627450980392
1 0.9890727124183006 0.7676439950980393 0.0181781045751634 0.012616421568627452
1 0.251781045751634 0.7461197916666666 0.02235294117647059 0.014298406862745099
1 0.17472017973856208 0.7345281862745098 0.025093954248366013 0.01685049019607843
1 0.19054125816993464 0.6879595588235294 0.015886437908496732 0.01133578431372549
1 0.40272875816993464 0.6868872549019608 0.016241830065359477 0.012254901960784314
1 0.0784375 0.6737132352941176 0.010633169934640523 0.007965686274509803
1 0.09251429738562092 0.6436887254901961 0.016727941176470588 0.010416666666666666
1 0.338031045751634 0.6073621323529412 0.011029411764705883 0.007003676470588235
1 0.36335375816993465 0.6205361519607844 0.01102124183006536 0.007003676470588235
1 0.2377328431372549 0.6320251225490195 0.011413398692810458 0.008535539215686274
1 0.16695057189542484 0.6192447916666667 0.012822712418300655 0.008097426470588235
1 0.1652001633986928 0.6297931985294117 0.009321895424836602 0.005909926470588235
1 0.1451266339869281 0.6212362132352941 0.011658496732026144 0.006565563725490196
