1 0.3723447712418301 0.5873161764705882 0.01919934640522876 0.016544117647058824
1 0.6546160130718954 0.608609068627451 0.01184640522875817 0.01133578431372549
1 0.27369281045751637 0.6106004901960784 0.031862745098039214 0.02144607843137255
1 0.7316176470588235 0.6112132352941176 0.015522875816993464 0.012254901960784314
1 0.5149101307189542 0.6256127450980392 0.014297385620915032 0.011642156862745098
1 0.5018382352941176 0.6259191176470589 0.013480392156862746 0.011029411764705883
1 0.7902369281045751 0.6507352941176471 0.017565359477124183 0.014705882352941176
1 0.582312091503268 0.6689644607843137 0.01919934640522876 0.015625
1 0.008374183006535947 0.6723345588235294 0.016748366013071895 0.015012254901960785
1 0.4332107843137255 0.6881127450980392 0.020016339869281044 0.015931372549019607
