1 0.7377450980392157 0.6636029411764706 0.0196078431372549 0.011029411764705883
1 0.4554738562091503 0.7515318627450981 0.014705882352941176 0.00980392156862745
1 0.22691993464052287 0.7071078431372549 0.01511437908496732 0.010416666666666666
1 0.10151143790849673 0.6446078431372549 0.014297385620915032 0.009191176470588236
1 0.6781045751633987 0.5660232843137255 0.013071895424836602 0.007659313725490196
1 0.5595486111111111 0.537155330882353 0.01207107843137255 0.008134191176470589
1 0.5569852941176471 0.609375 0.012663398692810458 0.009191176470588236
1 0.6190767973856209 0.586703431372549 0.011029411764705883 0.007352941176470588
1 0.3037173202614379 0.5994515931372548 0.012663398692810458 0.008339460784313725
1 0.5618872549019608 0.5883884803921569 0.012663398692810458 0.007659313725490196
1 0.7120098039215687 0.5831801470588235 0.014705882352941176 0.009497549019607842
1 0.33521650326797386 0.6291191789215687 0.013570261437908496 0.008238357843137254
1 0.8200571895424836 0.7538296568627451 0.020016339869281044 0.013174019607843137
1 0.8274101307189542 0.6064644607843137 0.014297385620915032 0.008884803921568627
1 0.29840686274509803 0.672640931372549 0.013480392156862746 0.009497549019607842
1 0.5383986928104575 0.5746017156862745 0.013888888888888888 0.008272058823529412
1 0.8811274509803921 0.6323529411764706 0.014705882352941176 0.010416666666666666
1 0.889297385620915 0.7461703431372549 0.0196078431372549 0.013174019607843137
1 0.7128267973856209 0.5989583333333334 0.014705882352941176 0.009191176470588236
1 0.3243464052287582 0.6447610294117647 0.014705882352941176 0.010723039215686275
1 0.06495098039215687 0.6155024509803921 0.011437908496732025 0.007965686274509803
1 0.8406862745098039 0.9785539215686274 0.028594771241830064 0.02267156862745098
1 0.17565359477124182 0.6217830882352942 0.016339869281045753 0.01011029411764706
1 0.22136029411764704 0.6057153799019608 0.011348039215686275 0.007386642156862745
1 0.013684640522875817 0.821078431372549 0.02246732026143791 0.015318627450980392
1 0.6828022875816994 0.5808823529411765 0.013480392156862746 0.00857843137254902
1 0.7708333333333334 0.5902267156862745 0.014705882352941176 0.01011029411764706
1 0.041870915032679736 0.6210171568627451 0.012663398692810458 0.007965686274509803
1 0.47794117647058826 0.7417279411764706 0.015522875816993464 0.011642156862745098
1 0.47406045751633985 0.6452205882352942 0.01511437908496732 0.011642156862745098
1 0.37479575163398693 0.6262254901960784 0.014297385620915032 0.009191176470588236
1 0.7097630718954249 0.5890012254901961 0.015931372549019607 0.01011029411764706
1 0.7175245098039216 0.6291360294117647 0.01511437908496732 0.01011029411764706
1 0.891748366013072 0.632046568627451 0.01715686274509804 0.013480392156862746
1 0.1147875816993464 0.6622242647058824 0.017973856209150325 0.01133578431372549
1 0.7624591503267973 0.5963541666666666 0.015931372549019607 0.01011029411764706
1 0.8235294117647058 0.6913296568627451 0.018790849673202614 0.013174019607843137
1 0.30249183006535946 0.6847426470588235 0.014297385620915032 0.010416666666666666
1 0.6200980392156863 0.7215073529411765 0.0196078431372549 0.014093137254901961
1 0.17034313725490197 0.7317708333333334 0.01715686274509804 0.012561274509803922
1 0.9199346405228758 0.7363664215686274 0.021241830065359478 0.014399509803921568
1 0.4381127450980392 0.7233455882352942 0.016748366013071895 0.012867647058823529
1 0.1156045751633987 0.7441789215686274 0.02287581699346405 0.015931372549019607
1 0.05228758169934641 0.8259803921568627 0.032679738562091505 0.02389705882352941
1 0.872140522875817 0.8203125 0.026143790849673203 0.01685049019607843
1 0.22185253267973856 0.6107536764705882 0.010698529411764706 0.007659313725490196
1 0.1698345588235294 0.608812806372549 0.01042075163398693 0.005615808823529411
1 0.16826797385620915 0.6060049019607843 0.009738562091503268 0.006127450980392157
1 0.19965073529411764 0.6148897058823529 0.010412581699346404 0.006127450980392157
