1 0.6425653594771242 0.8405330882352942 0.014705882352941176 0.010723039215686275
1 0.46343954248366015 0.9030330882352942 0.017565359477124183 0.01133578431372549
1 0.26266339869281047 0.8910845588235294 0.0196078431372549 0.013174019607843137
1 0.3686683006535948 0.9160539215686274 0.01838235294117647 0.011642156862745098
1 0.8899101307189542 0.8688725490196079 0.01511437908496732 0.010416666666666666
1 0.24816176470588236 0.9747242647058824 0.025735294117647058 0.018688725490196078
1 0.127859477124183 0.7794117647058824 0.018790849673202614 0.011642156862745098
1 0.02062908496732026 0.7647058823529411 0.015931372549019607 0.009191176470588236
1 0.5896650326797386 0.6894914215686274 0.020016339869281044 0.013174019607843137
1 0.45159313725490197 0.8282781862745098 0.015931372549019607 0.013174019607843137
1 0.47406045751633985 0.9512867647058824 0.020016339869281044 0.014093137254901961
1 0.505718954248366 0.7625612745098039 0.017973856209150325 0.012254901960784314
1 0.034722222222222224 0.7371323529411765 0.018790849673202614 0.010416666666666666
1 0.119281045751634 0.6936274509803921 0.013888888888888888 0.009191176470588236
1 0.03431372549019608 0.7244178921568627 0.013888888888888888 0.008272058823529412
1 0.5837418300653595 0.850796568627451 0.0196078431372549 0.014705882352941176
1 0.11866830065359477 0.7872242647058824 0.01919934640522876 0.011948529411764705
1 0.5582107843137255 0.7403492647058824 0.02165032679738562 0.013174019607843137
1 0.0639297385620915 0.7234987745098039 0.016748366013071895 0.009497549019607842
1 0.6288807189542484 0.7466299019607843 0.016748366013071895 0.011029411764705883
1 0.05616830065359477 0.7161458333333334 0.014297385620915032 0.009497549019607842
1 0.38419117647058826 0.8867953431372549 0.026552287581699346 0.01991421568627451
1 0.035130718954248366 0.6835171568627451 0.015522875816993464 0.00980392156862745
1 0.016748366013071895 0.7375919117647058 0.015522875816993464 0.01011029411764706
1 0.11172385620915033 0.7970281862745098 0.015931372549019607 0.01011029411764706
1 0.05800653594771242 0.7640931372549019 0.015522875816993464 0.009191176470588236
1 0.14052287581699346 0.8003982843137255 0.0196078431372549 0.011948529411764705
1 0.08006535947712418 0.7340686274509803 0.015522875816993464 0.00980392156862745
1 0.20077614379084968 0.8719362745098039 0.023284313725490197 0.015318627450980392
1 0.8206699346405228 0.7948835784313726 0.022058823529411766 0.015625
1 0.10498366013071896 0.7501531862745098 0.017973856209150325 0.012561274509803922
1 0.7730800653594772 0.8678002450980392 0.025735294117647058 0.020526960784313725
