1 0.10008169934640523 0.32613357843137253 0.0196078431372549 0.021752450980392156
1 0.22058823529411764 0.3325674019607843 0.013071895424836602 0.012561274509803922
1 0.26409313725490197 0.3492647058823529 0.014297385620915032 0.006127450980392157
1 0.20159313725490197 0.34941789215686275 0.015931372549019607 0.013786764705882353
1 0.20159313725490197 0.3552389705882353 0.013480392156862746 0.011948529411764705
1 0.17585784313725492 0.35952818627450983 0.016748366013071895 0.014399509803921568
1 0.35661764705882354 0.36213235294117646 0.008986928104575163 0.006740196078431373
1 0.6924019607843137 0.36764705882352944 0.028594771241830064 0.02267156862745098
1 0.19526143790849673 0.3704044117647059 0.017973856209150325 0.013480392156862746
1 0.2440767973856209 0.3828125 0.015931372549019607 0.009497549019607842
1 0.6182598039215687 0.38786764705882354 0.03390522875816993 0.02267156862745098
1 0.2555147058823529 0.4050245098039216 0.027369281045751634 0.02144607843137255
1 0.928921568627451 0.4106924019607843 0.017973856209150325 0.013786764705882353
1 0.04718137254901961 0.4146752450980392 0.02246732026143791 0.018688725490196078
1 0.38991013071895425 0.43244485294117646 0.01838235294117647 0.01685049019607843
1 0.1437908496732026 0.43704044117647056 0.02369281045751634 0.019301470588235295
1 0.39624183006535946 0.4525122549019608 0.03104575163398693 0.020833333333333332
1 0.12969771241830066 0.4618566176470588 0.025735294117647058 0.018075980392156864
1 0.9295343137254902 0.4777879901960784 0.020016339869281044 0.015625
1 0.010416666666666666 0.4849877450980392 0.01919934640522876 0.01715686274509804
1 0.014297385620915032 0.5592830882352942 0.028594771241830064 0.026041666666666668
1 0.20118464052287582 0.6153492647058824 0.026552287581699346 0.019301470588235295
1 0.23304738562091504 0.6196384803921569 0.03145424836601307 0.015012254901960785
1 0.2252859477124183 0.6862745098039216 0.04044117647058824 0.03002450980392157
