1 0.6037581699346405 0.694546568627451 0.02287581699346405 0.01838235294117647
1 0.9932598039215687 0.7319240196078431 0.013480392156862746 0.012867647058823529
1 0.6384803921568627 0.7830882352941176 0.025326797385620915 0.02022058823529412
1 0.21098856209150327 0.8308823529411765 0.0298202614379085 0.026348039215686275
1 0.16781658496732027 0.5339629289215686 0.010469771241830066 0.007876838235294118
1 0.7332087418300653 0.6979610906862745 0.01625408496732026 0.010505514705882353
1 0.9324714052287582 0.5248161764705882 0.006282679738562092 0.006127450980392157
1 0.8540502450980393 0.521796875 0.006303104575163398 0.0043780637254901954
1 0.9444546568627451 0.5130422794117647 0.010641339869281046 0.005251225490196079
1 0.9536764705882352 0.5375965073529412 0.009477124183006535 0.006565563725490196
1 0.9123406862745097 0.5102849264705882 0.006870915032679738 0.005251225490196079
1 0.8506086601307189 0.49881893382352943 0.009223856209150326 0.0043780637254901954
1 0.9378410947712419 0.5149249387254902 0.008035130718954248 0.006565563725490196
