1 0.7479575163398693 0.46706495098039214 0.01715686274509804 0.013786764705882353
1 0.7865604575163399 0.47181372549019607 0.02165032679738562 0.018995098039215685
1 0.6768790849673203 0.49371936274509803 0.016339869281045753 0.014399509803921568
1 0.641952614379085 0.5033700980392157 0.024918300653594773 0.012254901960784314
1 0.11887254901960784 0.5113357843137255 0.017973856209150325 0.00857843137254902
1 0.5716911764705882 0.5124080882352942 0.015931372549019607 0.013786764705882353
1 0.04493464052287582 0.5131740196078431 0.016339869281045753 0.00980392156862745
1 0.693218954248366 0.5217524509803921 0.032679738562091505 0.01715686274509804
1 0.19852941176470587 0.5219056372549019 0.017973856209150325 0.010723039215686275
1 0.08149509803921569 0.5272671568627451 0.01838235294117647 0.00857843137254902
1 0.12867647058823528 0.5294117647058824 0.02042483660130719 0.007965686274509803
1 0.7530637254901961 0.5297181372549019 0.023284313725490197 0.013480392156862746
1 0.26205065359477125 0.5310968137254902 0.01919934640522876 0.01133578431372549
1 0.1736111111111111 0.5318627450980392 0.02042483660130719 0.007965686274509803
1 0.058619281045751634 0.5393688725490197 0.015931372549019607 0.008272058823529412
1 0.01082516339869281 0.546875 0.016748366013071895 0.014093137254901961
1 0.6605392156862745 0.547640931372549 0.02369281045751634 0.01991421568627451
1 0.75 0.5497855392156863 0.02696078431372549 0.020526960784313725
1 0.06985294117647059 0.5562193627450981 0.0196078431372549 0.010723039215686275
1 0.8116830065359477 0.5698529411764706 0.035130718954248366 0.028799019607843136
1 0.2340686274509804 0.5756740196078431 0.02696078431372549 0.02267156862745098
1 0.7342728758169934 0.5770526960784313 0.02165032679738562 0.015012254901960785
1 0.7569444444444444 0.5810355392156863 0.03431372549019608 0.02849264705882353
1 0.6607434640522876 0.5863970588235294 0.034722222222222224 0.029411764705882353
1 0.48590686274509803 0.6193321078431373 0.03145424836601307 0.017463235294117647
1 0.4056372549019608 0.6237745098039216 0.031862745098039214 0.02022058823529412
1 0.2526552287581699 0.6283700980392157 0.028186274509803922 0.017769607843137254
1 0.49142156862745096 0.6326593137254902 0.03431372549019608 0.02022058823529412
1 0.14052287581699346 0.640625 0.031862745098039214 0.023284313725490197
1 0.9673202614379085 0.6439950980392157 0.04003267973856209 0.03860294117647059
1 0.14011437908496732 0.6537990196078431 0.03431372549019608 0.018995098039215685
1 0.883578431372549 0.6645220588235294 0.051470588235294115 0.04411764705882353
1 0.4209558823529412 0.6706495098039216 0.044526143790849675 0.034926470588235295
1 0.3819444444444444 0.6783088235294118 0.03594771241830065 0.03308823529411765
1 0.7234477124183006 0.6801470588235294 0.04411764705882353 0.0392156862745098
1 0.6397058823529411 0.6966911764705882 0.03431372549019608 0.03002450980392157
1 0.31842320261437906 0.7029718137254902 0.026552287581699346 0.022365196078431373
1 0.9554738562091504 0.7786458333333334 0.05228758169934641 0.050551470588235295
1 0.14010212418300655 0.3736427696078431 0.012230392156862746 0.008314950980392158
