1 0.6119281045751634 0.34298406862745096 0.014705882352941176 0.008884803921568627
1 0.6076388888888888 0.40058210784313725 0.009395424836601307 0.005821078431372549
1 0.36825980392156865 0.40088848039215685 0.012663398692810458 0.006433823529411764
1 0.6376633986928104 0.4013480392156863 0.011437908496732025 0.009191176470588236
1 0.9334150326797386 0.40318627450980393 0.013071895424836602 0.00857843137254902
1 0.9385212418300654 0.40517769607843135 0.012663398692810458 0.007659313725490196
1 0.40931372549019607 0.4053308823529412 0.011437908496732025 0.007352941176470588
1 0.6270424836601307 0.4074754901960784 0.013071895424836602 0.007965686274509803
1 0.49387254901960786 0.41161151960784315 0.012254901960784314 0.006433823529411764
1 0.6290849673202614 0.41161151960784315 0.011437908496732025 0.007659313725490196
1 0.9411764705882353 0.41161151960784315 0.012254901960784314 0.006433823529411764
1 0.5310457516339869 0.41207107843137253 0.006535947712418301 0.007965686274509803
1 0.5361519607843137 0.4137561274509804 0.004493464052287581 0.006433823529411764
1 0.6942401960784313 0.4140625 0.01184640522875817 0.01011029411764706
1 0.35314542483660133 0.4143688725490196 0.015931372549019607 0.010723039215686275
1 0.6879084967320261 0.4149816176470588 0.013888888888888888 0.007659313725490196
1 0.8831699346405228 0.4152879901960784 0.014705882352941176 0.01011029411764706
1 0.9183006535947712 0.41574754901960786 0.015522875816993464 0.009191176470588236
1 0.7600081699346405 0.4206495098039216 0.012663398692810458 0.009191176470588236
1 0.7792075163398693 0.42172181372549017 0.01511437908496732 0.010723039215686275
1 0.31576797385620914 0.42202818627450983 0.013071895424836602 0.008272058823529412
1 0.286968954248366 0.42356004901960786 0.01184640522875817 0.008884803921568627
1 0.7694035947712419 0.4264705882352941 0.012663398692810458 0.00980392156862745
1 0.8674428104575164 0.42784926470588236 0.01511437908496732 0.01011029411764706
1 0.7022058823529411 0.42922794117647056 0.016339869281045753 0.009191176470588236
1 0.5949754901960784 0.43106617647058826 0.013480392156862746 0.006127450980392157
1 0.7506127450980392 0.43167892156862747 0.015931372549019607 0.007965686274509803
1 0.34538398692810457 0.4413296568627451 0.017565359477124183 0.008272058823529412
1 0.12091503267973856 0.4488357843137255 0.017973856209150325 0.011642156862745098
1 0.6429738562091504 0.4489889705882353 0.018790849673202614 0.010723039215686275
1 0.5637254901960784 0.4497549019607843 0.016339869281045753 0.00980392156862745
1 0.18423202614379086 0.4525122549019608 0.014705882352941176 0.00857843137254902
1 0.5902777777777778 0.45588235294117646 0.014705882352941176 0.00857843137254902
1 0.25245098039215685 0.4563419117647059 0.017973856209150325 0.010723039215686275
1 0.5925245098039216 0.4566482843137255 0.013480392156862746 0.008272058823529412
1 0.5220588235294118 0.46017156862745096 0.01715686274509804 0.012254901960784314
1 0.32230392156862747 0.46078431372549017 0.02042483660130719 0.012867647058823529
1 0.29473039215686275 0.4658394607843137 0.020016339869281044 0.008884803921568627
1 0.801062091503268 0.47181372549019607 0.022058823529411766 0.011029411764705883
1 0.24142156862745098 0.47549019607843135 0.015522875816993464 0.00857843137254902
1 0.12888071895424835 0.4811580882352941 0.01919934640522876 0.008884803921568627
1 0.4522058823529412 0.4814644607843137 0.014705882352941176 0.01011029411764706
1 0.4667075163398693 0.4817708333333333 0.01511437908496732 0.01011029411764706
1 0.13214869281045752 0.48330269607843135 0.01919934640522876 0.009497549019607842
1 0.9246323529411765 0.484375 0.017565359477124183 0.011029411764705883
1 0.26981209150326796 0.4895833333333333 0.01919934640522876 0.012254901960784314
1 0.8194444444444444 0.49463848039215685 0.02369281045751634 0.011948529411764705
1 0.35437091503267976 0.5030637254901961 0.020833333333333332 0.014705882352941176
1 0.13459967320261437 0.5038296568627451 0.025735294117647058 0.015625
1 0.14522058823529413 0.5087316176470589 0.01838235294117647 0.007659313725490196
1 0.5073529411764706 0.5099571078431373 0.024509803921568627 0.01685049019607843
1 0.29820261437908496 0.5124080882352942 0.021241830065359478 0.013174019607843137
1 0.11866830065359477 0.514859068627451 0.025735294117647058 0.01685049019607843
1 0.27001633986928103 0.5151654411764706 0.02287581699346405 0.013786764705882353
1 0.04779411764705882 0.5153186274509803 0.016339869281045753 0.00980392156862745
1 0.3633578431372549 0.5301776960784313 0.025735294117647058 0.015625
1 0.11172385620915033 0.5323223039215687 0.0298202614379085 0.013174019607843137
1 0.39624183006535946 0.5355392156862745 0.02369281045751634 0.018995098039215685
1 0.27736928104575165 0.5369178921568627 0.025326797385620915 0.013786764705882353
1 0.7375408496732027 0.5405943627450981 0.02246732026143791 0.013174019607843137
1 0.29963235294117646 0.5433517156862745 0.01919934640522876 0.008272058823529412
1 0.6270424836601307 0.5438112745098039 0.0196078431372549 0.015318627450980392
1 0.27450980392156865 0.5441176470588235 0.021241830065359478 0.011642156862745098
1 0.5796568627450981 0.5450367647058824 0.024509803921568627 0.012867647058823529
1 0.4891748366013072 0.5465686274509803 0.025735294117647058 0.015931372549019607
1 0.22120098039215685 0.5465686274509803 0.020833333333333332 0.010416666666666666
1 0.12765522875816993 0.5507046568627451 0.016748366013071895 0.009497549019607842
1 0.4957107843137255 0.5551470588235294 0.024101307189542485 0.018995098039215685
1 0.1090686274509804 0.5569852941176471 0.017973856209150325 0.012254901960784314
1 0.5459558823529411 0.5582107843137255 0.020833333333333332 0.012254901960784314
1 0.1227532679738562 0.5602022058823529 0.015931372549019607 0.012561274509803922
1 0.14072712418300654 0.5603553921568627 0.023284313725490197 0.010416666666666666
1 0.1744281045751634 0.5621936274509803 0.021241830065359478 0.011029411764705883
1 0.1926062091503268 0.5641850490196079 0.025735294117647058 0.016237745098039217
1 0.30923202614379086 0.5732230392156863 0.02696078431372549 0.017769607843137254
1 0.3611111111111111 0.5793504901960784 0.028594771241830064 0.018995098039215685
1 0.30780228758169936 0.5868566176470589 0.027369281045751634 0.013174019607843137
1 0.6102941176470589 0.5876225490196079 0.02042483660130719 0.015318627450980392
1 0.33925653594771243 0.5882352941176471 0.027369281045751634 0.017769607843137254
1 0.12928921568627452 0.5900735294117647 0.03145424836601307 0.02144607843137255
1 0.37030228758169936 0.5903799019607843 0.030637254901960783 0.02267156862745098
1 0.3159722222222222 0.5957414215686274 0.027369281045751634 0.01685049019607843
1 0.03839869281045752 0.6731004901960784 0.03104575163398693 0.018995098039215685
