1 0.9385212418300654 0.5942095588235294 0.01184640522875817 0.008272058823529412
1 0.9246323529411765 0.5935968137254902 0.012663398692810458 0.007659313725490196
1 0.9904003267973857 0.616421568627451 0.012663398692810458 0.00857843137254902
1 0.28574346405228757 0.6749387254901961 0.015931372549019607 0.010416666666666666
1 0.2651143790849673 0.6196384803921569 0.013888888888888888 0.008884803921568627
1 0.176062091503268 0.6893382352941176 0.013071895424836602 0.00857843137254902
1 0.8576388888888888 0.6908700980392157 0.015931372549019607 0.010416666666666666
1 0.20016339869281047 0.688265931372549 0.013888888888888888 0.009497549019607842
1 0.18770424836601307 0.6930147058823529 0.014297385620915032 0.00980392156862745
1 0.9566993464052288 0.7300857843137255 0.0196078431372549 0.012867647058823529
