1 0.3837826797385621 0.4753370098039216 0.013480392156862746 0.009497549019607842
1 0.31270424836601307 0.6017156862745098 0.01919934640522876 0.012254901960784314
1 0.6068218954248366 0.5490196078431373 0.02165032679738562 0.012867647058823529
1 0.061683006535947715 0.32046568627450983 0.012254901960784314 0.007965686274509803
1 0.5371732026143791 0.49892769607843135 0.017973856209150325 0.011948529411764705
1 0.014501633986928105 0.3226102941176471 0.012663398692810458 0.00857843137254902
1 0.6260212418300654 0.5104166666666666 0.02165032679738562 0.014093137254901961
1 0.6113153594771242 0.5562193627450981 0.017565359477124183 0.011948529411764705
1 0.684640522875817 0.6020220588235294 0.03022875816993464 0.01715686274509804
1 0.25026348039215685 0.45826746323529416 0.01604983660130719 0.00967218137254902
1 0.44076797385620914 0.4928002450980392 0.01715686274509804 0.01133578431372549
1 0.41299019607843135 0.6092218137254902 0.017973856209150325 0.011948529411764705
1 0.33986928104575165 0.5983455882352942 0.0196078431372549 0.014093137254901961
1 0.40584150326797386 0.45098039215686275 0.013480392156862746 0.00980392156862745
1 0.6111111111111112 0.5260416666666666 0.018790849673202614 0.011642156862745098
1 0.5016339869281046 0.49831495098039214 0.014705882352941176 0.01011029411764706
1 0.28580269607843134 0.4268428308823529 0.012781862745098039 0.008097426470588235
1 0.431781045751634 0.5061274509803921 0.015522875816993464 0.011029411764705883
1 0.2246732026143791 0.46890318627450983 0.016339869281045753 0.01011029411764706
1 0.3333333333333333 0.5962009803921569 0.02042483660130719 0.013480392156862746
1 0.3997140522875817 0.49800857843137253 0.020016339869281044 0.01685049019607843
1 0.2152777777777778 0.5122549019607843 0.016339869281045753 0.011642156862745098
1 0.41973039215686275 0.48621323529411764 0.015931372549019607 0.010416666666666666
1 0.5302287581699346 0.44669117647058826 0.01715686274509804 0.00980392156862745
1 0.4456699346405229 0.48192401960784315 0.015522875816993464 0.011642156862745098
1 0.3533496732026144 0.4947916666666667 0.017973856209150325 0.012867647058823529
1 0.34681372549019607 0.6060049019607843 0.02042483660130719 0.014093137254901961
1 0.32046568627450983 0.45894607843137253 0.015931372549019607 0.00980392156862745
1 0.4309640522875817 0.48544730392156865 0.016339869281045753 0.01133578431372549
1 0.6544117647058824 0.47441789215686275 0.02042483660130719 0.015625
1 0.34211601307189543 0.47794117647058826 0.015931372549019607 0.00980392156862745
1 0.8129084967320261 0.4856004901960784 0.028594771241830064 0.01838235294117647
1 0.36560457516339867 0.5370710784313726 0.0196078431372549 0.014093137254901961
1 0.10355392156862746 0.47120098039215685 0.020833333333333332 0.012867647058823529
1 0.18872549019607843 0.4759497549019608 0.016339869281045753 0.01011029411764706
1 0.6568627450980392 0.5897671568627451 0.028594771241830064 0.017769607843137254
1 0.42340686274509803 0.5263480392156863 0.017565359477124183 0.012254901960784314
1 0.3874591503267974 0.5044424019607843 0.024101307189542485 0.016237745098039217
1 0.7834967320261438 0.47702205882352944 0.03431372549019608 0.02022058823529412
1 0.07107843137254902 0.6387867647058824 0.02042483660130719 0.015318627450980392
1 0.6464460784313726 0.5098039215686274 0.02246732026143791 0.016544117647058824
1 0.49244281045751637 0.5193014705882353 0.01838235294117647 0.012867647058823529
1 0.4354575163398693 0.5830269607843137 0.018790849673202614 0.012867647058823529
1 0.5285947712418301 0.5537683823529411 0.0196078431372549 0.013174019607843137
1 0.32945261437908496 0.5430453431372549 0.023284313725490197 0.017463235294117647
1 0.4035947712418301 0.5600490196078431 0.018790849673202614 0.013480392156862746
1 0.2920751633986928 0.48606004901960786 0.01715686274509804 0.011948529411764705
1 0.4646650326797386 0.5854779411764706 0.020016339869281044 0.014093137254901961
1 0.7606209150326797 0.5528492647058824 0.03839869281045752 0.02542892156862745
1 0.15053104575163398 0.5690870098039216 0.02165032679738562 0.016237745098039217
1 0.37254901960784315 0.4950980392156863 0.02287581699346405 0.017769607843137254
1 0.3396650326797386 0.5206801470588235 0.028186274509803922 0.018075980392156864
1 0.5220588235294118 0.5876225490196079 0.022058823529411766 0.014705882352941176
1 0.8186274509803921 0.5393688725490197 0.04084967320261438 0.02665441176470588
1 0.11540032679738563 0.53125 0.02900326797385621 0.0196078431372549
1 0.7369281045751634 0.5689338235294118 0.0392156862745098 0.025735294117647058
1 0.9250408496732027 0.5303308823529411 0.04044117647058824 0.026348039215686275
1 0.8962418300653595 0.5762867647058824 0.04820261437908497 0.030637254901960783
1 0.2879758986928105 0.4644607843137255 0.013043300653594771 0.006740196078431373
1 0.32528594771241826 0.4493612132352941 0.0125 0.006565563725490196
1 0.20855800653594772 0.49980238970588237 0.015155228758169935 0.009408700980392157
1 0.3150755718954248 0.4385278799019608 0.008419117647058823 0.006344975490196078
