1 0.5745506535947712 0.7074142156862745 0.015931372549019607 0.009191176470588236
1 0.8654003267973857 0.7245710784313726 0.014297385620915032 0.011029411764705883
1 0.8376225490196079 0.7326899509803921 0.015931372549019607 0.014399509803921568
1 0.672998366013072 0.7334558823529411 0.015931372549019607 0.011642156862745098
1 0.8641748366013072 0.7354473039215687 0.017565359477124183 0.01133578431372549
1 0.26266339869281047 0.7386642156862745 0.008986928104575163 0.00428921568627451
1 0.9738562091503268 0.7405024509803921 0.016339869281045753 0.012254901960784314
1 0.2479575163398693 0.7434129901960784 0.014705882352941176 0.008272058823529412
1 0.09048202614379085 0.7454044117647058 0.015931372549019607 0.00857843137254902
1 0.6252042483660131 0.7461703431372549 0.013480392156862746 0.01011029411764706
1 0.8372140522875817 0.7475490196078431 0.020016339869281044 0.012867647058823529
1 0.3417075163398693 0.7503063725490197 0.01919934640522876 0.011642156862745098
1 0.5743464052287581 0.7602634803921569 0.027777777777777776 0.013786764705882353
1 0.5584150326797386 0.7650122549019608 0.02369281045751634 0.015318627450980392
1 0.6078431372549019 0.7662377450980392 0.013888888888888888 0.00857843137254902
1 0.09027777777777778 0.7662377450980392 0.016339869281045753 0.00857843137254902
1 0.5921160130718954 0.7683823529411765 0.016748366013071895 0.013480392156862746
1 0.625 0.7693014705882353 0.014705882352941176 0.00857843137254902
1 0.7412173202614379 0.7696078431372549 0.017565359477124183 0.012254901960784314
1 0.9244281045751634 0.7696078431372549 0.0196078431372549 0.014093137254901961
1 0.7714460784313726 0.7725183823529411 0.024918300653594773 0.018688725490196078
1 0.9946895424836601 0.7731311274509803 0.010620915032679739 0.016237745098039217
1 0.9199346405228758 0.7749693627450981 0.017973856209150325 0.01133578431372549
1 0.6203022875816994 0.7774203431372549 0.015931372549019607 0.006433823529411764
1 0.6924019607843137 0.7775735294117647 0.014705882352941176 0.011029411764705883
1 0.48856209150326796 0.7912071078431373 0.012254901960784314 0.017463235294117647
1 0.769812091503268 0.7977941176470589 0.02165032679738562 0.011642156862745098
1 0.5912990196078431 0.7979473039215687 0.02165032679738562 0.013174019607843137
1 0.9003267973856209 0.8010110294117647 0.017973856209150325 0.011948529411764705
1 0.6243872549019608 0.8157169117647058 0.01838235294117647 0.016237745098039217
1 0.6186683006535948 0.8226102941176471 0.020833333333333332 0.016544117647058824
1 0.8935866013071896 0.8311887254901961 0.02246732026143791 0.015318627450980392
1 0.8711192810457516 0.8339460784313726 0.020833333333333332 0.014705882352941176
1 0.724468954248366 0.8391544117647058 0.024101307189542485 0.015318627450980392
1 0.7436683006535948 0.8538602941176471 0.01838235294117647 0.012254901960784314
1 0.30780228758169936 0.883578431372549 0.01919934640522876 0.015318627450980392
1 0.11785130718954248 0.9045649509803921 0.051879084967320264 0.03216911764705882
1 0.5518790849673203 0.9119178921568627 0.04493464052287582 0.04013480392156863
1 0.9879493464052288 0.9232536764705882 0.024101307189542485 0.02849264705882353
1 0.016339869281045753 0.9577205882352942 0.025326797385620915 0.01838235294117647
1 0.5349264705882353 0.983609068627451 0.042075163398692814 0.03278186274509804
1 0.15441176470588236 0.9921875 0.027777777777777776 0.015625
1 0.5832434640522876 0.6253063725490197 0.013709150326797386 0.009191176470588236
1 0.6955657679738562 0.6231617647058824 0.014497549019607843 0.00857843137254902
