1 0.8613153594771242 0.6214767156862745 0.012663398692810458 0.008884803921568627
1 0.16026756535947712 0.6114935661764705 0.00926062091503268 0.005462622549019607
1 0.015318627450980392 0.6136642156862745 0.012663398692810458 0.007965686274509803
1 0.514297385620915 0.7735906862745098 0.014705882352941176 0.010416666666666666
1 0.11968954248366014 0.6652879901960784 0.016339869281045753 0.01011029411764706
1 0.8535539215686274 0.6499693627450981 0.01184640522875817 0.007659313725490196
1 0.030637254901960783 0.6208639705882353 0.012254901960784314 0.008884803921568627
1 0.14113562091503268 0.6139705882352942 0.011029411764705883 0.007352941176470588
1 0.6968954248366013 0.6605392156862745 0.014705882352941176 0.010416666666666666
1 0.8478349673202614 0.6401654411764706 0.013480392156862746 0.008272058823529412
1 0.7851307189542484 0.6531862745098039 0.013071895424836602 0.00857843137254902
1 0.6701388888888888 0.6764705882352942 0.012663398692810458 0.00857843137254902
1 0.46875 0.6449142156862745 0.013480392156862746 0.010416666666666666
1 0.4902308006535948 0.6637561274509803 0.014775326797385621 0.009497549019607842
1 0.7212009803921569 0.7639399509803921 0.01511437908496732 0.01011029411764706
1 0.659109477124183 0.7369791666666666 0.017565359477124183 0.010723039215686275
1 0.17459763071895426 0.8022365196078431 0.019129901960784314 0.011948529411764705
1 0.0272671568627451 0.6354932598039216 0.012050653594771242 0.007506127450980392
1 0.8563459967320262 0.6152987132352942 0.013345588235294118 0.007558210784313726
1 0.04370915032679738 0.6351102941176471 0.012254901960784314 0.007965686274509803
1 0.7177287581699346 0.6884191176470589 0.013071895424836602 0.00857843137254902
1 0.01838235294117647 0.6505821078431373 0.013888888888888888 0.008884803921568627
1 0.835171568627451 0.7090992647058824 0.014297385620915032 0.010723039215686275
1 0.05106209150326797 0.6518075980392157 0.013071895424836602 0.008884803921568627
1 0.4401552287581699 0.6519607843137255 0.013480392156862746 0.009191176470588236
1 0.4542483660130719 0.7530637254901961 0.01715686274509804 0.010416666666666666
1 0.7401960784313726 0.6608455882352942 0.014705882352941176 0.00980392156862745
1 0.44730392156862747 0.7383578431372549 0.016339869281045753 0.010416666666666666
1 0.1895424836601307 0.6770833333333334 0.01715686274509804 0.011642156862745098
1 0.5910947712418301 0.7280943627450981 0.013071895424836602 0.008272058823529412
1 0.8529411764705882 0.7296262254901961 0.014705882352941176 0.009497549019607842
1 0.8157679738562091 0.7406556372549019 0.013888888888888888 0.01011029411764706
1 0.16013071895424835 0.7467830882352942 0.01715686274509804 0.012561274509803922
1 0.7048611111111112 0.7522977941176471 0.016748366013071895 0.01011029411764706
1 0.7888071895424836 0.7515318627450981 0.016339869281045753 0.00980392156862745
1 0.8564133986928104 0.7199754901960784 0.014297385620915032 0.00980392156862745
1 0.42401960784313725 0.7184436274509803 0.01715686274509804 0.012867647058823529
1 0.7169117647058824 0.6724877450980392 0.013071895424836602 0.00980392156862745
1 0.7859477124183006 0.7152267156862745 0.013888888888888888 0.01133578431372549
1 0.5706699346405228 0.7288602941176471 0.014705882352941176 0.010416666666666666
1 0.05718954248366013 0.6806066176470589 0.014705882352941176 0.01011029411764706
1 0.7834967320261438 0.6595174632352941 0.013071895424836602 0.009598651960784313
1 0.9771241830065359 0.6352634803921569 0.01715686274509804 0.010723039215686275
1 0.6384803921568627 0.7634803921568627 0.017973856209150325 0.012254901960784314
1 0.7779820261437909 0.6902573529411765 0.016748366013071895 0.010416666666666666
1 0.7215420751633987 0.7160952818627451 0.014979575163398694 0.010621936274509804
1 0.38650531045751635 0.8156908700980392 0.02301062091503268 0.016185661764705882
1 0.20976307189542484 0.7633272058823529 0.020833333333333332 0.014399509803921568
1 0.5849673202614379 0.8489583333333334 0.0196078431372549 0.015931372549019607
1 0.035316584967320264 0.6363618259803921 0.012626633986928105 0.007405024509803922
