1 0.7785947712418301 0.8483455882352942 0.021241830065359478 0.013480392156862746
1 0.8566176470588235 0.9898897058823529 0.03104575163398693 0.0196078431372549
1 0.6352124183006536 0.9457720588235294 0.02369281045751634 0.016544117647058824
1 0.46486928104575165 0.8043811274509803 0.014705882352941176 0.01133578431372549
1 0.5261437908496732 0.9479166666666666 0.02369281045751634 0.016544117647058824
1 0.6482066993464052 0.651890318627451 0.012916666666666667 0.0084375
1 0.6068218954248366 0.8463541666666666 0.017565359477124183 0.013174019607843137
1 0.23604779411764706 0.8416053921568627 0.019481209150326795 0.011642156862745098
1 0.5888480392156863 0.7810968137254902 0.016748366013071895 0.01133578431372549
1 0.5181781045751634 0.7593443627450981 0.01919934640522876 0.013786764705882353
1 0.9587418300653595 0.6712622549019608 0.013071895424836602 0.007965686274509803
1 0.9924428104575164 0.6697303921568627 0.013480392156862746 0.00980392156862745
1 0.4499121732026144 0.8057950367647058 0.01828839869281046 0.012938112745098039
1 0.7267156862745098 0.7129289215686274 0.014705882352941176 0.00980392156862745
1 0.9127859477124183 0.6749387254901961 0.012663398692810458 0.00857843137254902
1 0.6723856209150327 0.7650122549019608 0.0196078431372549 0.012254901960784314
1 0.6098856209150327 0.9594056372549019 0.024509803921568627 0.017463235294117647
1 0.8886846405228758 0.7363664215686274 0.014297385620915032 0.01011029411764706
1 0.46854575163398693 0.7933517156862745 0.01715686274509804 0.011948529411764705
1 0.4426062091503268 0.7757352941176471 0.020833333333333332 0.014705882352941176
1 0.8707741013071896 0.887267156862745 0.018508986928104577 0.01779411764705882
1 0.9938562091503268 0.7325719975490196 0.011405228758169935 0.010487132352941176
1 0.900531045751634 0.694546568627451 0.014297385620915032 0.009191176470588236
1 0.7062908496732027 0.9935661764705882 0.024509803921568627 0.012254901960784314
1 0.23296977124183005 0.7073560049019608 0.013325163398692809 0.009074754901960785
1 0.965890522875817 0.7484681372549019 0.015931372549019607 0.010416666666666666
1 0.7624591503267973 0.7539828431372549 0.016748366013071895 0.010416666666666666
1 0.22058823529411764 0.7107843137254902 0.014705882352941176 0.010416666666666666
1 0.9499591503267973 0.7469362745098039 0.01511437908496732 0.011029411764705883
1 0.5500408496732027 0.7769607843137255 0.017565359477124183 0.014093137254901961
1 0.4840686274509804 0.7012867647058824 0.014705882352941176 0.010416666666666666
1 0.9319852941176471 0.7422104779411764 0.014297385620915032 0.009543504901960783
1 0.9820261437908496 0.6795343137254902 0.015522875816993464 0.010416666666666666
1 0.3547794117647059 0.8481924019607843 0.01919934640522876 0.014399509803921568
1 0.9123774509803921 0.7360600490196079 0.014297385620915032 0.01011029411764706
1 0.8772467320261438 0.7473958333333334 0.01511437908496732 0.01011029411764706
1 0.9450571895424836 0.7267156862745098 0.01838235294117647 0.011642156862745098
1 0.5159313725490197 0.975796568627451 0.032679738562091505 0.024509803921568627
1 0.8476307189542484 0.6738664215686274 0.014705882352941176 0.01011029411764706
1 0.9221813725490197 0.9612438725490197 0.026552287581699346 0.018688725490196078
1 0.4667075163398693 0.7789522058823529 0.017565359477124183 0.013174019607843137
1 0.414624183006536 0.7993259803921569 0.017973856209150325 0.013480392156862746
1 0.2651143790849673 0.8337928921568627 0.025326797385620915 0.018075980392156864
1 0.8269240196078431 0.7166283700980391 0.017410130718954246 0.011075367647058822
1 0.9007352941176471 0.7527573529411765 0.014705882352941176 0.010416666666666666
1 0.2577614379084967 0.7089460784313726 0.0196078431372549 0.012867647058823529
1 0.24387254901960784 0.8321078431372549 0.02042483660130719 0.016544117647058824
1 0.2434640522875817 0.7700674019607843 0.0196078431372549 0.013174019607843137
1 0.8962418300653595 0.7787990196078431 0.02287581699346405 0.014705882352941176
1 0.9328022875816994 0.7840073529411765 0.01919934640522876 0.013480392156862746
1 0.22263071895424835 0.8497242647058824 0.02287581699346405 0.015625
1 0.889297385620915 0.8874080882352942 0.021241830065359478 0.015625
1 0.18831699346405228 0.8484987745098039 0.02369281045751634 0.016237745098039217
1 0.3917790032679739 0.7803890931372549 0.02048611111111111 0.014209558823529412
1 0.20608660130718953 0.835171568627451 0.02165032679738562 0.014705882352941176
1 0.9452614379084967 0.827359068627451 0.02042483660130719 0.014399509803921568
1 0.09681372549019608 0.9335171568627451 0.024509803921568627 0.015931372549019607
1 0.8198529411764706 0.7636335784313726 0.021241830065359478 0.012561274509803922
1 0.45812908496732024 0.8354779411764706 0.023284313725490197 0.016544117647058824
1 0.4256535947712418 0.8368566176470589 0.0196078431372549 0.015012254901960785
1 0.48999183006535946 0.7665441176470589 0.020016339869281044 0.013480392156862746
1 0.9285130718954249 0.7227328431372549 0.016339869281045753 0.011029411764705883
1 0.8002450980392157 0.7473958333333334 0.017973856209150325 0.012561274509803922
1 0.7136437908496732 0.9664522058823529 0.027777777777777776 0.019301470588235295
1 0.1227532679738562 0.7608762254901961 0.016748366013071895 0.013174019607843137
1 0.9758986928104575 0.7781862745098039 0.02287581699346405 0.014093137254901961
1 0.12540849673202614 0.7440257352941176 0.01715686274509804 0.01133578431372549
1 0.5081699346405228 0.8838848039215687 0.021241830065359478 0.015318627450980392
1 0.9848856209150327 0.9666053921568627 0.028594771241830064 0.025735294117647058
1 0.8600898692810458 0.6818321078431373 0.015931372549019607 0.010723039215686275
1 0.23958333333333334 0.9489889705882353 0.025735294117647058 0.017463235294117647
1 0.6862745098039216 0.7795649509803921 0.024509803921568627 0.017463235294117647
1 0.7573529411764706 0.7731311274509803 0.02042483660130719 0.015625
1 0.46854575163398693 0.8903186274509803 0.026143790849673203 0.02022058823529412
1 0.9410518790849673 0.7322778799019608 0.012822712418300655 0.006835171568627451
1 0.9287357026143791 0.7358838848039216 0.011883169934640524 0.007306985294117647
1 0.9470812908496732 0.7356479779411765 0.01671160130718954 0.00989889705882353
