1 0.588031045751634 0.711703431372549 0.013480392156862746 0.007352941176470588
1 0.6313316993464052 0.7152267156862745 0.012663398692810458 0.008884803921568627
1 0.6750408496732027 0.7184436274509803 0.020016339869281044 0.00857843137254902
1 0.5778186274509803 0.7207414215686274 0.013480392156862746 0.009497549019607842
1 0.7071078431372549 0.7210477941176471 0.0196078431372549 0.01011029411764706
1 0.474468954248366 0.7250306372549019 0.016748366013071895 0.01133578431372549
1 0.6877042483660131 0.7328431372549019 0.020016339869281044 0.011029411764705883
1 0.7173202614379085 0.7337622549019608 0.016339869281045753 0.014705882352941176
1 0.7363153594771242 0.7431066176470589 0.017565359477124183 0.011948529411764705
1 0.6783088235294118 0.7444852941176471 0.020016339869281044 0.011642156862745098
1 0.34477124183006536 0.7447916666666666 0.013071895424836602 0.007965686274509803
1 0.5610702614379085 0.7449448529411765 0.020016339869281044 0.013174019607843137
1 0.6815767973856209 0.7555147058823529 0.01511437908496732 0.012867647058823529
1 0.5234885620915033 0.7662377450980392 0.023284313725490197 0.018995098039215685
1 0.09926470588235294 0.7689950980392157 0.014705882352941176 0.009191176470588236
1 0.4035947712418301 0.7715992647058824 0.02369281045751634 0.013174019607843137
1 0.7105800653594772 0.7867647058823529 0.020833333333333332 0.014705882352941176
1 0.6776960784313726 0.7896752450980392 0.017973856209150325 0.010723039215686275
1 0.7256944444444444 0.7905943627450981 0.01838235294117647 0.015625
1 0.7089460784313726 0.7982536764705882 0.024101307189542485 0.015012254901960785
1 0.5731209150326797 0.7994791666666666 0.017973856209150325 0.016237745098039217
1 0.684640522875817 0.805453431372549 0.02042483660130719 0.015931372549019607
1 0.16789215686274508 0.8100490196078431 0.01715686274509804 0.010416666666666666
1 0.06045751633986928 0.811734068627451 0.032679738562091505 0.021139705882352942
1 0.13276143790849673 0.8275122549019608 0.02287581699346405 0.012867647058823529
1 0.15604575163398693 0.8275122549019608 0.013071895424836602 0.011029411764705883
1 0.6948529411764706 0.8284313725490197 0.02369281045751634 0.014093137254901961
1 0.8982843137254902 0.8405330882352942 0.029411764705882353 0.020526960784313725
1 0.3647875816993464 0.8509497549019608 0.027777777777777776 0.016237745098039217
1 0.7387663398692811 0.8641237745098039 0.024101307189542485 0.020526960784313725
1 0.4021650326797386 0.8662683823529411 0.012663398692810458 0.009497549019607842
1 0.1068218954248366 0.8748468137254902 0.017565359477124183 0.015012254901960785
1 0.6268382352941176 0.8786764705882353 0.02165032679738562 0.017769607843137254
1 0.7060866013071896 0.8825061274509803 0.017565359477124183 0.018075980392156864
1 0.4415849673202614 0.8884803921568627 0.021241830065359478 0.0196078431372549
1 0.5625 0.922640931372549 0.021241830065359478 0.012561274509803922
1 0.5163398692810458 0.9255514705882353 0.0196078431372549 0.01715686274509804
1 0.027777777777777776 0.9338235294117647 0.02696078431372549 0.02389705882352941
1 0.9665032679738562 0.9379595588235294 0.03022875816993464 0.02542892156862745
1 0.02165032679738562 0.9414828431372549 0.025326797385620915 0.013480392156862746
1 0.38562091503267976 0.9517463235294118 0.02287581699346405 0.018688725490196078
1 0.6245915032679739 0.9664522058823529 0.02042483660130719 0.017463235294117647
1 0.006331699346405229 0.9748774509803921 0.011029411764705883 0.018995098039215685
1 0.9015196078431373 0.7736933210784314 0.021176470588235297 0.011234681372549021
1 0.2033169934640523 0.7854120710784314 0.015294117647058823 0.008936887254901962
1 0.2102512254901961 0.7348085171568627 0.009554738562091504 0.006381740196078431
