1 0.6603349673202614 0.7302389705882353 0.015931372549019607 0.01011029411764706
1 0.6772875816993464 0.7297794117647058 0.014705882352941176 0.00980392156862745
1 0.05330882352941176 0.7458639705882353 0.011029411764705883 0.008272058823529412
1 0.019812091503267973 0.7231924019607843 0.014297385620915032 0.009497549019607842
1 0.2992238562091503 0.8235294117647058 0.013480392156862746 0.009191176470588236
1 0.2930964052287582 0.7181372549019608 0.01184640522875817 0.007965686274509803
1 0.8443627450980392 0.7639399509803921 0.014705882352941176 0.009497549019607842
1 0.6852532679738562 0.7944240196078431 0.013480392156862746 0.009191176470588236
1 0.7009803921568627 0.7323835784313726 0.015522875816993464 0.01133578431372549
1 0.9001225490196079 0.7933517156862745 0.015931372549019607 0.01133578431372549
1 0.8265931372549019 0.6920955882352942 0.013480392156862746 0.00857843137254902
1 0.7953431372549019 0.7521446078431373 0.014705882352941176 0.009191176470588236
1 0.7855392156862745 0.8261335784313726 0.014705882352941176 0.011948529411764705
1 0.9082924836601307 0.7553615196078431 0.015931372549019607 0.010723039215686275
1 0.7965012254901961 0.7808409926470589 0.013754084967320262 0.008985906862745098
1 0.7154820261437909 0.7576593137254902 0.014297385620915032 0.009191176470588236
1 0.7212009803921569 0.7323835784313726 0.01511437908496732 0.010723039215686275
1 0.7867647058823529 0.8135723039215687 0.015522875816993464 0.01133578431372549
1 0.7381535947712419 0.6963848039215687 0.013071895424836602 0.009191176470588236
1 0.704248366013072 0.8469669117647058 0.015522875816993464 0.010723039215686275
1 0.14726307189542484 0.7829350490196079 0.013480392156862746 0.008884803921568627
1 0.890046977124183 0.8748207720588235 0.018656045751633987 0.013121936274509803
1 0.3639705882352941 0.7752757352941176 0.013888888888888888 0.008884803921568627
1 0.8225081699346405 0.7244178921568627 0.015931372549019607 0.010723039215686275
1 0.8623366013071896 0.7918198529411765 0.015522875816993464 0.01011029411764706
1 0.7546977124183006 0.7288602941176471 0.015931372549019607 0.012867647058823529
1 0.6125408496732027 0.8282781862745098 0.01838235294117647 0.012561274509803922
1 0.7242647058823529 0.7460171568627451 0.015522875816993464 0.011029411764705883
1 0.5273692810457516 0.7418811274509803 0.018790849673202614 0.01133578431372549
1 0.4215686274509804 0.7395833333333334 0.012254901960784314 0.009191176470588236
1 0.8521241830065359 0.7575061274509803 0.016339869281045753 0.01133578431372549
1 0.8116830065359477 0.7189031862745098 0.015522875816993464 0.01011029411764706
1 0.9883578431372549 0.8690257352941176 0.02165032679738562 0.018075980392156864
1 0.30330882352941174 0.7340686274509803 0.012663398692810458 0.009191176470588236
1 0.8850081699346405 0.7904411764705882 0.017565359477124183 0.011029411764705883
1 0.823937908496732 0.7512254901960784 0.014705882352941176 0.009191176470588236
1 0.2222222222222222 0.7873774509803921 0.013888888888888888 0.00980392156862745
1 0.32802287581699346 0.7897012867647059 0.013071895424836602 0.009549632352941177
1 0.6294934640522876 0.7109375 0.013888888888888888 0.01011029411764706
1 0.795751633986928 0.7657781862745098 0.014705882352941176 0.010723039215686275
1 0.5392156862745098 0.8924632352941176 0.01715686274509804 0.012254901960784314
1 0.7252859477124183 0.8020833333333334 0.015931372549019607 0.010416666666666666
1 0.9315767973856209 0.7288602941176471 0.016748366013071895 0.00980392156862745
1 0.10743464052287582 0.7630208333333334 0.014705882352941176 0.008884803921568627
1 0.48427287581699346 0.7631740196078431 0.014297385620915032 0.010416666666666666
1 0.641952614379085 0.7803308823529411 0.015931372549019607 0.011642156862745098
1 0.5308415032679739 0.8846507352941176 0.016748366013071895 0.01133578431372549
1 0.8406862745098039 0.7518382352941176 0.013888888888888888 0.010416666666666666
1 0.9814133986928104 0.7936580882352942 0.01838235294117647 0.012561274509803922
1 0.4338235294117647 0.7143075980392157 0.015522875816993464 0.01011029411764706
1 0.8682598039215687 0.7478553921568627 0.016748366013071895 0.011029411764705883
1 0.3174019607843137 0.7435661764705882 0.013071895424836602 0.007965686274509803
1 0.2542892156862745 0.7807904411764706 0.016748366013071895 0.01133578431372549
1 0.8876633986928104 0.803921568627451 0.0196078431372549 0.012867647058823529
1 0.8218954248366013 0.7100183823529411 0.014705882352941176 0.01011029411764706
1 0.41360294117647056 0.8020833333333334 0.014297385620915032 0.00980392156862745
1 0.5527634803921568 0.8864123774509803 0.018108660130718955 0.01363357843137255
1 0.5300245098039216 0.8609068627450981 0.015931372549019607 0.012254901960784314
1 0.3306781045751634 0.8682598039215687 0.014297385620915032 0.009191176470588236
1 0.5798611111111112 0.8492647058823529 0.016748366013071895 0.011642156862745098
1 0.8035130718954249 0.8123468137254902 0.0196078431372549 0.013786764705882353
1 0.3903186274509804 0.8481924019607843 0.016748366013071895 0.011948529411764705
1 0.8198529411764706 0.805453431372549 0.02042483660130719 0.013480392156862746
1 0.2610294117647059 0.7391237745098039 0.014705882352941176 0.010723039215686275
1 0.5435049019607843 0.7605698529411765 0.017565359477124183 0.011948529411764705
1 0.43586601307189543 0.7310049019607843 0.013071895424836602 0.00857843137254902
1 0.7559232026143791 0.7518382352941176 0.016748366013071895 0.011029411764705883
1 0.9438316993464052 0.7902879901960784 0.01919934640522876 0.013174019607843137
1 0.5187908496732027 0.78125 0.01715686274509804 0.011029411764705883
1 0.9109477124183006 0.7769607843137255 0.02042483660130719 0.012867647058823529
1 0.7252859477124183 0.7827818627450981 0.01919934640522876 0.014705882352941176
1 0.3698937908496732 0.7849264705882353 0.015931372549019607 0.010416666666666666
1 0.42463235294117646 0.7588848039215687 0.01511437908496732 0.011642156862745098
1 0.7608251633986928 0.7706801470588235 0.020016339869281044 0.013174019607843137
1 0.38439542483660133 0.8710171568627451 0.017973856209150325 0.013480392156862746
1 0.2973856209150327 0.8314950980392157 0.016339869281045753 0.011029411764705883
1 0.6636029411764706 0.7662377450980392 0.01919934640522876 0.013480392156862746
1 0.4675245098039216 0.8711703431372549 0.01919934640522876 0.013786764705882353
1 0.827001633986928 0.8325674019607843 0.02165032679738562 0.015012254901960785
1 0.5759803921568627 0.8196997549019608 0.0196078431372549 0.013174019607843137
1 0.23366013071895425 0.8956801470588235 0.017973856209150325 0.014399509803921568
1 0.4724264705882353 0.8915441176470589 0.02246732026143791 0.016544117647058824
1 0.5316584967320261 0.8207720588235294 0.017565359477124183 0.013480392156862746
1 0.5322712418300654 0.7971813725490197 0.016339869281045753 0.011642156862745098
1 0.36233660130718953 0.8815870098039216 0.022058823529411766 0.015625
1 0.8212602124183006 0.7176011029411765 0.015069444444444444 0.009957107843137254
