1 0.7497957516339869 0.38985906862745096 0.01184640522875817 0.006433823529411764
1 0.7928921568627451 0.3900122549019608 0.016339869281045753 0.00857843137254902
1 0.7591911764705882 0.39077818627450983 0.010212418300653595 0.006433823529411764
1 0.7704248366013072 0.3946078431372549 0.013888888888888888 0.006740196078431373
1 0.755718954248366 0.40027573529411764 0.017973856209150325 0.01011029411764706
1 0.84375 0.4013480392156863 0.00857843137254902 0.006127450980392157
1 0.8519199346405228 0.4019607843137255 0.01184640522875817 0.00980392156862745
1 0.8359885620915033 0.40318627450980393 0.015931372549019607 0.00980392156862745
1 0.7855392156862745 0.40349264705882354 0.012254901960784314 0.010416666666666666
1 0.5557598039215687 0.4111519607843137 0.034722222222222224 0.017769607843137254
1 0.6178513071895425 0.4111519607843137 0.024101307189542485 0.012867647058823529
1 0.670751633986928 0.41590073529411764 0.031862745098039214 0.016237745098039217
1 0.5949754901960784 0.4192708333333333 0.03145424836601307 0.015012254901960785
1 0.5163398692810458 0.43443627450980393 0.03431372549019608 0.02022058823529412
1 0.7906454248366013 0.43596813725490197 0.014297385620915032 0.006740196078431373
1 0.9891748366013072 0.4408700980392157 0.02165032679738562 0.01838235294117647
1 0.36560457516339867 0.4456188725490196 0.026143790849673203 0.015625
1 0.8897058823529411 0.45465686274509803 0.0196078431372549 0.011642156862745098
1 0.9703839869281046 0.4564950980392157 0.02246732026143791 0.013480392156862746
1 0.8037173202614379 0.4572610294117647 0.020016339869281044 0.008884803921568627
1 0.1895424836601307 0.4612438725490196 0.027777777777777776 0.015012254901960785
1 0.5806781045751634 0.46200980392156865 0.04044117647058824 0.022058823529411766
1 0.5402369281045751 0.4632352941176471 0.04044117647058824 0.02144607843137255
1 0.8562091503267973 0.46859681372549017 0.02696078431372549 0.012561274509803922
1 0.8521241830065359 0.47503063725490197 0.0196078431372549 0.01133578431372549
1 0.14930555555555555 0.4788602941176471 0.044526143790849675 0.027573529411764705
1 0.8923611111111112 0.48161764705882354 0.046977124183006536 0.03676470588235294
1 0.7277369281045751 0.48360906862745096 0.02246732026143791 0.011948529411764705
1 0.4305555555555556 0.48483455882352944 0.04820261437908497 0.03155637254901961
1 0.22712418300653595 0.49724264705882354 0.031862745098039214 0.018995098039215685
1 0.6213235294117647 0.49954044117647056 0.05473856209150327 0.03155637254901961
1 0.7497957516339869 0.5344669117647058 0.051879084967320264 0.03216911764705882
1 0.7935049019607843 0.5459558823529411 0.05923202614379085 0.0428921568627451
