1 0.4196221405228758 0.5931464460784314 0.014897875816993464 0.01104779411764706
1 0.8868464052287581 0.45143995098039214 0.010620915032679739 0.0070465686274509805
1 0.23459763071895423 0.6179978553921569 0.017397875816993466 0.009892769607843138
1 0.8270261437908496 0.45041207107843134 0.009444444444444445 0.007441789215686274
1 0.8547794117647058 0.5275735294117647 0.014297385620915032 0.009191176470588236
1 0.5236928104575164 0.6197916666666666 0.018790849673202614 0.012254901960784314
1 0.8856209150326797 0.46262254901960786 0.011437908496732025 0.007965686274509803
1 0.9920343137254902 0.4912683823529412 0.012663398692810458 0.009497549019607842
1 0.5712826797385621 0.6974571078431373 0.01511437908496732 0.011948529411764705
1 0.31576797385620914 0.5935968137254902 0.018790849673202614 0.012561274509803922
1 0.4765114379084967 0.5644914215686274 0.020016339869281044 0.013174019607843137
1 0.17708333333333334 0.6030943627450981 0.02246732026143791 0.013174019607843137
1 0.17790032679738563 0.6294424019607843 0.026552287581699346 0.015012254901960785
1 0.41605392156862747 0.6456801470588235 0.023284313725490197 0.013786764705882353
1 0.32741013071895425 0.5795036764705882 0.016748366013071895 0.010723039215686275
1 0.5265522875816994 0.6014093137254902 0.02042483660130719 0.012867647058823529
1 0.2465277777777778 0.5105698529411765 0.020016339869281044 0.012561274509803922
1 0.5175653594771242 0.5893075980392157 0.021241830065359478 0.013786764705882353
1 0.8022875816993464 0.5974264705882353 0.016339869281045753 0.012254901960784314
1 0.8602941176470589 0.46231617647058826 0.013888888888888888 0.00857843137254902
1 0.9164624183006536 0.4892769607843137 0.013480392156862746 0.010416666666666666
1 0.20322712418300654 0.5640318627450981 0.024101307189542485 0.015931372549019607
1 0.38439542483660133 0.49433210784313725 0.014705882352941176 0.009497549019607842
1 0.8743872549019608 0.5366115196078431 0.016748366013071895 0.01011029411764706
1 0.19117647058823528 0.5327818627450981 0.018790849673202614 0.012254901960784314
1 0.042483660130718956 0.49800857843137253 0.0196078431372549 0.015012254901960785
1 0.10130718954248366 0.6090686274509803 0.024509803921568627 0.016544117647058824
1 0.21793300653594772 0.5162377450980392 0.020016339869281044 0.012867647058823529
1 0.02287581699346405 0.4802389705882353 0.018790849673202614 0.012561274509803922
1 0.13684640522875818 0.5228247549019608 0.01715686274509804 0.013786764705882353
1 0.7277369281045751 0.5856311274509803 0.020833333333333332 0.013786764705882353
1 0.8837826797385621 0.5045955882352942 0.01919934640522876 0.011029411764705883
1 0.29391339869281047 0.5715379901960784 0.01838235294117647 0.012561274509803922
1 0.9499591503267973 0.5450367647058824 0.017565359477124183 0.010416666666666666
1 0.22406045751633988 0.5517769607843137 0.01838235294117647 0.012254901960784314
1 0.48876633986928103 0.48590686274509803 0.016748366013071895 0.011642156862745098
1 0.33517156862745096 0.49356617647058826 0.013480392156862746 0.009191176470588236
1 0.511437908496732 0.5741421568627451 0.025326797385620915 0.014705882352941176
1 0.9863153594771242 0.609375 0.02246732026143791 0.014093137254901961
1 0.7502042483660131 0.5886948529411765 0.020016339869281044 0.013174019607843137
1 0.9599673202614379 0.5349264705882353 0.018790849673202614 0.011642156862745098
1 0.36151960784313725 0.5113357843137255 0.016339869281045753 0.012254901960784314
1 0.2973856209150327 0.6148897058823529 0.02287581699346405 0.015931372549019607
1 0.20220588235294118 0.5586703431372549 0.02287581699346405 0.014399509803921568
1 0.5386029411764706 0.5837928921568627 0.020016339869281044 0.013786764705882353
1 0.49387254901960786 0.624234068627451 0.021241830065359478 0.014399509803921568
1 0.7395833333333334 0.5173100490196079 0.02246732026143791 0.013786764705882353
1 0.7324346405228758 0.5303308823529411 0.021241830065359478 0.013480392156862746
1 0.3792892156862745 0.6069240196078431 0.020833333333333332 0.014093137254901961
1 0.5816993464052288 0.5912990196078431 0.02287581699346405 0.015318627450980392
1 0.44138071895424835 0.6236213235294118 0.020833333333333332 0.014399509803921568
1 0.22140522875816993 0.6455269607843137 0.02696078431372549 0.01838235294117647
1 0.3805147058823529 0.5942095588235294 0.020833333333333332 0.014399509803921568
1 0.21058006535947713 0.6011029411764706 0.024101307189542485 0.01715686274509804
1 0.48651960784313725 0.5920649509803921 0.024509803921568627 0.01685049019607843
1 0.1517565359477124 0.6534926470588235 0.030637254901960783 0.020833333333333332
1 0.6145833333333334 0.6295955882352942 0.028186274509803922 0.020833333333333332
1 0.24448529411764705 0.6513480392156863 0.026552287581699346 0.018995098039215685
1 0.9344566993464053 0.5069699754901961 0.01352124183006536 0.008425245098039215
1 0.8507291666666666 0.4603875612745098 0.01028186274509804 0.005946691176470589
1 0.8722406045751634 0.46139705882352944 0.009187091503267974 0.006127450980392157
1 0.3237908496732026 0.6106188725490196 0.016862745098039218 0.010453431372549019
1 0.3016421568627451 0.6097717524509804 0.0175 0.009371936274509805
1 0.3253799019607843 0.6038602941176471 0.012687908496732025 0.009191176470588236
1 0.014501633986928105 0.4657046568627451 0.02165032679738562 0.013517156862745097
1 0.3664460784313725 0.4774004289215686 0.0155718954248366 0.00810968137254902
