1 0.27961601307189543 0.6349571078431373 0.01511437908496732 0.01011029411764706
1 0.20506535947712418 0.7886029411764706 0.02287581699346405 0.014705882352941176
1 0.0923202614379085 0.7169117647058824 0.017973856209150325 0.012254901960784314
1 0.23161764705882354 0.7924325980392157 0.021241830065359478 0.013174019607843137
1 0.1409313725490196 0.7009803921568627 0.022058823529411766 0.014093137254901961
1 0.22140522875816993 0.7881433823529411 0.017973856209150325 0.013174019607843137
1 0.20894607843137256 0.6473651960784313 0.01919934640522876 0.012254901960784314
1 0.7308006535947712 0.6708026960784313 0.022058823529411766 0.012561274509803922
1 0.3617238562091503 0.7417279411764706 0.01919934640522876 0.012867647058823529
1 0.16544117647058823 0.7169117647058824 0.02042483660130719 0.013480392156862746
1 0.7761437908496732 0.6767769607843137 0.021241830065359478 0.013480392156862746
1 0.20772058823529413 0.7772671568627451 0.02246732026143791 0.014705882352941176
1 0.2867647058823529 0.7375919117647058 0.02369281045751634 0.016237745098039217
1 0.6774918300653595 0.7265625 0.023284313725490197 0.018075980392156864
1 0.35927287581699346 0.7086397058823529 0.02246732026143791 0.015931372549019607
1 0.5620915032679739 0.7035845588235294 0.025326797385620915 0.018075980392156864
