1 0.397875816993464 0.6786151960784313 0.016339869281045753 0.011642156862745098
1 0.806186683006536 0.742061887254902 0.017602124183006537 0.011697303921568628
1 0.7434640522875817 0.765625 0.017973856209150325 0.011642156862745098
1 0.6266339869281046 0.6544117647058824 0.01715686274509804 0.012867647058823529
1 0.5939542483660131 0.7368259803921569 0.015522875816993464 0.011029411764705883
1 0.8317749183006535 0.6739644607843138 0.014040032679738561 0.008468137254901961
1 0.5106209150326797 0.8246017156862745 0.018790849673202614 0.011948529411764705
1 0.5761846405228758 0.7624080882352942 0.014297385620915032 0.009497549019607842
1 0.21763684640522876 0.7421032475490196 0.016973039215686273 0.011167279411764706
1 0.5464950980392157 0.8228753063725489 0.01619281045751634 0.011559436274509803
1 0.6252042483660131 0.7234987745098039 0.014297385620915032 0.01133578431372549
1 0.6162173202614379 0.9699754901960784 0.03308823529411765 0.02144607843137255
1 0.16482843137254902 0.8074448529411765 0.01838235294117647 0.012561274509803922
1 0.07598039215686274 0.9598651960784313 0.02287581699346405 0.017769607843137254
1 0.6301062091503268 0.7253370098039216 0.013480392156862746 0.01011029411764706
1 0.8427287581699346 0.7607230392156863 0.014705882352941176 0.00980392156862745
1 0.5539419934640523 0.6180790441176471 0.010661764705882353 0.008216911764705882
1 0.6200980392156863 0.7668504901960784 0.014705882352941176 0.009191176470588236
1 0.3188316993464052 0.6908700980392157 0.015931372549019607 0.012867647058823529
1 0.2572794117647059 0.9684022671568627 0.025179738562091502 0.021363357843137257
1 0.24734477124183007 0.6582414215686274 0.014297385620915032 0.008884803921568627
1 0.2391748366013072 0.6746323529411765 0.013480392156862746 0.010416666666666666
1 0.6006944444444444 0.7611825980392157 0.014297385620915032 0.01011029411764706
1 0.44873366013071897 0.7562806372549019 0.014297385620915032 0.010723039215686275
1 0.539828431372549 0.7472426470588235 0.01511437908496732 0.00980392156862745
1 0.4936683006535948 0.7696078431372549 0.01919934640522876 0.012867647058823529
1 0.20241013071895425 0.6865808823529411 0.014297385620915032 0.009191176470588236
1 0.47671568627450983 0.6885723039215687 0.013888888888888888 0.009497549019607842
1 0.8282271241830066 0.6531862745098039 0.01511437908496732 0.00980392156862745
1 0.36499183006535946 0.8754595588235294 0.020016339869281044 0.013786764705882353
1 0.6568627450980392 0.765625 0.013888888888888888 0.009191176470588236
1 0.4609885620915033 0.9016544117647058 0.020016339869281044 0.015318627450980392
1 0.0727124183006536 0.7450980392156863 0.01715686274509804 0.012254901960784314
1 0.3611111111111111 0.7625612745098039 0.0196078431372549 0.012254901960784314
1 0.15236928104575165 0.7084865196078431 0.021241830065359478 0.013786764705882353
1 0.37316176470588236 0.7288602941176471 0.016748366013071895 0.011642156862745098
1 0.4803921568627451 0.7408088235294118 0.015522875816993464 0.011642156862745098
1 0.059027777777777776 0.6951593137254902 0.014297385620915032 0.00980392156862745
1 0.5759803921568627 0.6614583333333334 0.013888888888888888 0.009191176470588236
1 0.179812091503268 0.7711397058823529 0.021388888888888888 0.012867647058823529
1 0.5657679738562091 0.7801776960784313 0.02042483660130719 0.01133578431372549
1 0.6541135620915033 0.8057184436274509 0.016560457516339867 0.011559436274509803
1 0.5089869281045751 0.7288602941176471 0.015522875816993464 0.010416666666666666
1 0.3112745098039216 0.7651654411764706 0.018790849673202614 0.012561274509803922
1 0.7602124183006536 0.9710477941176471 0.021241830065359478 0.01685049019607843
1 0.5506352124183006 0.6145971200980392 0.01303513071895425 0.008606004901960784
1 0.5040849673202614 0.8161764705882353 0.0196078431372549 0.014093137254901961
1 0.6397058823529411 0.7230392156862745 0.015522875816993464 0.012254901960784314
1 0.8341319444444444 0.6778354779411765 0.01548611111111111 0.008857230392156863
1 0.49060457516339867 0.7403492647058824 0.014705882352941176 0.01011029411764706
1 0.4922385620915033 0.6934742647058824 0.01715686274509804 0.01133578431372549
1 0.571078431372549 0.8186274509803921 0.0196078431372549 0.011642156862745098
1 0.6795343137254902 0.7702205882352942 0.016748366013071895 0.010416666666666666
1 0.4409722222222222 0.7809436274509803 0.015931372549019607 0.012254901960784314
1 0.9152369281045751 0.7349877450980392 0.01511437908496732 0.010416666666666666
1 0.5051062091503268 0.7481617647058824 0.01511437908496732 0.011029411764705883
1 0.2255453431372549 0.7121767769607843 0.018901143790849676 0.011976102941176472
1 0.25183823529411764 0.758578431372549 0.020016339869281044 0.013480392156862746
1 0.928921568627451 0.7682291666666666 0.01715686274509804 0.01011029411764706
1 0.5396241830065359 0.71875 0.015522875816993464 0.00980392156862745
1 0.2577614379084967 0.9221813725490197 0.0196078431372549 0.014705882352941176
1 0.5134803921568627 0.8440563725490197 0.021241830065359478 0.014705882352941176
1 0.7741013071895425 0.8318014705882353 0.0196078431372549 0.012867647058823529
1 0.5749591503267973 0.7372855392156863 0.01511437908496732 0.010723039215686275
1 0.2181372549019608 0.6721813725490197 0.013888888888888888 0.010416666666666666
1 0.7103758169934641 0.8995098039215687 0.024509803921568627 0.01838235294117647
1 0.5575980392156863 0.7008272058823529 0.01715686274509804 0.011948529411764705
1 0.5814950980392157 0.7264093137254902 0.020833333333333332 0.011642156862745098
1 0.5751633986928104 0.7879901960784313 0.02042483660130719 0.011642156862745098
1 0.5212418300653595 0.7449448529411765 0.015522875816993464 0.01133578431372549
1 0.5952532679738562 0.7817095588235294 0.023839869281045752 0.01685049019607843
1 0.34048202614379086 0.7239583333333334 0.01511437908496732 0.011029411764705883
1 0.8476307189542484 0.7679227941176471 0.01715686274509804 0.01133578431372549
1 0.8843954248366013 0.9448529411764706 0.026143790849673203 0.017769607843137254
1 0.2020016339869281 0.7345281862745098 0.01919934640522876 0.013174019607843137
1 0.8651960784313726 0.9010416666666666 0.022058823529411766 0.015318627450980392
1 0.6460375816993464 0.7789522058823529 0.016748366013071895 0.01133578431372549
1 0.5990604575163399 0.7936580882352942 0.01919934640522876 0.013786764705882353
1 0.12091503267973856 0.7146139705882353 0.015522875816993464 0.01011029411764706
1 0.29105392156862747 0.7743566176470589 0.01838235294117647 0.012561274509803922
1 0.5077614379084967 0.7094056372549019 0.01715686274509804 0.010723039215686275
1 0.4209558823529412 0.7622549019607843 0.01919934640522876 0.014093137254901961
1 0.22211192810457517 0.6992953431372549 0.01775326797385621 0.01011029411764706
1 0.6168300653594772 0.6907169117647058 0.016339869281045753 0.01133578431372549
1 0.30978962418300654 0.7565870098039216 0.020723039215686273 0.014399509803921568
1 0.41687091503267976 0.8733149509803921 0.020833333333333332 0.014399509803921568
1 0.014297385620915032 0.9215686274509803 0.024509803921568627 0.01715686274509804
1 0.39889705882352944 0.7715992647058824 0.01838235294117647 0.013174019607843137
1 0.3741830065359477 0.7480085784313726 0.02287581699346405 0.015625
1 0.5712826797385621 0.8060661764705882 0.020833333333333332 0.014093137254901961
1 0.49019607843137253 0.7627144607843137 0.017973856209150325 0.010723039215686275
1 0.3502859477124183 0.7541360294117647 0.017565359477124183 0.013786764705882353
1 0.4293300653594771 0.7876838235294118 0.017973856209150325 0.012254901960784314
1 0.6094771241830066 0.7354473039215687 0.016339869281045753 0.012561274509803922
1 0.6280637254901961 0.7022058823529411 0.015931372549019607 0.011642156862745098
1 0.40584150326797386 0.7818627450980392 0.01919934640522876 0.014093137254901961
1 0.8063725490196079 0.7867647058823529 0.017973856209150325 0.012867647058823529
1 0.2800245098039216 0.8138786764705882 0.01838235294117647 0.013786764705882353
1 0.17585784313725492 0.9396446078431373 0.02165032679738562 0.015318627450980392
1 0.5557598039215687 0.764859068627451 0.017565359477124183 0.011948529411764705
1 0.2034313725490196 0.7090992647058824 0.01715686274509804 0.012561274509803922
1 0.8349673202614379 0.9615502450980392 0.025326797385620915 0.018075980392156864
1 0.7536764705882353 0.8267463235294118 0.022058823529411766 0.015625
1 0.3243464052287582 0.7291666666666666 0.017973856209150325 0.014093137254901961
1 0.18035130718954248 0.7907475490196079 0.020016339869281044 0.014705882352941176
1 0.1460375816993464 0.734375 0.020016339869281044 0.013480392156862746
1 0.23651960784313725 0.9280024509803921 0.024509803921568627 0.018995098039215685
1 0.028594771241830064 0.7541360294117647 0.02042483660130719 0.014399509803921568
1 0.02920751633986928 0.6387867647058824 0.01838235294117647 0.011029411764705883
1 0.198937908496732 0.6735600490196079 0.017973856209150325 0.011948529411764705
1 0.860498366013072 0.7432598039215687 0.020016339869281044 0.013480392156862746
1 0.7250816993464052 0.8285845588235294 0.02287581699346405 0.016237745098039217
1 0.21568627450980393 0.757046568627451 0.021241830065359478 0.014093137254901961
1 0.0392156862745098 0.8762254901960784 0.022058823529411766 0.015931372549019607
1 0.020016339869281044 0.7107843137254902 0.018790849673202614 0.013480392156862746
1 0.8572303921568627 0.8403799019607843 0.02246732026143791 0.015931372549019607
1 0.04963235294117647 0.7097120098039216 0.01838235294117647 0.013174019607843137
1 0.5375816993464052 0.7602634803921569 0.02042483660130719 0.013786764705882353
1 0.7847222222222222 0.8020833333333334 0.02287581699346405 0.015931372549019607
1 0.6809640522875817 0.8258272058823529 0.02369281045751634 0.017463235294117647
1 0.34395424836601307 0.7827818627450981 0.021241830065359478 0.015318627450980392
1 0.8122957516339869 0.9056372549019608 0.02246732026143791 0.017769607843137254
1 0.016748366013071895 0.8832720588235294 0.028594771241830064 0.01838235294117647
1 0.22349468954248367 0.7192233455882353 0.014799836601307188 0.008912377450980393
1 0.22120710784313724 0.705297181372549 0.01676062091503268 0.011697303921568628
1 0.5051307189542483 0.7171629901960784 0.019248366013071894 0.013370098039215687
1 0.4763541666666667 0.6992539828431372 0.014799836601307188 0.010027573529411764
1 0.6029309640522875 0.7754564950980393 0.017136437908496734 0.011697303921568628
1 0.36517769607843137 0.754483762254902 0.017120098039215687 0.011418504901960785
