1 0.21609477124183007 0.7510723039215687 0.0196078431372549 0.013174019607843137
1 0.7097630718954249 0.7553615196078431 0.020833333333333332 0.018075980392156864
1 0.5475898692810458 0.8229166666666666 0.027369281045751634 0.02144607843137255
1 0.051879084967320264 0.8818933823529411 0.03676470588235294 0.018075980392156864
1 0.4042075163398693 0.9073223039215687 0.02165032679738562 0.011948529411764705
1 0.4266748366013072 0.9238664215686274 0.02246732026143791 0.015625
1 0.3425245098039216 0.9281556372549019 0.01838235294117647 0.010723039215686275
1 0.2056781045751634 0.9293811274509803 0.02900326797385621 0.021752450980392156
1 0.10825163398692811 0.9381127450980392 0.0196078431372549 0.012254901960784314
1 0.43729575163398693 0.9384191176470589 0.02900326797385621 0.00980392156862745
1 0.3394607843137255 0.9397977941176471 0.026143790849673203 0.01685049019607843
1 0.5306372549019608 0.9404105392156863 0.027777777777777776 0.01685049019607843
1 0.7706290849673203 0.9434742647058824 0.030637254901960783 0.019301470588235295
1 0.8700980392156863 0.9457720588235294 0.017973856209150325 0.012867647058823529
1 0.05269607843137255 0.9500612745098039 0.02369281045751634 0.012254901960784314
1 0.7794117647058824 0.9595588235294118 0.0457516339869281 0.029411764705882353
1 0.696078431372549 0.9618566176470589 0.03839869281045752 0.03462009803921569
1 0.5232843137254902 0.9629289215686274 0.0196078431372549 0.011642156862745098
1 0.02185457516339869 0.9800857843137255 0.01919934640522876 0.012867647058823529
1 0.5320669934640523 0.9888174019607843 0.01511437908496732 0.011948529411764705
