1 0.1090686274509804 0.8720894607843137 0.0196078431372549 0.013786764705882353
1 0.7066993464052288 0.6600796568627451 0.01715686274509804 0.012561274509803922
1 0.4490747549019608 0.6524969362745098 0.019064542483660133 0.01332720588235294
1 0.010620915032679739 0.6715686274509803 0.013071895424836602 0.009191176470588236
1 0.2963643790849673 0.671875 0.01838235294117647 0.012254901960784314
1 0.06076388888888889 0.6580882352941176 0.015318627450980392 0.00857843137254902
1 0.18116830065359477 0.6464460784313726 0.020016339869281044 0.011029411764705883
1 0.013276143790849673 0.6288296568627451 0.017565359477124183 0.010723039215686275
1 0.07965686274509803 0.6458333333333334 0.015522875816993464 0.010416666666666666
1 0.10130718954248366 0.6220894607843137 0.014705882352941176 0.009497549019607842
1 0.0742095588235294 0.657578125 0.018517156862745097 0.011234681372549021
1 0.6913807189542484 0.6334252450980392 0.02165032679738562 0.015625
1 0.03370098039215686 0.6580882352941176 0.01511437908496732 0.011029411764705883
1 0.4397467320261438 0.6832107843137255 0.02165032679738562 0.014705882352941176
1 0.6015114379084967 0.6695772058823529 0.01919934640522876 0.014399509803921568
1 0.5837418300653595 0.6449142156862745 0.021241830065359478 0.015931372549019607
1 0.1039624183006536 0.7006740196078431 0.020016339869281044 0.012254901960784314
