1 0.71875 0.3869485294117647 0.016748366013071895 0.006740196078431373
1 0.6985294117647058 0.3872549019607843 0.014705882352941176 0.00980392156862745
1 0.821078431372549 0.39139093137254904 0.026143790849673203 0.01685049019607843
1 0.5433006535947712 0.3952205882352941 0.0196078431372549 0.012867647058823529
1 0.5841503267973857 0.4100796568627451 0.018790849673202614 0.01133578431372549
1 0.8837826797385621 0.4102328431372549 0.020833333333333332 0.013480392156862746
1 0.13991013071895425 0.4117647058823529 0.02246732026143791 0.014093137254901961
1 0.031862745098039214 0.4128370098039216 0.01715686274509804 0.012561274509803922
1 0.16156045751633988 0.4430147058823529 0.030637254901960783 0.015931372549019607
1 0.10049019607843138 0.44699754901960786 0.028594771241830064 0.0196078431372549
1 0.011437908496732025 0.5013786764705882 0.021241830065359478 0.01991421568627451
1 0.11417483660130719 0.5091911764705882 0.02900326797385621 0.020833333333333332
1 0.005718954248366013 0.5347732843137255 0.010620915032679739 0.022365196078431373
1 0.9765114379084967 0.5428921568627451 0.017565359477124183 0.014705882352941176
1 0.9609885620915033 0.5454963235294118 0.015931372549019607 0.01133578431372549
