1 0.4714052287581699 0.7509191176470589 0.014705882352941176 0.00980392156862745
1 0.9644607843137255 0.7222732843137255 0.018790849673202614 0.01133578431372549
1 0.010416666666666666 0.6256127450980392 0.015931372549019607 0.011029411764705883
1 0.024918300653594773 0.7348345588235294 0.021241830065359478 0.011948529411764705
1 0.12336601307189543 0.6636029411764706 0.014705882352941176 0.010416666666666666
1 0.40522875816993464 0.6533394607843137 0.014705882352941176 0.008884803921568627
1 0.8694852941176471 0.7939644607843137 0.01838235294117647 0.011948529411764705
1 0.14256535947712418 0.6542585784313726 0.013888888888888888 0.008272058823529412
1 0.18586601307189543 0.6830575980392157 0.017973856209150325 0.010723039215686275
1 0.9160539215686274 0.8849571078431373 0.02900326797385621 0.020526960784313725
1 0.05494281045751634 0.8354779411764706 0.028186274509803922 0.015931372549019607
1 0.6388888888888888 0.6654411764705882 0.013888888888888888 0.00980392156862745
1 0.8412990196078431 0.6780024509803921 0.02165032679738562 0.014093137254901961
1 0.47794117647058826 0.7000612745098039 0.016339869281045753 0.011642156862745098
1 0.5228758169934641 0.6479779411764706 0.012254901960784314 0.009191176470588236
1 0.8086192810457516 0.7971813725490197 0.023284313725490197 0.014705882352941176
1 0.5392156862745098 0.6475183823529411 0.012254901960784314 0.008884803921568627
1 0.6948529411764706 0.6478247549019608 0.015522875816993464 0.010723039215686275
1 0.9479166666666666 0.7123161764705882 0.017565359477124183 0.010416666666666666
1 0.7673611111111112 0.7685355392156863 0.020833333333333332 0.013786764705882353
1 0.13255718954248366 0.7025122549019608 0.01511437908496732 0.00980392156862745
1 0.8578431372549019 0.7575061274509803 0.021241830065359478 0.015625
1 0.9953022875816994 0.6076899509803921 0.009395424836601307 0.013786764705882353
1 0.8837826797385621 0.6757046568627451 0.015931372549019607 0.01133578431372549
1 0.829248366013072 0.7601102941176471 0.016339869281045753 0.012254901960784314
1 0.9501633986928104 0.7532169117647058 0.02287581699346405 0.015625
1 0.037377450980392156 0.6511948529411765 0.015931372549019607 0.01011029411764706
1 0.13174019607843138 0.6821384803921569 0.015931372549019607 0.01011029411764706
1 0.7575571895424836 0.8036151960784313 0.01838235294117647 0.011642156862745098
1 0.9051368464052288 0.789828431372549 0.020241013071895422 0.014705882352941176
1 0.26491013071895425 0.7098651960784313 0.017565359477124183 0.011642156862745098
1 0.8257761437908496 0.7772671568627451 0.016748366013071895 0.011642156862745098
1 0.1068218954248366 0.6389399509803921 0.013480392156862746 0.008884803921568627
1 0.7624591503267973 0.7945772058823529 0.01919934640522876 0.013174019607843137
1 0.05800653594771242 0.6565563725490197 0.013888888888888888 0.009191176470588236
1 0.9407679738562091 0.6983762254901961 0.018790849673202614 0.010723039215686275
1 0.4438316993464052 0.7493872549019608 0.015931372549019607 0.011642156862745098
1 0.8637663398692811 0.8160232843137255 0.02246732026143791 0.014399509803921568
1 0.3684640522875817 0.6531862745098039 0.014705882352941176 0.00980392156862745
1 0.09293300653594772 0.6311274509803921 0.01511437908496732 0.009191176470588236
1 0.8090277777777778 0.6881127450980392 0.01838235294117647 0.011642156862745098
1 0.6254084967320261 0.6709558823529411 0.01715686274509804 0.011642156862745098
1 0.040236928104575166 0.6822916666666666 0.017565359477124183 0.010416666666666666
1 0.6723856209150327 0.678921568627451 0.017973856209150325 0.011642156862745098
1 0.6378676470588235 0.6816789215686274 0.01511437908496732 0.010416666666666666
1 0.5776143790849673 0.6662071078431373 0.016339869281045753 0.01133578431372549
1 0.1781045751633987 0.6796875 0.016339869281045753 0.010723039215686275
1 0.35804738562091504 0.6623774509803921 0.014297385620915032 0.009191176470588236
1 0.440359477124183 0.6812193627450981 0.013888888888888888 0.01011029411764706
1 0.7375408496732027 0.6852022058823529 0.015931372549019607 0.01133578431372549
1 0.18872549019607843 0.6862745098039216 0.015522875816993464 0.010416666666666666
1 0.809640522875817 0.7853860294117647 0.024509803921568627 0.015625
1 0.44076797385620914 0.6568627450980392 0.016339869281045753 0.012867647058823529
1 0.4272875816993464 0.6629901960784313 0.01715686274509804 0.010416666666666666
1 0.983251633986928 0.7087928921568627 0.02696078431372549 0.016237745098039217
1 0.17422385620915032 0.7575061274509803 0.023284313725490197 0.015012254901960785
1 0.2661356209150327 0.8849571078431373 0.025735294117647058 0.01685049019607843
1 0.046772875816993464 0.6940870098039216 0.01838235294117647 0.011948529411764705
1 0.05698529411764706 0.6732536764705882 0.01511437908496732 0.01133578431372549
1 0.2992238562091503 0.6478247549019608 0.017565359477124183 0.011948529411764705
1 0.8878676470588235 0.772671568627451 0.0298202614379085 0.02022058823529412
1 0.16809640522875818 0.7136948529411765 0.017565359477124183 0.012561274509803922
1 0.9193218954248366 0.7444852941176471 0.025735294117647058 0.017769607843137254
1 0.8776552287581699 0.7054227941176471 0.02165032679738562 0.015012254901960785
1 0.15870098039215685 0.6691176470588235 0.01919934640522876 0.014093137254901961
1 0.3756127450980392 0.6740196078431373 0.01838235294117647 0.011642156862745098
1 0.9154411764705882 0.717984068627451 0.0196078431372549 0.014399509803921568
1 0.9748774509803921 0.774203431372549 0.020016339869281044 0.016544117647058824
1 0.7963643790849673 0.6924019607843137 0.01919934640522876 0.013480392156862746
1 0.6109068627450981 0.7095588235294118 0.020833333333333332 0.013480392156862746
1 0.9769199346405228 0.8072916666666666 0.026552287581699346 0.017769607843137254
1 0.3506944444444444 0.7408088235294118 0.028186274509803922 0.01715686274509804
1 0.24040032679738563 0.8140318627450981 0.028186274509803922 0.02022058823529412
