1 0.9926470588235294 0.6003370098039216 0.013071895424836602 0.01011029411764706
1 0.005718954248366013 0.6341911764705882 0.011437908496732025 0.013480392156862746
1 0.9944852941176471 0.6277573529411765 0.011029411764705883 0.012867647058823529
1 0.9448529411764706 0.5749080882352942 0.016339869281045753 0.010723039215686275
1 0.9115604575163399 0.6119791666666666 0.015931372549019607 0.01133578431372549
1 0.4054330065359477 0.6706495098039216 0.017565359477124183 0.011642156862745098
1 0.9395424836601307 0.5994178921568627 0.017973856209150325 0.01011029411764706
1 0.14705882352941177 0.6924019607843137 0.018790849673202614 0.011642156862745098
1 0.19566993464052287 0.6314338235294118 0.01715686274509804 0.011029411764705883
1 0.9920343137254902 0.5693933823529411 0.01511437908496732 0.013174019607843137
1 0.9387254901960784 0.6380208333333334 0.014705882352941176 0.01011029411764706
1 0.14583333333333334 0.6727941176470589 0.017973856209150325 0.012254901960784314
1 0.05004084967320262 0.6387867647058824 0.01919934640522876 0.012254901960784314
1 0.1999591503267974 0.7316176470588235 0.02246732026143791 0.015931372549019607
1 0.9375 0.6107536764705882 0.01715686274509804 0.01133578431372549
1 0.011437908496732025 0.780484068627451 0.021241830065359478 0.01685049019607843
1 0.09129901960784313 0.7143075980392157 0.01838235294117647 0.013786764705882353
1 0.07495915032679738 0.7121629901960784 0.02165032679738562 0.015625
