1 0.9709967320261438 0.6631433823529411 0.015522875816993464 0.01133578431372549
1 0.9291258169934641 0.6836703431372549 0.024101307189542485 0.015012254901960785
1 0.8141339869281046 0.8550857843137255 0.02696078431372549 0.01715686274509804
1 0.6440972222222222 0.7959941789215687 0.027573529411764705 0.02029718137254902
1 0.9861111111111112 0.7002144607843137 0.027777777777777776 0.022365196078431373
1 0.7397875816993464 0.671875 0.024509803921568627 0.01838235294117647
1 0.6319444444444444 0.7772671568627451 0.02696078431372549 0.01838235294117647
1 0.6948529411764706 0.8062193627450981 0.03349673202614379 0.02297794117647059
1 0.7091503267973857 0.7075674019607843 0.02287581699346405 0.015625
1 0.5684232026143791 0.8720894607843137 0.023284313725490197 0.018075980392156864
1 0.19301470588235295 0.7268688725490197 0.03227124183006536 0.02297794117647059
1 0.8519199346405228 0.8255208333333334 0.03880718954248366 0.02665441176470588
1 0.3319035947712418 0.7636335784313726 0.026552287581699346 0.019301470588235295
1 0.7238562091503268 0.8172487745098039 0.04411764705882353 0.030330882352941176
1 0.889297385620915 0.8285845588235294 0.04003267973856209 0.03155637254901961
1 0.8709150326797386 0.796109068627451 0.042483660130718956 0.027879901960784315
