1 0.4599673202614379 0.7034313725490197 0.018790849673202614 0.012254901960784314
1 0.6256127450980392 0.5779718137254902 0.014297385620915032 0.008884803921568627
1 0.6550245098039216 0.6848958333333334 0.01919934640522876 0.012561274509803922
1 0.9279003267973857 0.5897671568627451 0.01919934640522876 0.011642156862745098
1 0.616421568627451 0.6060049019607843 0.01715686274509804 0.011642156862745098
1 0.42769607843137253 0.5908394607843137 0.014705882352941176 0.008884803921568627
1 0.8188316993464052 0.5609681372549019 0.020833333333333332 0.013480392156862746
1 0.5959967320261438 0.7869178921568627 0.0196078431372549 0.014399509803921568
1 0.46548202614379086 0.6004901960784313 0.013480392156862746 0.00980392156862745
1 0.28921568627450983 0.594515931372549 0.014705882352941176 0.01011029411764706
1 0.7569444444444444 0.5954350490196079 0.02287581699346405 0.015625
1 0.46711601307189543 0.586703431372549 0.013480392156862746 0.009191176470588236
1 0.3396650326797386 0.6220894607843137 0.01511437908496732 0.01133578431372549
1 0.4528186274509804 0.5986519607843137 0.013480392156862746 0.00980392156862745
1 0.43729575163398693 0.7941176470588235 0.01919934640522876 0.014705882352941176
1 0.45322712418300654 0.7859987745098039 0.02246732026143791 0.01685049019607843
1 0.2883986928104575 0.6603860294117647 0.016339869281045753 0.013174019607843137
1 0.6764705882352942 0.7766544117647058 0.029411764705882353 0.022058823529411766
1 0.8332393790849673 0.5632306985294118 0.01860294117647059 0.012490808823529412
1 0.2825020424836602 0.5846997549019608 0.011899509803921569 0.008247549019607843
1 0.015531045751633984 0.6137117034313725 0.016356209150326796 0.00989889705882353
1 0.043909313725490194 0.7220971200980393 0.019191176470588232 0.013434436274509805
