1 0.272875816993464 0.5839460784313726 0.018790849673202614 0.013480392156862746
1 0.29554738562091504 0.5912990196078431 0.015931372549019607 0.009191176470588236
1 0.4158496732026144 0.5946691176470589 0.021241830065359478 0.012254901960784314
1 0.4011437908496732 0.6001838235294118 0.016339869281045753 0.011642156862745098
1 0.18831699346405228 0.6064644607843137 0.016339869281045753 0.01133578431372549
1 0.1607434640522876 0.608609068627451 0.014297385620915032 0.008272058823529412
1 0.17626633986928106 0.6095281862745098 0.01838235294117647 0.011948529411764705
1 0.21037581699346405 0.6096813725490197 0.015522875816993464 0.009191176470588236
1 0.1983251633986928 0.6113664215686274 0.010212418300653595 0.007659313725490196
1 0.40012254901960786 0.6124387254901961 0.020016339869281044 0.012254901960784314
1 0.22446895424836602 0.6136642156862745 0.013480392156862746 0.009191176470588236
1 0.31842320261437906 0.6145833333333334 0.020833333333333332 0.012254901960784314
1 0.4285130718954248 0.6170343137254902 0.010620915032679739 0.007352941176470588
1 0.38643790849673204 0.6178002450980392 0.015522875816993464 0.01011029411764706
1 0.16605392156862744 0.6274509803921569 0.014297385620915032 0.00980392156862745
1 0.28860294117647056 0.6323529411764706 0.013480392156862746 0.009191176470588236
1 0.2332516339869281 0.6329656862745098 0.015522875816993464 0.009191176470588236
1 0.34558823529411764 0.6496629901960784 0.02042483660130719 0.008884803921568627
1 0.32598039215686275 0.6507352941176471 0.01715686274509804 0.007352941176470588
1 0.4068627450980392 0.6597732843137255 0.02042483660130719 0.011948529411764705
1 0.22937091503267973 0.6847426470588235 0.017565359477124183 0.015931372549019607
1 0.04084967320261438 0.6856617647058824 0.03594771241830065 0.02144607843137255
1 0.3161764705882353 0.6959252450980392 0.021241830065359478 0.012561274509803922
1 0.5751633986928104 0.6982230392156863 0.022058823529411766 0.012867647058823529
1 0.8719362745098039 0.7121629901960784 0.026552287581699346 0.013786764705882353
1 0.3672385620915033 0.7170649509803921 0.02042483660130719 0.015625
1 0.35355392156862747 0.7231924019607843 0.01919934640522876 0.01011029411764706
1 0.3533496732026144 0.7368259803921569 0.021241830065359478 0.011642156862745098
1 0.4209558823529412 0.7535232843137255 0.024101307189542485 0.014399509803921568
1 0.9824346405228758 0.7703737745098039 0.028594771241830064 0.018075980392156864
1 0.4730392156862745 0.7743566176470589 0.024509803921568627 0.017463235294117647
1 0.48366013071895425 0.7806372549019608 0.01715686274509804 0.012254901960784314
1 0.6008986928104575 0.7985600490196079 0.025326797385620915 0.01685049019607843
1 0.2763480392156863 0.8121936274509803 0.024101307189542485 0.01715686274509804
1 0.6642156862745098 0.8212316176470589 0.022058823529411766 0.016237745098039217
1 0.35171568627450983 0.8486519607843137 0.02287581699346405 0.01838235294117647
1 0.7918709150326797 0.8912377450980392 0.027369281045751634 0.0196078431372549
1 0.015727124183006536 0.9016544117647058 0.030637254901960783 0.023284313725490197
1 0.7618464052287581 0.9175857843137255 0.02696078431372549 0.016544117647058824
1 0.43280228758169936 0.9234068627450981 0.0298202614379085 0.023284313725490197
1 0.4170751633986928 0.9306066176470589 0.024509803921568627 0.018688725490196078
1 0.14991830065359477 0.9375 0.03758169934640523 0.02696078431372549
1 0.4724264705882353 0.9388786764705882 0.030637254901960783 0.02297794117647059
1 0.4381127450980392 0.9419424019607843 0.027369281045751634 0.015012254901960785
1 0.5147058823529411 0.9465379901960784 0.0392156862745098 0.020526960784313725
1 0.5486111111111112 0.9719669117647058 0.027777777777777776 0.022365196078431373
1 0.6176470588235294 0.9725796568627451 0.041666666666666664 0.020526960784313725
1 0.5788398692810458 0.9753370098039216 0.03104575163398693 0.021139705882352942
1 0.6015114379084967 0.9905024509803921 0.03227124183006536 0.018995098039215685
