1 0.09436274509803921 0.6495098039215687 0.012254901960784314 0.009191176470588236
1 0.09048202614379085 0.797640931372549 0.01838235294117647 0.01133578431372549
1 0.11962214052287581 0.6795848651960784 0.01702205882352941 0.010517769607843137
1 0.08272058823529412 0.6504289215686274 0.01511437908496732 0.010416666666666666
1 0.018586601307189542 0.7711397058823529 0.015931372549019607 0.012254901960784314
1 0.8417075163398693 0.7290134803921569 0.016748366013071895 0.012561274509803922
1 0.18423202614379086 0.6769301470588235 0.013888888888888888 0.008272058823529412
1 0.8333333333333334 0.7087928921568627 0.016339869281045753 0.01133578431372549
1 0.9066584967320261 0.6591605392156863 0.015931372549019607 0.01011029411764706
1 0.9928513071895425 0.90625 0.013480392156862746 0.022058823529411766
1 0.14256535947712418 0.6384803921568627 0.011437908496732025 0.007965686274509803
1 0.058619281045751634 0.8390012254901961 0.024101307189542485 0.016237745098039217
1 0.8950163398692811 0.6747855392156863 0.016339869281045753 0.01011029411764706
1 0.7593954248366013 0.7700674019607843 0.0196078431372549 0.013786764705882353
1 0.8711192810457516 0.7516850490196079 0.02165032679738562 0.015012254901960785
1 0.8921568627450981 0.6838235294117647 0.017973856209150325 0.012254901960784314
1 0.8472222222222222 0.8768382352941176 0.022058823529411766 0.014705882352941176
1 0.24305555555555555 0.6723345588235294 0.015522875816993464 0.01133578431372549
1 0.6329656862745098 0.8783700980392157 0.01919934640522876 0.014093137254901961
1 0.45608660130718953 0.8918504901960784 0.028186274509803922 0.0196078431372549
1 0.23835784313725492 0.8414522058823529 0.024101307189542485 0.015625
1 0.38909313725490197 0.6654411764705882 0.015931372549019607 0.011642156862745098
1 0.630718954248366 0.8385416666666666 0.027777777777777776 0.01838235294117647
1 0.04779411764705882 0.8102022058823529 0.022058823529411766 0.015012254901960785
1 0.07516339869281045 0.8727022058823529 0.021241830065359478 0.015012254901960785
1 0.8688725490196079 0.8357843137254902 0.022058823529411766 0.014705882352941176
1 0.049223856209150325 0.8699448529411765 0.023284313725490197 0.015625
1 0.11866830065359477 0.7282475490196079 0.016748366013071895 0.011642156862745098
1 0.1548202614379085 0.7711397058823529 0.017973856209150325 0.012254901960784314
1 0.13214869281045752 0.7359068627450981 0.017565359477124183 0.012254901960784314
1 0.03145424836601307 0.7746629901960784 0.02042483660130719 0.013786764705882353
1 0.037377450980392156 0.7158394607843137 0.016748366013071895 0.01133578431372549
1 0.230187908496732 0.8334865196078431 0.020833333333333332 0.013786764705882353
1 0.8923611111111112 0.7521446078431373 0.024101307189542485 0.01715686274509804
1 0.4950980392156863 0.9895833333333334 0.028594771241830064 0.0196078431372549
1 0.9934109477124182 0.7216099877450981 0.012965686274509803 0.010621936274509804
