1 0.8143382352941176 0.7029718137254902 0.020833333333333332 0.01133578431372549
1 0.9011437908496732 0.7395833333333334 0.022058823529411766 0.013480392156862746
1 0.6852532679738562 0.7529105392156863 0.020833333333333332 0.011948529411764705
1 0.13541666666666666 0.7086397058823529 0.015931372549019607 0.011029411764705883
1 0.25388071895424835 0.7386642156862745 0.020833333333333332 0.012867647058823529
1 0.08190359477124183 0.8924632352941176 0.02165032679738562 0.014093137254901961
1 0.6870915032679739 0.7118566176470589 0.01715686274509804 0.011948529411764705
1 0.443218954248366 0.7333026960784313 0.01715686274509804 0.01133578431372549
1 0.8845996732026143 0.7354473039215687 0.017565359477124183 0.012561274509803922
1 0.3545751633986928 0.7072610294117647 0.01715686274509804 0.01133578431372549
1 0.23794934640522875 0.6844362745098039 0.017565359477124183 0.011642156862745098
1 0.4368872549019608 0.610140931372549 0.01511437908496732 0.010723039215686275
1 0.3756127450980392 0.6649816176470589 0.01511437908496732 0.010723039215686275
1 0.477124183006536 0.7113970588235294 0.017973856209150325 0.012867647058823529
1 0.9468954248366013 0.6907169117647058 0.0196078431372549 0.013174019607843137
1 0.25796568627450983 0.7840073529411765 0.01919934640522876 0.014093137254901961
1 0.6127450980392157 0.7552083333333334 0.01715686274509804 0.011642156862745098
1 0.48794934640522875 0.7463235294117647 0.017565359477124183 0.012867647058823529
1 0.3527369281045752 0.7757352941176471 0.020833333333333332 0.014705882352941176
1 0.247140522875817 0.7441789215686274 0.024509803921568627 0.015318627450980392
1 0.15236928104575165 0.7772671568627451 0.021241830065359478 0.013480392156862746
1 0.7659313725490197 0.928921568627451 0.02696078431372549 0.01838235294117647
1 0.009191176470588236 0.7711397058823529 0.017565359477124183 0.014705882352941176
1 0.1338296568627451 0.6336014093137254 0.016842320261437907 0.010462622549019607
1 0.7861519607843137 0.9195772058823529 0.027369281045751634 0.017463235294117647
1 0.7943218954248366 0.6911764705882353 0.015931372549019607 0.011642156862745098
1 0.4325980392156863 0.7441789215686274 0.021241830065359478 0.014093137254901961
1 0.06801470588235294 0.7496936274509803 0.023284313725490197 0.015931372549019607
1 0.8308823529411765 0.6939338235294118 0.0196078431372549 0.011642156862745098
1 0.35804738562091504 0.7288602941176471 0.016748366013071895 0.012254901960784314
1 0.8799019607843137 0.7515318627450981 0.015522875816993464 0.012254901960784314
1 0.8690767973856209 0.7647058823529411 0.01919934640522876 0.012867647058823529
1 0.2849264705882353 0.8713235294117647 0.024101307189542485 0.015931372549019607
1 0.06652165032679738 0.6156908700980392 0.017847222222222223 0.01263174019607843
1 0.4375 0.6910232843137255 0.017973856209150325 0.012561274509803922
1 0.846609477124183 0.7503063725490197 0.01838235294117647 0.014705882352941176
1 0.7714460784313726 0.7127757352941176 0.016748366013071895 0.012561274509803922
1 0.18075980392156862 0.8498774509803921 0.024101307189542485 0.020833333333333332
1 0.2665441176470588 0.8097426470588235 0.023284313725490197 0.016544117647058824
1 0.15053104575163398 0.9906556372549019 0.03799019607843137 0.018688725490196078
1 0.6062091503267973 0.7991727941176471 0.0196078431372549 0.013786764705882353
1 0.4993872549019608 0.7689950980392157 0.02165032679738562 0.015931372549019607
1 0.18974673202614378 0.7757352941176471 0.020016339869281044 0.013480392156862746
1 0.7828839869281046 0.9022671568627451 0.026552287581699346 0.017769607843137254
1 0.7681781045751634 0.7446384803921569 0.01919934640522876 0.014399509803921568
1 0.4297385620915033 0.7196691176470589 0.01715686274509804 0.011642156862745098
1 0.43014705882352944 0.7830882352941176 0.0196078431372549 0.015318627450980392
1 0.39133986928104575 0.7818627450980392 0.021241830065359478 0.015318627450980392
1 0.5974264705882353 0.7447916666666666 0.020016339869281044 0.016544117647058824
1 0.08762254901960784 0.7637867647058824 0.024101307189542485 0.016544117647058824
1 0.44873366013071897 0.8074448529411765 0.023284313725490197 0.01685049019607843
1 0.6985294117647058 0.9387254901960784 0.03022875816993464 0.024509803921568627
1 0.3958333333333333 0.9122242647058824 0.029411764705882353 0.021752450980392156
1 0.7387663398692811 0.9696691176470589 0.027369281045751634 0.02022058823529412
1 0.306781045751634 0.7055759803921569 0.02287581699346405 0.01715686274509804
1 0.37888071895424835 0.936734068627451 0.030637254901960783 0.02542892156862745
1 0.974468954248366 0.7375919117647058 0.03145424836601307 0.022365196078431373
1 0.7446895424836601 0.8135723039215687 0.026143790849673203 0.019301470588235295
1 0.16472630718954248 0.6352052696078431 0.014093137254901961 0.007542892156862746
1 0.44453022875816994 0.604874387254902 0.01406045751633987 0.007542892156862746
1 0.37135212418300656 0.5909451593137255 0.013129084967320261 0.008483455882352942
