1 0.6305147058823529 0.633578431372549 0.015931372549019607 0.011029411764705883
1 0.5955882352941176 0.6246936274509803 0.014705882352941176 0.00980392156862745
1 0.24080882352941177 0.7654718137254902 0.015931372549019607 0.01133578431372549
1 0.4305555555555556 0.6447610294117647 0.013071895424836602 0.008884803921568627
1 0.7107843137254902 0.6835171568627451 0.02042483660130719 0.012254901960784314
1 0.6147875816993464 0.6294424019607843 0.014705882352941176 0.010723039215686275
1 0.4483251633986928 0.6099877450980392 0.01511437908496732 0.011029411764705883
1 0.21609477124183007 0.6527267156862745 0.018790849673202614 0.011948529411764705
1 0.6915849673202614 0.6251531862745098 0.016339869281045753 0.010723039215686275
1 0.6462418300653595 0.7576593137254902 0.018790849673202614 0.011642156862745098
1 0.8296568627450981 0.8782169117647058 0.02369281045751634 0.015012254901960785
1 0.3270016339869281 0.7401960784313726 0.017565359477124183 0.012254901960784314
1 0.4820261437908497 0.7547487745098039 0.01715686274509804 0.010723039215686275
1 0.18525326797385622 0.7173713235294118 0.017565359477124183 0.013786764705882353
1 0.22263071895424835 0.7242647058823529 0.015522875816993464 0.012254901960784314
1 0.5627042483660131 0.6888786764705882 0.017565359477124183 0.013174019607843137
1 0.2927900326797386 0.6370450367647059 0.01613562091503268 0.01060968137254902
1 0.44219771241830064 0.7475490196078431 0.020016339869281044 0.012867647058823529
1 0.23733660130718953 0.6891850490196079 0.0196078431372549 0.013786764705882353
1 0.15379901960784315 0.6560968137254902 0.01838235294117647 0.012561274509803922
1 0.2261029411764706 0.7611825980392157 0.017565359477124183 0.012561274509803922
1 0.5153186274509803 0.7057291666666666 0.024101307189542485 0.01685049019607843
1 0.22651143790849673 0.7064950980392157 0.01919934640522876 0.012867647058823529
1 0.7228349673202614 0.7484681372549019 0.024101307189542485 0.015318627450980392
1 0.23508986928104575 0.7547487745098039 0.01919934640522876 0.013786764705882353
1 0.27675653594771243 0.766390931372549 0.020016339869281044 0.014399509803921568
1 0.6074346405228758 0.6649816176470589 0.02042483660130719 0.015012254901960785
1 0.42483660130718953 0.8878676470588235 0.024509803921568627 0.02022058823529412
1 0.3966503267973856 0.8897058823529411 0.026143790849673203 0.018995098039215685
1 0.4013480392156863 0.6917892156862745 0.020833333333333332 0.014705882352941176
1 0.5761846405228758 0.7795649509803921 0.023284313725490197 0.01685049019607843
1 0.19178921568627452 0.7489276960784313 0.020833333333333332 0.015625
1 0.3016687091503268 0.6343443627450981 0.015102124183006535 0.007659313725490196
