1 0.7491830065359477 0.625 0.015522875816993464 0.010416666666666666
1 0.8909313725490197 0.6495098039215687 0.011437908496732025 0.007965686274509803
1 0.7495915032679739 0.6533394607843137 0.00980392156862745 0.01133578431372549
1 0.8539624183006536 0.6559436274509803 0.013480392156862746 0.010416666666666666
1 0.7587826797385621 0.6593137254901961 0.015931372549019607 0.013480392156862746
1 0.5686274509803921 0.6603860294117647 0.013071895424836602 0.01011029411764706
1 0.8029003267973857 0.6603860294117647 0.012663398692810458 0.008272058823529412
1 0.9818218954248366 0.6617647058823529 0.011029411764705883 0.00857843137254902
1 0.960171568627451 0.6697303921568627 0.017565359477124183 0.010416666666666666
1 0.8051470588235294 0.6747855392156863 0.013071895424836602 0.008272058823529412
1 0.8376225490196079 0.6776960784313726 0.01184640522875817 0.00857843137254902
1 0.8194444444444444 0.6786151960784313 0.013071895424836602 0.00857843137254902
1 0.8843954248366013 0.6858149509803921 0.015522875816993464 0.010723039215686275
1 0.9321895424836601 0.6859681372549019 0.014705882352941176 0.009191176470588236
1 0.997140522875817 0.6865808823529411 0.005718954248366013 0.006740196078431373
1 0.9528186274509803 0.6871936274509803 0.014297385620915032 0.009191176470588236
1 0.8513071895424836 0.7000612745098039 0.012254901960784314 0.011642156862745098
1 0.815359477124183 0.7089460784313726 0.017973856209150325 0.014705882352941176
1 0.7457107843137255 0.7150735294117647 0.013480392156862746 0.00980392156862745
1 0.8639705882352942 0.7175245098039216 0.014705882352941176 0.012254901960784314
1 0.7071078431372549 0.7199754901960784 0.012254901960784314 0.00980392156862745
1 0.9040032679738562 0.7199754901960784 0.013071895424836602 0.010416666666666666
1 0.6717728758169934 0.7265625 0.02165032679738562 0.017463235294117647
1 0.7453022875816994 0.7296262254901961 0.011029411764705883 0.009497549019607842
1 0.9846813725490197 0.7345281862745098 0.01511437908496732 0.01133578431372549
1 0.9648692810457516 0.7417279411764706 0.011437908496732025 0.00980392156862745
1 0.9808006535947712 0.7450980392156863 0.013071895424836602 0.011642156862745098
1 0.7050653594771242 0.7489276960784313 0.012254901960784314 0.011948529411764705
1 0.7792075163398693 0.7522977941176471 0.01511437908496732 0.013174019607843137
1 0.9470996732026143 0.7651654411764706 0.012663398692810458 0.0070465686274509805
1 0.9197303921568627 0.7660845588235294 0.014297385620915032 0.007659313725490196
1 0.9377042483660131 0.7732843137254902 0.01511437908496732 0.013480392156862746
1 0.7052696078431373 0.8112745098039216 0.015931372549019607 0.015318627450980392
1 0.9334150326797386 0.8238357843137255 0.013888888888888888 0.011642156862745098
1 0.8488562091503268 0.8497242647058824 0.02287581699346405 0.01685049019607843
1 0.9605800653594772 0.8527879901960784 0.017565359477124183 0.014399509803921568
1 0.13848039215686275 0.8622855392156863 0.029411764705882353 0.014399509803921568
