1 0.7718545751633987 0.6263786764705882 0.014297385620915032 0.007659313725490196
1 0.12152777777777778 0.6312806372549019 0.013480392156862746 0.008884803921568627
1 0.7387663398692811 0.6410845588235294 0.012663398692810458 0.011948529411764705
1 0.8159722222222222 0.6462928921568627 0.017565359477124183 0.008272058823529412
1 0.8588643790849673 0.6479779411764706 0.015931372549019607 0.007965686274509803
1 0.099468954248366 0.6637561274509803 0.01511437908496732 0.007659313725490196
1 0.19301470588235295 0.6678921568627451 0.01838235294117647 0.010416666666666666
1 0.9893790849673203 0.6701899509803921 0.021241830065359478 0.01133578431372549
1 0.10477941176470588 0.6720281862745098 0.015931372549019607 0.008884803921568627
1 0.7808415032679739 0.6724877450980392 0.020016339869281044 0.012254901960784314
1 0.07802287581699346 0.6787683823529411 0.021241830065359478 0.01011029411764706
1 0.03329248366013072 0.6873468137254902 0.01919934640522876 0.008884803921568627
1 0.2193627450980392 0.7113970588235294 0.017973856209150325 0.012254901960784314
1 0.17544934640522875 0.7140012254901961 0.020833333333333332 0.011948529411764705
1 0.06719771241830065 0.7294730392156863 0.020016339869281044 0.014705882352941176
1 0.12193627450980392 0.7800245098039216 0.020016339869281044 0.012867647058823529
1 0.20098039215686275 0.7872242647058824 0.02369281045751634 0.015012254901960785
1 0.12173202614379085 0.8154105392156863 0.025326797385620915 0.01685049019607843
1 0.8092320261437909 0.8233762254901961 0.017973856209150325 0.0070465686274509805
1 0.9419934640522876 0.8385416666666666 0.02369281045751634 0.014093137254901961
1 0.07700163398692811 0.8471200980392157 0.027369281045751634 0.013480392156862746
1 0.9613970588235294 0.9266237745098039 0.03880718954248366 0.02420343137254902
