1 0.006944444444444444 0.47931985294117646 0.012254901960784314 0.011948529411764705
1 0.18326797385620913 0.4518995098039216 0.011143790849673202 0.007965686274509803
1 0.9046160130718954 0.5422794117647058 0.01919934640522876 0.012867647058823529
1 0.15522875816993464 0.4371936274509804 0.013888888888888888 0.009191176470588236
1 0.6258169934640523 0.46920955882352944 0.017973856209150325 0.011948529411764705
1 0.3167892156862745 0.7624080882352942 0.03880718954248366 0.023590686274509803
1 0.11907679738562091 0.43213848039215685 0.014297385620915032 0.008884803921568627
1 0.5949754901960784 0.4831495098039216 0.016748366013071895 0.010416666666666666
1 0.10232843137254902 0.4336703431372549 0.014297385620915032 0.009497549019607842
1 0.11499183006535947 0.4417892156862745 0.01511437908496732 0.00980392156862745
1 0.19587418300653595 0.4491421568627451 0.014297385620915032 0.00857843137254902
1 0.10723039215686274 0.4727328431372549 0.013480392156862746 0.009191176470588236
1 0.33986928104575165 0.4800857843137255 0.013888888888888888 0.009191176470588236
1 0.15543300653594772 0.4476102941176471 0.01511437908496732 0.00980392156862745
1 0.184640522875817 0.4582352941176471 0.014705882352941176 0.010220588235294117
1 0.012050653594771242 0.5859375 0.01838235294117647 0.014399509803921568
1 0.05249183006535948 0.5121017156862745 0.01919934640522876 0.013174019607843137
1 0.7607516339869281 0.4630269607843137 0.014967320261437909 0.0075490196078431375
1 0.12111928104575163 0.46629901960784315 0.013480392156862746 0.00980392156862745
1 0.04738562091503268 0.49816176470588236 0.017973856209150325 0.011642156862745098
1 0.27185457516339867 0.49034926470588236 0.020016339869281044 0.013786764705882353
1 0.20510212418300652 0.43326593137254904 0.011511437908496732 0.008688725490196078
1 0.28594771241830064 0.5442708333333334 0.018790849673202614 0.013174019607843137
1 0.07312091503267974 0.4664522058823529 0.018790849673202614 0.010723039215686275
1 0.2555147058823529 0.5116421568627451 0.020016339869281044 0.013480392156862746
1 0.258374183006536 0.5464154411764706 0.01919934640522876 0.013174019607843137
1 0.2555147058823529 0.563265931372549 0.020833333333333332 0.014399509803921568
1 0.31495098039215685 0.5814950980392157 0.022058823529411766 0.014705882352941176
1 0.16748366013071894 0.5767463235294118 0.02287581699346405 0.014399509803921568
1 0.5059232026143791 0.5410539215686274 0.024101307189542485 0.017769607843137254
1 0.34395424836601307 0.5335477941176471 0.02287581699346405 0.015012254901960785
1 0.27798202614379086 0.5935968137254902 0.023284313725490197 0.01685049019607843
1 0.5147058823529411 0.6127450980392157 0.026143790849673203 0.0196078431372549
1 0.02185457516339869 0.5291053921568627 0.025735294117647058 0.017769607843137254
1 0.1482843137254902 0.5545343137254902 0.02369281045751634 0.015931372549019607
1 0.7632455065359477 0.45780484068627453 0.015870098039215685 0.007521446078431373
1 0.11446282679738562 0.4347702205882353 0.014056372549019607 0.008633578431372548
