1 0.744281045751634 0.9390318627450981 0.02042483660130719 0.014093137254901961
1 0.9007352941176471 0.8953737745098039 0.02042483660130719 0.013786764705882353
1 0.2136437908496732 0.8025428921568627 0.013071895424836602 0.008884803921568627
1 0.13602941176470587 0.788296568627451 0.01715686274509804 0.00857843137254902
1 0.5232843137254902 0.9347426470588235 0.022058823529411766 0.014705882352941176
1 0.477124183006536 0.7778799019607843 0.01715686274509804 0.010416666666666666
1 0.5360845588235295 0.9236626838235295 0.019064542483660133 0.014604779411764706
1 0.7549019607843137 0.9597120098039216 0.02369281045751634 0.01685049019607843
1 0.28982843137254904 0.8612132352941176 0.01919934640522876 0.012867647058823529
1 0.8300653594771242 0.8325674019607843 0.016339869281045753 0.01011029411764706
1 0.8972630718954249 0.8074448529411765 0.01838235294117647 0.013174019607843137
1 0.9501633986928104 0.7909007352941176 0.01715686274509804 0.012561274509803922
1 0.1815767973856209 0.7904411764705882 0.015931372549019607 0.00980392156862745
1 0.9037990196078431 0.8860294117647058 0.017565359477124183 0.012867647058823529
1 0.7736928104575164 0.9535845588235294 0.022058823529411766 0.016237745098039217
1 0.4963235294117647 0.8230698529411765 0.02042483660130719 0.013786764705882353
1 0.10559640522875817 0.9264705882352942 0.024101307189542485 0.015318627450980392
1 0.4993872549019608 0.8867953431372549 0.023284313725490197 0.01685049019607843
1 0.9170751633986928 0.8965992647058824 0.0196078431372549 0.013174019607843137
1 0.27001633986928103 0.7887561274509803 0.01715686274509804 0.010723039215686275
1 0.20751633986928106 0.9345894607843137 0.02042483660130719 0.014399509803921568
1 0.08047385620915033 0.7878370098039216 0.017973856209150325 0.011948529411764705
1 0.3151552287581699 0.9937193627450981 0.026552287581699346 0.011948529411764705
1 0.24448529411764705 0.8330269607843137 0.01919934640522876 0.013480392156862746
1 0.3220996732026144 0.8855698529411765 0.020016339869281044 0.013786764705882353
1 0.7606209150326797 0.9849877450980392 0.028594771241830064 0.02267156862745098
1 0.9897875816993464 0.9241727941176471 0.0196078431372549 0.018075980392156864
1 0.13262663398692812 0.8047901348039216 0.016887254901960785 0.013379289215686275
1 0.12459150326797386 0.9575674019607843 0.02369281045751634 0.017463235294117647
1 0.36744281045751637 0.8572303921568627 0.020016339869281044 0.014705882352941176
1 0.25388071895424835 0.9315257352941176 0.024918300653594773 0.018075980392156864
1 0.13941993464052288 0.8081081495098039 0.019035947712418302 0.013887867647058823
