1 0.13827614379084968 0.6737132352941176 0.01184640522875817 0.007352941176470588
1 0.06985294117647059 0.6746323529411765 0.013888888888888888 0.00857843137254902
1 0.2696078431372549 0.6643688725490197 0.013888888888888888 0.009497549019607842
1 0.20445261437908496 0.6665134803921569 0.011029411764705883 0.009497549019607842
1 0.2361111111111111 0.6582414215686274 0.011437908496732025 0.008272058823529412
1 0.22732843137254902 0.6744791666666666 0.015931372549019607 0.009497549019607842
1 0.8338888888888889 0.6672135416666666 0.014183006535947711 0.009059436274509804
1 0.11499183006535947 0.7809436274509803 0.023284313725490197 0.012254901960784314
1 0.08905228758169935 0.6657475490196079 0.012254901960784314 0.007352941176470588
1 0.04534313725490196 0.9002757352941176 0.0196078431372549 0.01133578431372549
1 0.053513071895424834 0.6645220588235294 0.011437908496732025 0.006740196078431373
1 0.25919117647058826 0.6841299019607843 0.014297385620915032 0.00980392156862745
1 0.9930555555555556 0.6833639705882353 0.013888888888888888 0.010723039215686275
1 0.07148692810457516 0.6637561274509803 0.013071895424836602 0.007659313725490196
1 0.023488562091503268 0.7397365196078431 0.016748366013071895 0.010723039215686275
1 0.02042483660130719 0.7685355392156863 0.01715686274509804 0.011948529411764705
1 0.22426470588235295 0.7121629901960784 0.013888888888888888 0.01011029411764706
1 0.25163398692810457 0.6695772058823529 0.013888888888888888 0.01011029411764706
1 0.24363970588235292 0.7107398897058823 0.013423202614379084 0.009715073529411766
1 0.590890522875817 0.9177389705882353 0.02165032679738562 0.014399509803921568
1 0.006039624183006536 0.662858455882353 0.012079248366013071 0.009540441176470588
1 0.9928513071895425 0.7682291666666666 0.014297385620915032 0.013786764705882353
1 0.07209967320261437 0.8943014705882353 0.020016339869281044 0.014705882352941176
1 0.45098039215686275 0.6950061274509803 0.013888888888888888 0.010723039215686275
1 0.8026960784313726 0.7424938725490197 0.015522875816993464 0.010723039215686275
1 0.8212826797385621 0.8665747549019608 0.01838235294117647 0.015012254901960785
1 0.9910130718954249 0.7006740196078431 0.016339869281045753 0.012254901960784314
1 0.8108660130718954 0.7844669117647058 0.01715686274509804 0.011948529411764705
1 0.09436274509803921 0.7063419117647058 0.01715686274509804 0.01011029411764706
1 0.9904003267973857 0.9001225490196079 0.01838235294117647 0.015931372549019607
1 0.9906045751633987 0.7334558823529411 0.01715686274509804 0.013480392156862746
1 0.35437091503267976 0.8020833333333334 0.016748366013071895 0.011642156862745098
1 0.008782679738562092 0.8105085784313726 0.015931372549019607 0.014399509803921568
1 0.471609477124183 0.7941176470588235 0.01838235294117647 0.013480392156862746
1 0.22181372549019607 0.8955269607843137 0.02696078431372549 0.015931372549019607
1 0.05371732026143791 0.8848039215686274 0.02900326797385621 0.018995098039215685
1 0.258374183006536 0.8918504901960784 0.024918300653594773 0.017769607843137254
1 0.5761846405228758 0.7849264705882353 0.020016339869281044 0.014705882352941176
1 0.8423202614379085 0.7596507352941176 0.016339869281045753 0.01133578431372549
1 0.8249591503267973 0.7561274509803921 0.01838235294117647 0.011642156862745098
1 0.6409313725490197 0.8803615196078431 0.02369281045751634 0.018075980392156864
1 0.9622140522875817 0.90625 0.024101307189542485 0.01715686274509804
1 0.15870098039215685 0.9004289215686274 0.030637254901960783 0.023284313725490197
1 0.6551491013071896 0.6757705269607843 0.01454656862745098 0.009629289215686274
1 0.006766748366013073 0.6846109068627452 0.013533496732026145 0.008314950980392158
