1 0.8698937908496732 0.7239583333333334 0.012663398692810458 0.00857843137254902
1 0.07679738562091504 0.7346813725490197 0.012254901960784314 0.007965686274509803
1 0.858251633986928 0.7694546568627451 0.010620915032679739 0.0070465686274509805
1 0.8968545751633987 0.7559742647058824 0.01184640522875817 0.007659313725490196
1 0.12193627450980392 0.7530637254901961 0.012663398692810458 0.00857843137254902
1 0.8378267973856209 0.7861519607843137 0.010620915032679739 0.007352941176470588
1 0.14624183006535948 0.7634803921568627 0.012254901960784314 0.007965686274509803
1 0.20016339869281047 0.7590379901960784 0.013071895424836602 0.009497549019607842
1 0.11315359477124183 0.7573529411764706 0.013071895424836602 0.007965686274509803
1 0.9136029411764706 0.7535232843137255 0.01184640522875817 0.007659313725490196
1 0.8584558823529411 0.7846200980392157 0.010212418300653595 0.007352941176470588
1 0.16299019607843138 0.7550551470588235 0.013071895424836602 0.008272058823529412
1 0.6825980392156863 0.8520220588235294 0.013888888888888888 0.00980392156862745
1 0.9258578431372549 0.8120404411764706 0.013480392156862746 0.01011029411764706
1 0.8415032679738562 0.8978247549019608 0.0196078431372549 0.011948529411764705
1 0.17524509803921567 0.7601102941176471 0.015522875816993464 0.009191176470588236
1 0.34272875816993464 0.8350183823529411 0.016339869281045753 0.01133578431372549
1 0.07577614379084967 0.7708333333333334 0.01511437908496732 0.010416666666666666
1 0.6942401960784313 0.8022365196078431 0.012663398692810458 0.008884803921568627
1 0.7765522875816994 0.7904411764705882 0.012254901960784314 0.007965686274509803
1 0.9174836601307189 0.7637867647058824 0.013888888888888888 0.00980392156862745
1 0.11540032679738563 0.7391237745098039 0.012663398692810458 0.008272058823529412
1 0.31290849673202614 0.8119898897058824 0.017973856209150325 0.011234681372549021
1 0.7487745098039216 0.7734375 0.013071895424836602 0.009497549019607842
1 0.31985294117647056 0.8298100490196079 0.016339869281045753 0.010723039215686275
1 0.2207924836601307 0.8247549019607843 0.01511437908496732 0.010416666666666666
1 0.2647058823529412 0.8641237745098039 0.013071895424836602 0.01011029411764706
1 0.24468954248366012 0.8304227941176471 0.013071895424836602 0.01011029411764706
1 0.9166666666666666 0.8151041666666666 0.014705882352941176 0.009497549019607842
1 0.230187908496732 0.8676470588235294 0.016748366013071895 0.011029411764705883
1 0.639297385620915 0.8416053921568627 0.013888888888888888 0.00857843137254902
1 0.43075980392156865 0.8376225490196079 0.014297385620915032 0.010416666666666666
1 0.9021650326797386 0.8380821078431373 0.014297385620915032 0.009497549019607842
1 0.548202614379085 0.8307291666666666 0.013888888888888888 0.01011029411764706
1 0.7495915032679739 0.8258272058823529 0.013888888888888888 0.009497549019607842
1 0.4526143790849673 0.8247549019607843 0.015522875816993464 0.010416666666666666
1 0.48304738562091504 0.8270526960784313 0.013480392156862746 0.01011029411764706
1 0.4387254901960784 0.8812806372549019 0.017973856209150325 0.01133578431372549
1 0.5306372549019608 0.9031862745098039 0.01715686274509804 0.012867647058823529
1 0.12438725490196079 0.7210477941176471 0.015931372549019607 0.009497549019607842
1 0.605187908496732 0.7977941176470589 0.01511437908496732 0.011029411764705883
1 0.0778186274509804 0.7588848039215687 0.01511437908496732 0.00980392156862745
1 0.14011437908496732 0.7264093137254902 0.013071895424836602 0.009191176470588236
1 0.5802696078431373 0.8596813725490197 0.016748366013071895 0.011642156862745098
1 0.5522875816993464 0.8420649509803921 0.013071895424836602 0.01011029411764706
1 0.8696895424836601 0.821078431372549 0.015522875816993464 0.011642156862745098
1 0.7156862745098039 0.8659620098039216 0.017973856209150325 0.014399509803921568
1 0.015727124183006536 0.8187806372549019 0.020016339869281044 0.013174019607843137
1 0.8449754901960784 0.8897058823529411 0.017565359477124183 0.012254901960784314
1 0.9697712418300654 0.8354779411764706 0.016339869281045753 0.011642156862745098
1 0.23631535947712418 0.8474264705882353 0.017565359477124183 0.011642156862745098
1 0.5320669934640523 0.8313419117647058 0.014297385620915032 0.01133578431372549
1 0.5931372549019608 0.9303002450980392 0.017973856209150325 0.011948529411764705
1 0.30187908496732024 0.8702512254901961 0.018790849673202614 0.013174019607843137
1 0.17401960784313725 0.9180453431372549 0.022058823529411766 0.017463235294117647
1 0.02267156862745098 0.8534007352941176 0.016748366013071895 0.01133578431372549
1 0.1154513888888889 0.7162729779411765 0.013582516339869281 0.00791360294117647
