1 0.9150163398692811 0.6504166666666666 0.011405228758169935 0.00732843137254902
1 0.061887254901960786 0.6685049019607843 0.014297385620915032 0.009191176470588236
1 0.9722222222222222 0.6426164215686274 0.013888888888888888 0.008884803921568627
1 0.2391748366013072 0.7218137254901961 0.01511437908496732 0.010416666666666666
1 0.41748366013071897 0.6942401960784313 0.015522875816993464 0.010416666666666666
1 0.031862745098039214 0.6495098039215687 0.012254901960784314 0.00857843137254902
1 0.7530637254901961 0.6766237745098039 0.012663398692810458 0.008884803921568627
1 0.9180964052287581 0.6279105392156863 0.01184640522875817 0.007659313725490196
1 0.19117647058823528 0.6878063725490197 0.013071895424836602 0.009191176470588236
1 0.008374183006535947 0.6625306372549019 0.01184640522875817 0.008272058823529412
1 0.8772467320261438 0.6361825980392157 0.013480392156862746 0.009497549019607842
1 0.01919934640522876 0.6280637254901961 0.012254901960784314 0.007352941176470588
1 0.13541666666666666 0.7247242647058824 0.016748366013071895 0.007659313725490196
1 0.38255718954248363 0.7915134803921569 0.015931372549019607 0.009497549019607842
1 0.29411764705882354 0.7097120098039216 0.016339869281045753 0.01133578431372549
1 0.05555555555555555 0.6753982843137255 0.012254901960784314 0.008272058823529412
1 0.9714052287581699 0.6228553921568627 0.013071895424836602 0.00857843137254902
1 0.8431372549019608 0.6668198529411765 0.013071895424836602 0.008272058823529412
1 0.7565359477124183 0.6585477941176471 0.011437908496732025 0.008272058823529412
1 0.7406045751633987 0.6703431372549019 0.013888888888888888 0.010416666666666666
1 0.0978656045751634 0.6852022058823529 0.016809640522875816 0.009497549019607842
1 0.38357843137254904 0.7130821078431373 0.015522875816993464 0.010723039215686275
1 0.7103758169934641 0.6766237745098039 0.013888888888888888 0.009497549019607842
1 0.1256127450980392 0.6611519607843137 0.014297385620915032 0.009191176470588236
1 0.07945261437908496 0.6643688725490197 0.01184640522875817 0.008884803921568627
1 0.6511437908496732 0.6787683823529411 0.013071895424836602 0.008884803921568627
1 0.900531045751634 0.6369485294117647 0.013480392156862746 0.00857843137254902
1 0.7894199346405228 0.7357536764705882 0.01838235294117647 0.01011029411764706
1 0.9875408496732027 0.6358762254901961 0.014297385620915032 0.01011029411764706
1 0.8349673202614379 0.6266850490196079 0.012254901960784314 0.008272058823529412
1 0.005718954248366013 0.7064950980392157 0.011437908496732025 0.012867647058823529
1 0.04758986928104575 0.6351102941176471 0.013480392156862746 0.009191176470588236
1 0.8084150326797386 0.6600796568627451 0.014705882352941176 0.010723039215686275
1 0.6799428104575164 0.6994485294117647 0.014297385620915032 0.010416666666666666
1 0.06290849673202614 0.65625 0.014705882352941176 0.009191176470588236
1 0.23794934640522875 0.6853553921568627 0.01919934640522876 0.012254901960784314
1 0.06454248366013073 0.7149203431372549 0.01715686274509804 0.01133578431372549
1 0.31985294117647056 0.7493872549019608 0.016339869281045753 0.012867647058823529
1 0.10743464052287582 0.6758578431372549 0.01715686274509804 0.00980392156862745
1 0.1235702614379085 0.6545649509803921 0.01511437908496732 0.01011029411764706
1 0.060866013071895424 0.7545955882352942 0.02042483660130719 0.012867647058823529
1 0.26838235294117646 0.7325367647058824 0.0196078431372549 0.014705882352941176
1 0.01838235294117647 0.7333026960784313 0.018790849673202614 0.01133578431372549
1 0.11662581699346405 0.7902879901960784 0.023284313725490197 0.014399509803921568
1 0.028390522875816993 0.7702205882352942 0.020833333333333332 0.014705882352941176
1 0.9758986928104575 0.7090992647058824 0.018790849673202614 0.012561274509803922
1 0.30269607843137253 0.7682291666666666 0.022058823529411766 0.015625
1 0.9649775326797385 0.7030300245098039 0.01247140522875817 0.007775735294117647
1 0.49127859477124186 0.7003860294117646 0.011968954248366014 0.0073897058823529415
1 0.48899509803921565 0.6365701593137254 0.011486928104575163 0.007208946078431373
