1 0.434640522875817 0.6928615196078431 0.018790849673202614 0.013786764705882353
1 0.39276960784313725 0.6996017156862745 0.017565359477124183 0.013174019607843137
1 0.5964052287581699 0.7132352941176471 0.008986928104575163 0.007352941176470588
1 0.5537173202614379 0.7158394607843137 0.01184640522875817 0.009497549019607842
1 0.07659313725490197 0.725796568627451 0.020016339869281044 0.016544117647058824
1 0.9746732026143791 0.725796568627451 0.027777777777777776 0.016544117647058824
1 0.5763888888888888 0.7357536764705882 0.015522875816993464 0.010723039215686275
1 0.9538398692810458 0.7489276960784313 0.029411764705882353 0.017463235294117647
1 0.6776960784313726 0.7680759803921569 0.017973856209150325 0.012867647058823529
1 0.2232434640522876 0.7693014705882353 0.027369281045751634 0.015318627450980392
1 0.5371732026143791 0.7810968137254902 0.02369281045751634 0.015625
1 0.6341911764705882 0.7993259803921569 0.016748366013071895 0.014705882352941176
1 0.46915849673202614 0.8013174019607843 0.015931372549019607 0.016237745098039217
1 0.852328431372549 0.8095894607843137 0.020016339869281044 0.01685049019607843
1 0.6580882352941176 0.8216911764705882 0.017973856209150325 0.013480392156862746
1 0.5953839869281046 0.8414522058823529 0.020016339869281044 0.013174019607843137
1 0.4714052287581699 0.8511029411764706 0.022058823529411766 0.015931372549019607
1 0.6205065359477124 0.8740808823529411 0.02696078431372549 0.0196078431372549
1 0.7346813725490197 0.8748468137254902 0.028186274509803922 0.017463235294117647
1 0.4789624183006536 0.8777573529411765 0.02165032679738562 0.0196078431372549
1 0.35661764705882354 0.8818933823529411 0.024509803921568627 0.015012254901960785
1 0.3075980392156863 0.8880208333333334 0.021241830065359478 0.017463235294117647
1 0.6795343137254902 0.9019607843137255 0.027369281045751634 0.02267156862745098
1 0.41094771241830064 0.9195772058823529 0.028594771241830064 0.020526960784313725
1 0.3880718954248366 0.9397977941176471 0.021241830065359478 0.014399509803921568
1 0.6115196078431373 0.9459252450980392 0.026143790849673203 0.018075980392156864
1 0.1642156862745098 0.9508272058823529 0.029411764705882353 0.02849264705882353
1 0.37254901960784315 0.9555759803921569 0.025326797385620915 0.015318627450980392
1 0.5314542483660131 0.9937193627450981 0.035130718954248366 0.012561274509803922
1 0.4193218954248366 0.9944852941176471 0.025735294117647058 0.011029411764705883
