1 0.7600081699346405 0.9759497549019608 0.028186274509803922 0.018075980392156864
1 0.6170343137254902 0.6436887254901961 0.014297385620915032 0.009191176470588236
1 0.6008986928104575 0.7464767156862745 0.016339869281045753 0.01133578431372549
1 0.5361519607843137 0.8604028799019607 0.02165032679738562 0.015536151960784315
1 0.136437908496732 0.4519653799019608 0.008169934640522876 0.005033700980392157
1 0.619281045751634 0.6956188725490197 0.015522875816993464 0.009497549019607842
1 0.6049836601307189 0.6378676470588235 0.013888888888888888 0.010416666666666666
1 0.6264297385620915 0.7596507352941176 0.01919934640522876 0.010723039215686275
1 0.2949346405228758 0.6469056372549019 0.017973856209150325 0.011948529411764705
1 0.7453022875816994 0.664828431372549 0.014297385620915032 0.009191176470588236
1 0.6260212418300654 0.7821691176470589 0.01919934640522876 0.014093137254901961
1 0.5191993464052288 0.7084865196078431 0.02042483660130719 0.013786764705882353
1 0.26695261437908496 0.8442095588235294 0.024918300653594773 0.015012254901960785
1 0.25735294117647056 0.78125 0.015522875816993464 0.011029411764705883
1 0.5874183006535948 0.6916360294117647 0.013888888888888888 0.009497549019607842
1 0.8137254901960784 0.6939338235294118 0.013888888888888888 0.010416666666666666
1 0.5414624183006536 0.742953431372549 0.016748366013071895 0.010416666666666666
1 0.6897467320261438 0.6842830882352942 0.014297385620915032 0.009497549019607842
1 0.6004901960784313 0.7686887254901961 0.02042483660130719 0.012254901960784314
1 0.6621732026143791 0.7299325980392157 0.02042483660130719 0.012561274509803922
1 0.6460375816993464 0.7815563725490197 0.016748366013071895 0.014093137254901961
1 0.230187908496732 0.6793811274509803 0.013480392156862746 0.008884803921568627
1 0.5859885620915033 0.7977941176470589 0.020833333333333332 0.016544117647058824
1 0.2935049019607843 0.641390931372549 0.016748366013071895 0.01011029411764706
1 0.7678574346405228 0.649094669117647 0.015290032679738563 0.010199142156862745
1 0.8282271241830066 0.6976102941176471 0.016748366013071895 0.014093137254901961
1 0.5386029411764706 0.7300857843137255 0.02165032679738562 0.015931372549019607
1 0.573937908496732 0.8059129901960784 0.02042483660130719 0.013786764705882353
1 0.7387663398692811 0.6859681372549019 0.01511437908496732 0.011029411764705883
1 0.8063725490196079 0.6605392156862745 0.014705882352941176 0.010416666666666666
1 0.7408088235294118 0.8521752450980392 0.025735294117647058 0.01685049019607843
1 0.7649101307189542 0.6807598039215687 0.01511437908496732 0.010416666666666666
1 0.585171568627451 0.7035845588235294 0.01838235294117647 0.014399509803921568
1 0.7767565359477124 0.6691176470588235 0.015931372549019607 0.010416666666666666
1 0.6213235294117647 0.6749387254901961 0.016339869281045753 0.011029411764705883
1 0.6341911764705882 0.7178308823529411 0.015931372549019607 0.011642156862745098
1 0.06781045751633986 0.8080575980392157 0.021241830065359478 0.013786764705882353
1 0.6013071895424836 0.7913602941176471 0.017973856209150325 0.012254901960784314
1 0.5935457516339869 0.8546262254901961 0.02042483660130719 0.014399509803921568
1 0.1017156862745098 0.6256127450980392 0.013888888888888888 0.009191176470588236
1 0.25040849673202614 0.6602328431372549 0.014705882352941176 0.00980392156862745
1 0.7189542483660131 0.6994485294117647 0.015522875816993464 0.011029411764705883
1 0.2951388888888889 0.8492647058823529 0.023284313725490197 0.014705882352941176
1 0.03145424836601307 0.6663602941176471 0.015522875816993464 0.010416666666666666
1 0.34538398692810457 0.9284620098039216 0.027369281045751634 0.01991421568627451
1 0.2986111111111111 0.9370404411764706 0.035130718954248366 0.021139705882352942
1 0.4889705882352941 0.8134191176470589 0.02042483660130719 0.012867647058823529
1 0.2181372549019608 0.6534926470588235 0.013888888888888888 0.009191176470588236
1 0.15890522875816993 0.7853860294117647 0.02042483660130719 0.015625
1 0.7234477124183006 0.7184436274509803 0.016339869281045753 0.011029411764705883
1 0.5751633986928104 0.7512254901960784 0.0196078431372549 0.012254901960784314
1 0.34272875816993464 0.8086703431372549 0.018790849673202614 0.013786764705882353
1 0.7994281045751634 0.7202818627450981 0.01715686274509804 0.012867647058823529
1 0.016952614379084966 0.5942095588235294 0.01511437908496732 0.009497549019607842
1 0.4775326797385621 0.8567708333333334 0.016339869281045753 0.014399509803921568
1 0.2604166666666667 0.655484068627451 0.01511437908496732 0.009497549019607842
1 0.6921977124183006 0.6968443627450981 0.017565359477124183 0.011948529411764705
1 0.8088235294117647 0.9091605392156863 0.021241830065359478 0.018688725490196078
1 0.5620915032679739 0.7374387254901961 0.0196078431372549 0.012867647058823529
1 0.7181372549019608 0.6856617647058824 0.015522875816993464 0.012867647058823529
1 0.8674428104575164 0.7417279411764706 0.017565359477124183 0.012867647058823529
1 0.6527777777777778 0.8462009803921569 0.022058823529411766 0.015318627450980392
1 0.4201388888888889 0.8226102941176471 0.023284313725490197 0.015931372549019607
1 0.5618872549019608 0.8201593137254902 0.020016339869281044 0.012867647058823529
1 0.15849673202614378 0.7792585784313726 0.021241830065359478 0.013786764705882353
1 0.8296568627450981 0.9116115196078431 0.021241830065359478 0.018075980392156864
1 0.27961601307189543 0.6542585784313726 0.014297385620915032 0.01011029411764706
1 0.1781045751633987 0.6640625 0.015522875816993464 0.009497549019607842
1 0.6703431372549019 0.836703431372549 0.025326797385620915 0.016544117647058824
1 0.5753676470588235 0.8622855392156863 0.02246732026143791 0.013786764705882353
1 0.068218954248366 0.8252144607843137 0.024509803921568627 0.01685049019607843
1 0.2128267973856209 0.7524509803921569 0.0196078431372549 0.012254901960784314
1 0.20363562091503268 0.6971507352941176 0.01919934640522876 0.013174019607843137
1 0.14583333333333334 0.7014399509803921 0.022058823529411766 0.013786764705882353
1 0.7524509803921569 0.7493872549019608 0.016339869281045753 0.011642156862745098
1 0.272875816993464 0.7593443627450981 0.01715686274509804 0.013786764705882353
1 0.4270833333333333 0.8642769607843137 0.026552287581699346 0.01838235294117647
1 0.21568627450980393 0.6297487745098039 0.014705882352941176 0.01011029411764706
1 0.2434640522875817 0.6542585784313726 0.013888888888888888 0.008884803921568627
1 0.5522875816993464 0.7999387254901961 0.02369281045751634 0.017769607843137254
1 0.5202205882352942 0.8126531862745098 0.02246732026143791 0.01685049019607843
1 0.4571078431372549 0.703125 0.016339869281045753 0.011029411764705883
1 0.3617238562091503 0.7329963235294118 0.01919934640522876 0.01133578431372549
1 0.943218954248366 0.7087928921568627 0.017973856209150325 0.012561274509803922
1 0.11356209150326797 0.7674632352941176 0.0196078431372549 0.012254901960784314
1 0.4577205882352941 0.8644301470588235 0.023284313725490197 0.01685049019607843
1 0.7089460784313726 0.9056372549019608 0.023284313725490197 0.016544117647058824
1 0.6926062091503268 0.8439031862745098 0.027369281045751634 0.018688725490196078
1 0.17279411764705882 0.7472426470588235 0.017973856209150325 0.012254901960784314
1 0.7736928104575164 0.7951899509803921 0.0196078431372549 0.013786764705882353
1 0.19056372549019607 0.6692708333333334 0.01511437908496732 0.01011029411764706
1 0.5929330065359477 0.7803308823529411 0.020016339869281044 0.014705882352941176
1 0.6828022875816994 0.8233762254901961 0.024101307189542485 0.016237745098039217
1 0.702001633986928 0.7680759803921569 0.020833333333333332 0.014093137254901961
1 0.08517156862745098 0.8020833333333334 0.02246732026143791 0.01715686274509804
1 0.2622549019607843 0.6672794117647058 0.014705882352941176 0.011029411764705883
1 0.2361111111111111 0.7034313725490197 0.015522875816993464 0.00980392156862745
1 0.0428921568627451 0.7944240196078431 0.021241830065359478 0.015318627450980392
1 0.8815359477124183 0.7486213235294118 0.018790849673202614 0.013174019607843137
1 0.2883986928104575 0.7627144607843137 0.0196078431372549 0.014399509803921568
1 0.514501633986928 0.8570772058823529 0.023284313725490197 0.018075980392156864
1 0.37111928104575165 0.8031556372549019 0.020833333333333332 0.015012254901960785
1 0.7918709150326797 0.7984068627450981 0.020016339869281044 0.014093137254901961
1 0.3895016339869281 0.8206188725490197 0.02246732026143791 0.01685049019607843
1 0.40379901960784315 0.8299632352941176 0.024101307189542485 0.016544117647058824
1 0.3925653594771242 0.8471200980392157 0.021241830065359478 0.015318627450980392
1 0.7453022875816994 0.7244178921568627 0.01919934640522876 0.013174019607843137
1 0.6537990196078431 0.7810968137254902 0.020016339869281044 0.016237745098039217
1 0.24040032679738563 0.7470894607843137 0.02165032679738562 0.014399509803921568
1 0.377859477124183 0.8376225490196079 0.021241830065359478 0.01715686274509804
1 0.08843954248366014 0.6608455882352942 0.01838235294117647 0.012867647058823529
1 0.5637254901960784 0.8762254901960784 0.024509803921568627 0.01838235294117647
1 0.6513480392156863 0.8889399509803921 0.025735294117647058 0.018688725490196078
1 0.49550653594771243 0.8259803921568627 0.022058823529411766 0.014705882352941176
1 0.06597222222222222 0.7928921568627451 0.024101307189542485 0.01715686274509804
1 0.29411764705882354 0.8069852941176471 0.021241830065359478 0.01838235294117647
1 0.07495915032679738 0.6766237745098039 0.020833333333333332 0.011948529411764705
1 0.20302287581699346 0.6314338235294118 0.01715686274509804 0.011642156862745098
1 0.2730800653594771 0.8094362745098039 0.020833333333333332 0.017769607843137254
1 0.6966911764705882 0.8734681372549019 0.0298202614379085 0.022058823529411766
1 0.6190767973856209 0.8423713235294118 0.027369281045751634 0.018075980392156864
1 0.08047385620915033 0.7714460784313726 0.025326797385620915 0.01838235294117647
1 0.6245915032679739 0.8638174019607843 0.03104575163398693 0.018688725490196078
1 0.43647875816993464 0.7838541666666666 0.020833333333333332 0.015625
1 0.056781045751633986 0.7434129901960784 0.0196078431372549 0.013786764705882353
1 0.823937908496732 0.8045343137254902 0.024509803921568627 0.01838235294117647
1 0.32107843137254904 0.7924325980392157 0.026143790849673203 0.019301470588235295
1 0.9758986928104575 0.8261335784313726 0.025326797385620915 0.020526960784313725
1 0.41237745098039214 0.7869178921568627 0.024101307189542485 0.018075980392156864
1 0.8852124183006536 0.8409926470588235 0.024509803921568627 0.018995098039215685
1 0.25050857843137253 0.6659221813725491 0.015723039215686276 0.008314950980392158
1 0.7767830882352942 0.6471675857843138 0.014350490196078432 0.009408700980392157
