1 0.0843545751633987 0.7012867647058824 0.01184640522875817 0.010416666666666666
1 0.5263480392156863 0.7087928921568627 0.014297385620915032 0.013174019607843137
1 0.1284722222222222 0.7202818627450981 0.011029411764705883 0.00980392156862745
1 0.125 0.7213541666666666 0.008986928104575163 0.008272058823529412
1 0.16748366013071894 0.7302389705882353 0.010620915032679739 0.008884803921568627
1 0.28145424836601307 0.7605698529411765 0.014705882352941176 0.011948529411764705
1 0.45159313725490197 0.7752757352941176 0.014297385620915032 0.013174019607843137
1 0.21650326797385622 0.7826286764705882 0.0196078431372549 0.016237745098039217
1 0.5508578431372549 0.7835477941176471 0.02246732026143791 0.018688725490196078
1 0.48590686274509803 0.8002450980392157 0.015931372549019607 0.012254901960784314
1 0.2536764705882353 0.8089767156862745 0.015522875816993464 0.013786764705882353
1 0.3958333333333333 0.8095894607843137 0.017973856209150325 0.015012254901960785
1 0.14705882352941177 0.8144914215686274 0.015522875816993464 0.013786764705882353
1 0.7853349673202614 0.8198529411764706 0.025735294117647058 0.022058823529411766
1 0.1235702614379085 0.8215379901960784 0.01511437908496732 0.012561274509803922
1 0.7379493464052288 0.8250612745098039 0.020016339869281044 0.01715686274509804
1 0.40236928104575165 0.828890931372549 0.016339869281045753 0.013786764705882353
1 0.20322712418300654 0.8360906862745098 0.016748366013071895 0.014093137254901961
1 0.31699346405228757 0.8373161764705882 0.014705882352941176 0.012867647058823529
1 0.4959150326797386 0.8391544117647058 0.017973856209150325 0.015318627450980392
1 0.4624183006535948 0.8480392156862745 0.016339869281045753 0.014705882352941176
1 0.5318627450980392 0.8550857843137255 0.01715686274509804 0.015318627450980392
1 0.9622140522875817 0.8681066176470589 0.027369281045751634 0.021752450980392156
1 0.07148692810457516 0.8840379901960784 0.0196078431372549 0.017463235294117647
1 0.6372549019607843 0.8874080882352942 0.022058823529411766 0.01991421568627451
1 0.5774101307189542 0.8952205882352942 0.027369281045751634 0.02022058823529412
1 0.49019607843137253 0.8979779411764706 0.02042483660130719 0.01715686274509804
1 0.49407679738562094 0.9010416666666666 0.020016339869281044 0.016544117647058824
1 0.8370098039215687 0.9119178921568627 0.03104575163398693 0.02971813725490196
1 0.08006535947712418 0.9136029411764706 0.0196078431372549 0.016544117647058824
1 0.08272058823529412 0.9180453431372549 0.02165032679738562 0.017463235294117647
1 0.5917075163398693 0.9240196078431373 0.024918300653594773 0.020833333333333332
1 0.05269607843137255 0.9261642156862745 0.017973856209150325 0.016544117647058824
1 0.049223856209150325 0.9296875 0.01919934640522876 0.017463235294117647
1 0.3388480392156863 0.9350490196078431 0.026552287581699346 0.024509803921568627
1 0.5692401960784313 0.9535845588235294 0.020016339869281044 0.016237745098039217
1 0.9742647058823529 0.9664522058823529 0.0196078431372549 0.01685049019607843
1 0.9740604575163399 0.9715073529411765 0.017565359477124183 0.015318627450980392
1 0.10702614379084967 0.9756433823529411 0.022058823529411766 0.019301470588235295
1 0.20016339869281047 0.9768688725490197 0.025326797385620915 0.01991421568627451
1 0.10825163398692811 0.9813112745098039 0.022058823529411766 0.01838235294117647
1 0.23386437908496732 0.9865196078431373 0.023284313725490197 0.018995098039215685
1 0.5069444444444444 0.9900428921568627 0.021241830065359478 0.018075980392156864
1 0.0642749183006536 0.7569071691176471 0.01335375816993464 0.008912377450980393
1 0.09426062091503268 0.6993933823529412 0.010416666666666666 0.00724264705882353
1 0.2634109477124183 0.7554871323529412 0.012933006535947712 0.009748774509803921
1 0.30265727124183006 0.7569914215686275 0.013811274509803923 0.010306372549019609
1 0.360077614379085 0.7451531862745098 0.013455882352941175 0.008075980392156863
1 0.36609272875816995 0.7515870098039216 0.01568218954248366 0.008075980392156863
1 0.38288194444444446 0.7600827205882352 0.014946895424836603 0.009748774509803921
1 0.40590890522875817 0.7509466911764706 0.016066176470588233 0.011697303921568628
1 0.4259272875816994 0.7575474877450981 0.01198529411764706 0.008354779411764705
1 0.4188807189542484 0.7550689338235295 0.007696078431372549 0.005848651960784314
1 0.4969301470588235 0.7762362132352942 0.011017156862745098 0.008354779411764705
1 0.4917687908496732 0.7840073529411765 0.01621732026143791 0.009191176470588236
1 0.4377430555555556 0.7189169730392158 0.014374999999999999 0.008912377450980393
1 0.48946691176470586 0.72796875 0.013247549019607842 0.008633578431372548
1 0.35330678104575164 0.7398621323529412 0.012169117647058823 0.009748774509803921
1 0.33990196078431373 0.734765625 0.010686274509803922 0.007521446078431373
1 0.31205269607843134 0.7375229779411765 0.012177287581699345 0.007521446078431373
1 0.29775735294117645 0.7385523897058824 0.012181372549019609 0.008354779411764705
1 0.330655637254902 0.7367708333333334 0.011801470588235295 0.00724264705882353
1 0.36544934640522875 0.6919010416666665 0.010310457516339869 0.006963848039215686
1 0.37287581699346406 0.7137362132352942 0.008823529411764706 0.005291053921568627
1 0.5161642156862745 0.8503232230392157 0.018439542483660133 0.015597426470588234
1 0.6426021241830066 0.7742876838235294 0.010694444444444444 0.007521446078431373
1 0.7664358660130719 0.7903017769607843 0.013263888888888888 0.008912377450980393
1 0.6004207516339869 0.7066069240196078 0.008848039215686275 0.006963848039215686
1 0.6940665849673203 0.7111458333333333 0.01068218954248366 0.008075980392156863
1 0.6458312908496732 0.7624770220588235 0.015518790849673203 0.00779718137254902
1 0.5673366013071895 0.9184497549019608 0.012941176470588235 0.013370098039215687
1 0.55890727124183 0.908422181372549 0.018141339869281046 0.011697303921568628
1 0.37124591503267973 0.8328324142156862 0.013733660130718953 0.010027573529411764
