1 0.26062091503267976 0.6902573529411765 0.013888888888888888 0.00857843137254902
1 0.3445669934640523 0.8710171568627451 0.020833333333333332 0.015931372549019607
1 0.16605392156862744 0.9339767156862745 0.024918300653594773 0.015625
1 0.764501633986928 0.7493872549019608 0.016748366013071895 0.011029411764705883
1 0.034109477124183 0.7778799019607843 0.014297385620915032 0.00980392156862745
1 0.5943627450980392 0.7594975490196079 0.015522875816993464 0.011029411764705883
1 0.318218954248366 0.9365808823529411 0.02287581699346405 0.015318627450980392
1 0.47794117647058826 0.8174019607843137 0.015522875816993464 0.012254901960784314
1 0.6785130718954249 0.9940257352941176 0.025326797385620915 0.010723039215686275
1 0.20772058823529413 0.7310049019607843 0.015931372549019607 0.010416666666666666
1 0.17647058823529413 0.7216605392156863 0.01715686274509804 0.010723039215686275
1 0.24244281045751634 0.8163296568627451 0.01838235294117647 0.013786764705882353
1 0.4019607843137255 0.733609068627451 0.015522875816993464 0.01011029411764706
1 0.4111519607843137 0.7265625 0.015931372549019607 0.010723039215686275
1 0.8276143790849673 0.9318321078431373 0.017973856209150325 0.013174019607843137
1 0.8856209150326797 0.7464767156862745 0.016339869281045753 0.011948529411764705
1 0.06801470588235294 0.7766544117647058 0.01511437908496732 0.010416666666666666
1 0.007352941176470588 0.824030330882353 0.014705882352941176 0.013256740196078433
1 0.7097630718954249 0.7185968137254902 0.01511437908496732 0.01011029411764706
1 0.8841911764705882 0.7867647058823529 0.016748366013071895 0.00980392156862745
1 0.9754901960784313 0.7136948529411765 0.015522875816993464 0.010723039215686275
1 0.0508578431372549 0.8708639705882353 0.02246732026143791 0.014399509803921568
1 0.8547794117647058 0.9322916666666666 0.024101307189542485 0.015931372549019607
1 0.1460375816993464 0.8567708333333334 0.023284313725490197 0.01685049019607843
1 0.9352532679738562 0.749234068627451 0.017565359477124183 0.01133578431372549
1 0.6350081699346405 0.8435968137254902 0.020016339869281044 0.015625
1 0.12071078431372549 0.8625919117647058 0.02246732026143791 0.01685049019607843
1 0.005827205882352942 0.8312438725490195 0.011654411764705884 0.01113970588235294
