1 0.6345996732026143 0.7331495098039216 0.015931372549019607 0.011029411764705883
1 0.032475490196078434 0.6966911764705882 0.014297385620915032 0.009191176470588236
1 0.06699346405228758 0.6662071078431373 0.012254901960784314 0.008272058823529412
1 0.6689133986928104 0.875765931372549 0.017565359477124183 0.012561274509803922
1 0.7492933006535948 0.812890625 0.015743464052287583 0.011197916666666665
1 0.016339869281045753 0.6927083333333334 0.011437908496732025 0.007965686274509803
1 0.8970588235294118 0.6927083333333334 0.013071895424836602 0.00857843137254902
1 0.8474264705882353 0.8635110294117647 0.015931372549019607 0.010723039215686275
1 0.10518790849673203 0.7175245098039216 0.012663398692810458 0.00857843137254902
1 0.24101307189542484 0.7977941176470589 0.013071895424836602 0.010416666666666666
1 0.40604575163398693 0.764859068627451 0.01715686274509804 0.010723039215686275
1 0.36437908496732024 0.7867647058823529 0.015522875816993464 0.012867647058823529
1 0.08415032679738563 0.6700367647058824 0.011437908496732025 0.007352941176470588
1 0.4445547385620915 0.9128507965686274 0.025547385620915034 0.018716299019607845
1 0.051674836601307186 0.6936274509803921 0.014297385620915032 0.009191176470588236
1 0.9771241830065359 0.6798406862745098 0.013071895424836602 0.00857843137254902
1 0.40788398692810457 0.78125 0.015931372549019607 0.011642156862745098
1 0.007352941176470588 0.6940870098039216 0.014705882352941176 0.009497549019607842
1 0.9129901960784313 0.6937806372549019 0.013888888888888888 0.008884803921568627
1 0.18137254901960784 0.6769301470588235 0.012254901960784314 0.008272058823529412
1 0.010416666666666666 0.7616421568627451 0.017565359477124183 0.011029411764705883
1 0.602328431372549 0.8634834558823529 0.01919934640522876 0.013731617647058823
1 0.14848856209150327 0.8149509803921569 0.016748366013071895 0.012867647058823529
1 0.20179738562091504 0.7213541666666666 0.012254901960784314 0.008272058823529412
1 0.7446895424836601 0.7631740196078431 0.014705882352941176 0.00980392156862745
1 0.6556372549019608 0.7849264705882353 0.016339869281045753 0.011642156862745098
1 0.4185049019607843 0.9206495098039216 0.016748366013071895 0.012867647058823529
1 0.670751633986928 0.8164828431372549 0.017973856209150325 0.012254901960784314
1 0.23039215686274508 0.9172794117647058 0.021241830065359478 0.01715686274509804
1 0.19587418300653595 0.7964154411764706 0.01919934640522876 0.012561274509803922
1 0.12724673202614378 0.7394301470588235 0.01511437908496732 0.008272058823529412
1 0.7305964052287581 0.7622549019607843 0.014297385620915032 0.010416666666666666
1 0.278390522875817 0.7037377450980392 0.014297385620915032 0.009191176470588236
1 0.007148692810457516 0.7694546568627451 0.013480392156862746 0.01011029411764706
1 0.09456699346405228 0.7513786764705882 0.016748366013071895 0.01011029411764706
1 0.5659722222222222 0.874234068627451 0.016748366013071895 0.013786764705882353
1 0.8745915032679739 0.8095894607843137 0.0196078431372549 0.013174019607843137
1 0.14133986928104575 0.7443321078431373 0.013071895424836602 0.008884803921568627
1 0.7933006535947712 0.6992953431372549 0.016339869281045753 0.01133578431372549
1 0.3312908496732026 0.8203125 0.014705882352941176 0.01011029411764706
1 0.07930351307189543 0.7394439338235295 0.015633169934640524 0.01075061274509804
1 0.07087418300653595 0.717984068627451 0.013480392156862746 0.008884803921568627
1 0.2397875816993464 0.9224877450980392 0.016339869281045753 0.012867647058823529
1 0.10191993464052287 0.7450980392156863 0.015931372549019607 0.00980392156862745
1 0.13929738562091504 0.8177083333333334 0.018790849673202614 0.014093137254901961
1 0.42461397058823525 0.7893137254901962 0.020796568627450978 0.013676470588235295
1 0.08905228758169935 0.7181372549019608 0.013071895424836602 0.009191176470588236
1 0.37479575163398693 0.788296568627451 0.020016339869281044 0.014705882352941176
1 0.8784722222222222 0.7582720588235294 0.017565359477124183 0.012254901960784314
1 0.647671568627451 0.8267463235294118 0.02165032679738562 0.015012254901960785
1 0.1881127450980392 0.7276348039215687 0.014297385620915032 0.011029411764705883
1 0.19607843137254902 0.7651654411764706 0.015522875816993464 0.010723039215686275
1 0.43423202614379086 0.9056372549019608 0.0196078431372549 0.015318627450980392
1 0.8341503267973857 0.6669730392156863 0.015522875816993464 0.011029411764705883
1 0.3417075163398693 0.7905943627450981 0.02165032679738562 0.016237745098039217
1 0.32046568627450983 0.7944240196078431 0.017565359477124183 0.013480392156862746
1 0.5578022875816994 0.9822303921568627 0.02246732026143791 0.017769607843137254
1 0.14767156862745098 0.9010416666666666 0.02165032679738562 0.015931372549019607
1 0.6744281045751634 0.7542892156862745 0.0196078431372549 0.012867647058823529
1 0.6973039215686274 0.7791053921568627 0.01715686274509804 0.012867647058823529
1 0.43443627450980393 0.9237132352941176 0.01919934640522876 0.014705882352941176
1 0.051879084967320264 0.7849264705882353 0.018790849673202614 0.012867647058823529
1 0.8186274509803921 0.8043811274509803 0.018790849673202614 0.012561274509803922
1 0.0793218954248366 0.7326761642156863 0.015669934640522874 0.009469975490196078
1 0.4724264705882353 0.8933823529411765 0.020833333333333332 0.015931372549019607
1 0.44496527777777783 0.8585814950980392 0.02310049019607843 0.016182598039215686
1 0.5034722222222222 0.8092830882352942 0.02165032679738562 0.014399509803921568
1 0.2806372549019608 0.7287071078431373 0.01715686274509804 0.011948529411764705
1 0.2577614379084967 0.8402267156862745 0.01715686274509804 0.013786764705882353
1 0.5245098039215687 0.9846813725490197 0.021241830065359478 0.017769607843137254
1 0.3047385620915033 0.8137254901960784 0.018790849673202614 0.011642156862745098
1 0.5778186274509803 0.8030024509803921 0.020833333333333332 0.014705882352941176
1 0.6186683006535948 0.8776041666666666 0.020833333333333332 0.015625
1 0.6055964052287581 0.8249080882352942 0.024101307189542485 0.015625
1 0.1772875816993464 0.8011642156862745 0.017973856209150325 0.012254901960784314
1 0.00980392156862745 0.8779105392156863 0.0196078431372549 0.019301470588235295
1 0.7379493464052288 0.8765318627450981 0.020833333333333332 0.01715686274509804
1 0.704452614379085 0.8558517156862745 0.023284313725490197 0.01685049019607843
1 0.41674223856209147 0.7867371323529412 0.015674019607843138 0.0128125
1 0.0887704248366013 0.7348759191176472 0.014142156862745097 0.008354779411764705
