1 0.9178921568627451 0.6580882352941176 0.01715686274509804 0.010416666666666666
1 0.9401552287581699 0.719515931372549 0.020833333333333332 0.013174019607843137
1 0.056372549019607844 0.5877757352941176 0.012254901960784314 0.008884803921568627
1 0.8941993464052288 0.6637561274509803 0.01715686274509804 0.01133578431372549
1 0.08680555555555555 0.6714154411764706 0.01838235294117647 0.011948529411764705
1 0.039419934640522875 0.5942095588235294 0.01511437908496732 0.009497549019607842
1 0.9058415032679739 0.6525735294117647 0.01919934640522876 0.012254901960784314
1 0.00959967320261438 0.6861213235294118 0.017565359477124183 0.015012254901960785
1 0.9730392156862745 0.6655943627450981 0.0196078431372549 0.011948529411764705
1 0.010212418300653595 0.7143075980392157 0.02042483660130719 0.015625
1 0.059640522875817 0.6992953431372549 0.021241830065359478 0.013174019607843137
1 0.07679738562091504 0.7757352941176471 0.025326797385620915 0.020833333333333332
