1 0.10506331699346405 0.6371369485294117 0.02957107843137255 0.018759191176470586
1 0.8031045751633987 0.6666666666666666 0.013071895424836602 0.009191176470588236
1 0.821078431372549 0.6620710784313726 0.013071895424836602 0.009191176470588236
1 0.6119281045751634 0.6381740196078431 0.0196078431372549 0.011642156862745098
1 0.3449754901960784 0.7374387254901961 0.025735294117647058 0.014705882352941176
1 0.9505718954248366 0.7533700980392157 0.02369281045751634 0.016544117647058824
1 0.30494281045751637 0.6989889705882353 0.020833333333333332 0.014399509803921568
1 0.7810457516339869 0.6392463235294118 0.01715686274509804 0.01133578431372549
1 0.125 0.7113970588235294 0.021241830065359478 0.015931372549019607
1 0.39767156862745096 0.6983762254901961 0.02165032679738562 0.015012254901960785
1 0.8361928104575164 0.6427696078431373 0.02042483660130719 0.013480392156862746
1 0.22508169934640523 0.6936274509803921 0.02287581699346405 0.016544117647058824
1 0.08415032679738563 0.6767769607843137 0.03349673202614379 0.020833333333333332
1 0.35130718954248363 0.7068014705882353 0.025326797385620915 0.017769607843137254
1 0.7912581699346405 0.7181372549019608 0.02287581699346405 0.015931372549019607
1 0.4709967320261438 0.7170649509803921 0.026143790849673203 0.019301470588235295
1 0.6772875816993464 0.6853553921568627 0.024509803921568627 0.01715686274509804
1 0.8257761437908496 0.7190563725490197 0.024101307189542485 0.016544117647058824
1 0.176062091503268 0.7242647058823529 0.02696078431372549 0.018995098039215685
1 0.10517973856209151 0.6428875612745099 0.02326797385620915 0.012490808823529412
1 0.7033946078431373 0.6101286764705882 0.016266339869281044 0.008247549019607843
1 0.09590686274509803 0.6059819240196078 0.0194281045751634 0.010370710784313725
1 0.7145220588235295 0.6294301470588235 0.01156045751633987 0.008247549019607843
