1 0.9385212418300654 0.7974877450980392 0.01511437908496732 0.011029411764705883
1 0.8378267973856209 0.6672794117647058 0.013071895424836602 0.010416666666666666
1 0.741421568627451 0.7659313725490197 0.016339869281045753 0.012867647058823529
1 0.6006944444444444 0.6942401960784313 0.020016339869281044 0.013480392156862746
1 0.8031045751633987 0.6930147058823529 0.013071895424836602 0.009191176470588236
1 0.9613970588235294 0.6300551470588235 0.012663398692810458 0.0070465686274509805
1 0.9706576797385621 0.6290333946078431 0.01402777777777778 0.010517769607843137
1 0.9146241830065359 0.6758578431372549 0.013888888888888888 0.010416666666666666
1 0.07250816993464053 0.907015931372549 0.023284313725490197 0.01685049019607843
1 0.6942401960784313 0.6876531862745098 0.016748366013071895 0.011948529411764705
1 0.6762663398692811 0.7666973039215687 0.015931372549019607 0.012561274509803922
1 0.7685866013071896 0.6323529411764706 0.014297385620915032 0.009191176470588236
1 0.4250408496732026 0.7544424019607843 0.017565359477124183 0.012561274509803922
1 0.8991013071895425 0.7032781862745098 0.017973856209150325 0.012561274509803922
1 0.9421977124183006 0.7196691176470589 0.017565359477124183 0.010416666666666666
1 0.9293300653594772 0.6691176470588235 0.016339869281045753 0.011029411764705883
1 0.9634395424836601 0.6887254901960784 0.015931372549019607 0.011029411764705883
