1 0.4599673202614379 0.6887254901960784 0.013071895424836602 0.009191176470588236
1 0.5735294117647058 0.7867647058823529 0.01715686274509804 0.011642156862745098
1 0.5641339869281046 0.8506433823529411 0.017973856209150325 0.013174019607843137
1 0.698296568627451 0.6654197303921568 0.01178921568627451 0.006697303921568627
1 0.4367708333333333 0.687608762254902 0.013247549019607842 0.008795955882352942
1 0.5015767973856209 0.6740854779411766 0.00968954248366013 0.007484681372549019
1 0.8417075163398693 0.9849877450980392 0.026552287581699346 0.01838235294117647
1 0.4383169934640523 0.9408700980392157 0.02287581699346405 0.014705882352941176
1 0.9732434640522876 0.6991421568627451 0.012663398692810458 0.00857843137254902
1 0.44076797385620914 0.8014705882352942 0.014705882352941176 0.011029411764705883
1 0.5504493464052288 0.8380821078431373 0.02165032679738562 0.012561274509803922
1 0.6311274509803921 0.766390931372549 0.022058823529411766 0.013786764705882353
1 0.9924428104575164 0.7757352941176471 0.014297385620915032 0.011029411764705883
1 0.8141339869281046 0.672640931372549 0.012254901960784314 0.008272058823529412
1 0.801062091503268 0.6803002450980392 0.013071895424836602 0.008272058823529412
1 0.6654411764705882 0.7745098039215687 0.01715686274509804 0.012254901960784314
1 0.4266748366013072 0.8025428921568627 0.015931372549019607 0.010723039215686275
1 0.5486111111111112 0.9459252450980392 0.02696078431372549 0.01991421568627451
1 0.5116421568627451 0.7616421568627451 0.017565359477124183 0.011029411764705883
1 0.6039624183006536 0.7901348039215687 0.015931372549019607 0.011029411764705883
1 0.7412173202614379 0.8628982843137255 0.01919934640522876 0.014399509803921568
1 0.5343137254901961 0.7815563725490197 0.016339869281045753 0.011029411764705883
1 0.5 0.7046568627450981 0.013071895424836602 0.011029411764705883
1 0.9117647058823529 0.7588848039215687 0.014705882352941176 0.00980392156862745
1 0.946078431372549 0.717984068627451 0.014705882352941176 0.009497549019607842
1 0.9883578431372549 0.8059129901960784 0.02246732026143791 0.015625
1 0.8954248366013072 0.7694546568627451 0.016339869281045753 0.01011029411764706
1 0.8212826797385621 0.9083946078431373 0.023284313725490197 0.017769607843137254
1 0.47546160130718956 0.6826639093137256 0.013831699346405229 0.009322916666666667
1 0.9761029411764706 0.7737438725490197 0.017565359477124183 0.010723039215686275
1 0.4522058823529412 0.7774203431372549 0.01715686274509804 0.011948529411764705
1 0.2118627450980392 0.8238802083333333 0.017679738562091502 0.01234375
1 0.43189746732026146 0.7729779411764706 0.019023692810457515 0.012254901960784314
1 0.7477532679738562 0.7268688725490197 0.01511437908496732 0.009497549019607842
1 0.5157271241830066 0.9575674019607843 0.027369281045751634 0.01991421568627451
1 0.4485294117647059 0.7931985294117647 0.02042483660130719 0.013480392156862746
1 0.9393382352941176 0.7602634803921569 0.01511437908496732 0.01011029411764706
1 0.20915032679738563 0.9903492647058824 0.032679738562091505 0.017463235294117647
1 0.9595016339869281 0.7670481004901961 0.015408496732026144 0.00958639705882353
1 0.8999183006535948 0.6948529411764706 0.013888888888888888 0.00980392156862745
1 0.14869281045751634 0.7277879901960784 0.017973856209150325 0.011948529411764705
1 0.3161764705882353 0.8365502450980392 0.018790849673202614 0.014399509803921568
1 0.24019607843137256 0.8192401960784313 0.022058823529411766 0.014093137254901961
1 0.14052287581699346 0.7444852941176471 0.01715686274509804 0.012867647058823529
1 0.38031045751633985 0.7751225490196079 0.021241830065359478 0.012867647058823529
1 0.2232434640522876 0.8143382352941176 0.01919934640522876 0.013480392156862746
1 0.3944035947712418 0.7942708333333334 0.017565359477124183 0.013174019607843137
1 0.9788745915032679 0.7621675857843138 0.015755718954248366 0.009629289215686274
1 0.1940359477124183 0.8302696078431373 0.021241830065359478 0.013480392156862746
1 0.4812091503267974 0.7676164215686274 0.02042483660130719 0.012561274509803922
1 0.9180964052287581 0.7757352941176471 0.015931372549019607 0.011029411764705883
1 0.6168300653594772 0.9725796568627451 0.029411764705882353 0.019301470588235295
1 0.7647058823529411 0.7697610294117647 0.01715686274509804 0.010723039215686275
1 0.9385212418300654 0.8091299019607843 0.020016339869281044 0.013480392156862746
1 0.9634395424836601 0.7472426470588235 0.016748366013071895 0.011029411764705883
1 0.04718137254901961 0.8981311274509803 0.024101307189542485 0.016237745098039217
1 0.24673202614379086 0.7575061274509803 0.018790849673202614 0.012561274509803922
1 0.18566176470588236 0.8167892156862745 0.020016339869281044 0.012867647058823529
1 0.16339869281045752 0.8267463235294118 0.024509803921568627 0.016237745098039217
1 0.8398692810457516 0.9099264705882353 0.024509803921568627 0.016544117647058824
1 0.3895016339869281 0.8305759803921569 0.020016339869281044 0.014705882352941176
1 0.4195261437908497 0.8319546568627451 0.02287581699346405 0.016237745098039217
1 0.8092320261437909 0.764859068627451 0.018790849673202614 0.012561274509803922
1 0.7497957516339869 0.7886029411764706 0.02165032679738562 0.014705882352941176
1 0.16748366013071894 0.921109068627451 0.026143790849673203 0.01685049019607843
1 0.9095179738562091 0.7026654411764706 0.015931372549019607 0.01133578431372549
1 0.8999183006535948 0.8022365196078431 0.025326797385620915 0.015625
1 0.8548958333333333 0.7366513480392156 0.01943218954248366 0.011292892156862746
1 0.8247549019607843 0.7818627450980392 0.022058823529411766 0.012254901960784314
1 0.414624183006536 0.9653799019607843 0.03022875816993464 0.022058823529411766
1 0.4483251633986928 0.8800551470588235 0.020016339869281044 0.015012254901960785
1 0.9325980392156863 0.8540134803921569 0.021241830065359478 0.015012254901960785
1 0.6719771241830066 0.7912071078431373 0.02287581699346405 0.015012254901960785
1 0.9072712418300654 0.9908088235294118 0.03349673202614379 0.01715686274509804
1 0.4068627450980392 0.8825061274509803 0.025326797385620915 0.018075980392156864
1 0.8624183006535947 0.7337408088235293 0.014052287581699345 0.008535539215686274
1 0.9582148692810457 0.7610508578431373 0.013651960784313726 0.006783088235294118
1 0.9793464052287582 0.7526041666666666 0.020784313725490198 0.010723039215686275
1 0.9731515522875818 0.7570680147058824 0.012479575163398694 0.006783088235294118
1 0.46837214052287585 0.6774111519607844 0.01190767973856209 0.006783088235294118
