1 0.9552696078431373 0.46047794117647056 0.015931372549019607 0.011029411764705883
1 0.9211601307189542 0.49846813725490197 0.01715686274509804 0.012254901960784314
1 0.948937908496732 0.4650735294117647 0.013888888888888888 0.009191176470588236
1 0.7786683006535948 0.46078431372549017 0.014852941176470588 0.009191176470588236
1 0.9918300653594772 0.5225183823529411 0.015522875816993464 0.015012254901960785
1 0.5108251633986928 0.4753370098039216 0.015931372549019607 0.010723039215686275
1 0.6468545751633987 0.4888174019607843 0.016748366013071895 0.010723039215686275
1 0.13480392156862744 0.6165747549019608 0.015522875816993464 0.01011029411764706
1 0.6799428104575164 0.5278799019607843 0.016748366013071895 0.010416666666666666
1 0.058823529411764705 0.5435049019607843 0.02369281045751634 0.016544117647058824
1 0.9133986928104575 0.5464154411764706 0.017973856209150325 0.011948529411764705
1 0.4238153594771242 0.4600183823529412 0.015931372549019607 0.01133578431372549
1 0.8047385620915033 0.49831495098039214 0.013888888888888888 0.009497549019607842
1 0.9873366013071896 0.47120098039215685 0.016339869281045753 0.012254901960784314
1 0.39685457516339867 0.5909926470588235 0.017565359477124183 0.012254901960784314
1 0.16380718954248366 0.49080882352941174 0.015522875816993464 0.00980392156862745
1 0.7007761437908496 0.6211703431372549 0.016748366013071895 0.010723039215686275
1 0.9626225490196079 0.5265012254901961 0.02900326797385621 0.017463235294117647
1 0.4019607843137255 0.5551470588235294 0.01715686274509804 0.011029411764705883
1 0.4352532679738562 0.5160845588235294 0.020016339869281044 0.013174019607843137
1 0.3474264705882353 0.48391544117647056 0.016748366013071895 0.01011029411764706
1 0.46078431372549017 0.4996936274509804 0.0196078431372549 0.012867647058823529
1 0.6791258169934641 0.49954044117647056 0.01511437908496732 0.010723039215686275
1 0.6587009803921569 0.6021752450980392 0.015931372549019607 0.010723039215686275
1 0.6660539215686274 0.4892769607843137 0.015931372549019607 0.011029411764705883
1 0.8276143790849673 0.48575367647058826 0.017973856209150325 0.011948529411764705
1 0.3786764705882353 0.5027573529411765 0.022058823529411766 0.012254901960784314
1 0.777610294117647 0.47168811274509803 0.018455882352941176 0.01139093137254902
1 0.5810866013071896 0.5269607843137255 0.01838235294117647 0.012254901960784314
1 0.7399918300653595 0.4719669117647059 0.01838235294117647 0.013174019607843137
1 0.6791258169934641 0.5744485294117647 0.01919934640522876 0.012867647058823529
1 0.18218954248366012 0.7012867647058824 0.028594771241830064 0.017769607843137254
1 0.8441584967320261 0.5626531862745098 0.025735294117647058 0.015625
1 0.7446895424836601 0.5421262254901961 0.0196078431372549 0.01133578431372549
1 0.023284313725490197 0.5479473039215687 0.02042483660130719 0.013786764705882353
1 0.7647058823529411 0.5139399509803921 0.02042483660130719 0.013174019607843137
1 0.3206699346405229 0.6015625 0.02369281045751634 0.015625
1 0.6615604575163399 0.7020526960784313 0.026552287581699346 0.018688725490196078
1 0.5931372549019608 0.616421568627451 0.018790849673202614 0.013480392156862746
1 0.19464869281045752 0.6078431372549019 0.020833333333333332 0.013480392156862746
1 0.5067401960784313 0.6462928921568627 0.025735294117647058 0.015625
1 0.8033088235294118 0.5343137254901961 0.024918300653594773 0.015318627450980392
1 0.7595996732026143 0.6256127450980392 0.023284313725490197 0.015318627450980392
1 0.4221813725490196 0.6346507352941176 0.024918300653594773 0.017463235294117647
1 0.41421568627450983 0.5628063725490197 0.021241830065359478 0.013480392156862746
1 0.1693218954248366 0.5366115196078431 0.02246732026143791 0.015012254901960785
1 0.809640522875817 0.5511642156862745 0.026143790849673203 0.015318627450980392
1 0.6178513071895425 0.5839460784313726 0.024101307189542485 0.015931372549019607
1 0.6223447712418301 0.7028186274509803 0.028186274509803922 0.018995098039215685
1 0.33169934640522875 0.6971507352941176 0.03431372549019608 0.017463235294117647
1 0.2346813725490196 0.5574448529411765 0.025735294117647058 0.016237745098039217
1 0.45302287581699346 0.6515012254901961 0.02696078431372549 0.015012254901960785
1 0.4021650326797386 0.6305147058823529 0.026552287581699346 0.017769607843137254
1 0.5375816993464052 0.7011335784313726 0.026143790849673203 0.01991421568627451
1 0.2610294117647059 0.5425857843137255 0.025326797385620915 0.015931372549019607
1 0.3306781045751634 0.6534926470588235 0.02900326797385621 0.01838235294117647
1 0.4401552287581699 0.6389399509803921 0.02165032679738562 0.016237745098039217
1 0.4936683006535948 0.6560968137254902 0.024101307189542485 0.016237745098039217
1 0.6905637254901961 0.7012867647058824 0.03145424836601307 0.022058823529411766
1 0.1988235294117647 0.45412837009803925 0.01937908496732026 0.01058517156862745
1 0.8743933823529412 0.5553416053921568 0.015126633986928106 0.008354779411764705
