1 0.9821670751633986 0.6942279411764706 0.012536764705882353 0.007941176470588236
1 0.9952083333333334 0.6946047794117647 0.009207516339869281 0.009920343137254903
1 0.9795751633986928 0.7241115196078431 0.015522875816993464 0.009497549019607842
1 0.027777777777777776 0.6645220588235294 0.016339869281045753 0.00980392156862745
1 0.2326388888888889 0.6630958946078431 0.00857843137254902 0.006951593137254903
1 0.6915849673202614 0.741421568627451 0.018790849673202614 0.012254901960784314
1 0.10477941176470588 0.6395526960784313 0.012663398692810458 0.008884803921568627
1 0.12663398692810457 0.6548713235294118 0.012254901960784314 0.007659313725490196
1 0.36294934640522875 0.6625306372549019 0.01838235294117647 0.011948529411764705
1 0.43716911764705885 0.750329350490196 0.02139705882352941 0.014139093137254902
1 0.994281045751634 0.7876838235294118 0.011437908496732025 0.012254901960784314
1 0.29726102941176474 0.6216176470588235 0.011188725490196078 0.007941176470588236
1 0.9164624183006536 0.6645220588235294 0.01511437908496732 0.009191176470588236
1 0.11621732026143791 0.6646752450980392 0.012663398692810458 0.008272058823529412
1 0.10600490196078431 0.7069546568627451 0.01184640522875817 0.008272058823529412
1 0.05269607843137255 0.7673100490196079 0.013071895424836602 0.008272058823529412
1 0.9185049019607843 0.7290134803921569 0.016748366013071895 0.01011029411764706
1 0.18872549019607843 0.8950674019607843 0.022058823529411766 0.01685049019607843
1 0.14602124183006535 0.6573805147058823 0.010996732026143792 0.006550245098039215
1 0.9899918300653595 0.7150735294117647 0.014297385620915032 0.010416666666666666
1 0.19914215686274508 0.6839767156862745 0.01184640522875817 0.008272058823529412
1 0.17708333333333334 0.7061887254901961 0.011029411764705883 0.007352941176470588
1 0.09191176470588236 0.7051164215686274 0.013071895424836602 0.008884803921568627
1 0.08660130718954248 0.727328431372549 0.016339869281045753 0.011029411764705883
1 0.7687908496732027 0.8310355392156863 0.0196078431372549 0.013174019607843137
1 0.16319444444444445 0.6876531862745098 0.013480392156862746 0.008884803921568627
1 0.3402777777777778 0.6721813725490197 0.014705882352941176 0.011029411764705883
1 0.19587418300653595 0.6871936274509803 0.013480392156862746 0.009191176470588236
1 0.9901960784313726 0.8495710784313726 0.0196078431372549 0.016544117647058824
1 0.9785539215686274 0.7092524509803921 0.014297385620915032 0.010416666666666666
1 0.48713235294117646 0.8166360294117647 0.01919934640522876 0.014399509803921568
1 0.1409313725490196 0.7352941176470589 0.013888888888888888 0.010416666666666666
1 0.21180555555555555 0.6939338235294118 0.012663398692810458 0.00857843137254902
1 0.9354575163398693 0.6596200980392157 0.017973856209150325 0.011029411764705883
1 0.8143382352941176 0.7758884803921569 0.01919934640522876 0.013786764705882353
1 0.9356617647058824 0.6685049019607843 0.01511437908496732 0.009191176470588236
1 0.06556372549019608 0.7598039215686274 0.015931372549019607 0.010416666666666666
1 0.9330065359477124 0.6973039215686274 0.014705882352941176 0.00980392156862745
1 0.23681781045751635 0.6810539215686274 0.012851307189542483 0.009166666666666667
1 0.9395424836601307 0.7323835784313726 0.017973856209150325 0.009497549019607842
1 0.9611928104575164 0.7775735294117647 0.016339869281045753 0.011029411764705883
1 0.1772875816993464 0.6790747549019608 0.014705882352941176 0.009497549019607842
1 0.7510212418300654 0.6835171568627451 0.01511437908496732 0.011642156862745098
1 0.1715686274509804 0.6559436274509803 0.013071895424836602 0.00857843137254902
1 0.9336192810457516 0.7466299019607843 0.020016339869281044 0.012254901960784314
1 0.7743055555555556 0.6881127450980392 0.017565359477124183 0.011029411764705883
1 0.8513071895424836 0.6703431372549019 0.013071895424836602 0.00857843137254902
1 0.7395833333333334 0.7460171568627451 0.017565359477124183 0.013480392156862746
1 0.8707107843137255 0.6548713235294118 0.014297385620915032 0.008884803921568627
1 0.1881127450980392 0.6876531862745098 0.012663398692810458 0.008884803921568627
1 0.45874183006535946 0.8532475490196079 0.025326797385620915 0.01838235294117647
1 0.8641748366013072 0.7282475490196079 0.01838235294117647 0.012867647058823529
1 0.9838643790849673 0.7598039215686274 0.020016339869281044 0.014093137254901961
1 0.8308823529411765 0.8037683823529411 0.018790849673202614 0.014399509803921568
1 0.9477124183006536 0.702359068627451 0.015522875816993464 0.010723039215686275
1 0.7124183006535948 0.8111213235294118 0.026143790849673203 0.018688725490196078
1 0.24571078431372548 0.8622855392156863 0.026552287581699346 0.017463235294117647
1 0.8899101307189542 0.7944240196078431 0.020016339869281044 0.014093137254901961
1 0.9021650326797386 0.8455882352941176 0.023284313725490197 0.017769607843137254
1 0.6764705882352942 0.8641237745098039 0.025326797385620915 0.018075980392156864
1 0.8784722222222222 0.8451286764705882 0.023284313725490197 0.01685049019607843
1 0.769123774509804 0.6930147058823529 0.013737745098039216 0.009191176470588236
