1 0.46568627450980393 0.6671262254901961 0.013888888888888888 0.010723039215686275
1 0.8821486928104575 0.6050857843137255 0.016748366013071895 0.00980392156862745
1 0.8944035947712419 0.6259191176470589 0.013480392156862746 0.00857843137254902
1 0.9953022875816994 0.6299019607843137 0.009395424836601307 0.013480392156862746
1 0.9697712418300654 0.5819546568627451 0.015522875816993464 0.01011029411764706
1 0.31924019607843135 0.6170343137254902 0.016748366013071895 0.011029411764705883
1 0.6787173202614379 0.7711397058823529 0.01919934640522876 0.014093137254901961
1 0.9105392156862745 0.6524203431372549 0.017973856209150325 0.010723039215686275
1 0.9481209150326797 0.7078737745098039 0.027777777777777776 0.013786764705882353
1 0.8090277777777778 0.6504289215686274 0.017565359477124183 0.012254901960784314
1 0.8253676470588235 0.6518075980392157 0.016748366013071895 0.011948529411764705
1 0.9113562091503268 0.6937806372549019 0.02042483660130719 0.011948529411764705
