1 0.7497957516339869 0.7150735294117647 0.017565359477124183 0.011642156862745098
1 0.7011846405228758 0.6950061274509803 0.01511437908496732 0.009497549019607842
1 0.7062908496732027 0.6030943627450981 0.011437908496732025 0.008272058823529412
1 0.4801695261437908 0.6011443014705883 0.010175653594771242 0.008048406862745099
1 0.2710375816993464 0.6853553921568627 0.013480392156862746 0.00857843137254902
1 0.1227532679738562 0.6896446078431373 0.012663398692810458 0.00857843137254902
1 0.22446895424836602 0.6629901960784313 0.013480392156862746 0.009191176470588236
1 0.7030228758169934 0.6493014705882354 0.014705882352941176 0.009387254901960785
1 0.4858517156862745 0.6097365196078431 0.01500408496732026 0.010526960784313725
1 0.7618464052287581 0.7162990196078431 0.018790849673202614 0.013480392156862746
1 0.17647058823529413 0.6579350490196079 0.014705882352941176 0.009497549019607842
1 0.23631535947712418 0.6204044117647058 0.013480392156862746 0.009191176470588236
1 0.1729983660130719 0.5966605392156863 0.01184640522875817 0.008884803921568627
1 0.14767156862745098 0.6334252450980392 0.014297385620915032 0.008884803921568627
1 0.7207924836601307 0.6778492647058824 0.016748366013071895 0.011948529411764705
1 0.3255718954248366 0.7048100490196079 0.015522875816993464 0.010723039215686275
1 0.2565359477124183 0.6818321078431373 0.017973856209150325 0.01133578431372549
1 0.6028860294117647 0.6474908088235294 0.01622957516339869 0.01005514705882353
1 0.7839052287581699 0.7487745098039216 0.018790849673202614 0.012867647058823529
1 0.6433823529411765 0.7098651960784313 0.01715686274509804 0.012867647058823529
1 0.369281045751634 0.796109068627451 0.0196078431372549 0.015012254901960785
1 0.15012254901960784 0.6464460784313726 0.013480392156862746 0.009191176470588236
1 0.20404411764705882 0.6321997549019608 0.015931372549019607 0.011948529411764705
1 0.3929738562091503 0.6799938725490197 0.016339869281045753 0.01133578431372549
1 0.06045751633986928 0.7959558823529411 0.02042483660130719 0.015318627450980392
1 0.5024509803921569 0.7234987745098039 0.01715686274509804 0.013174019607843137
1 0.23570261437908496 0.8503370098039216 0.026143790849673203 0.019301470588235295
1 0.5006127450980392 0.6223958333333334 0.017565359477124183 0.011948529411764705
1 0.07883986928104575 0.7861519607843137 0.02287581699346405 0.015931372549019607
1 0.39052287581699346 0.7746629901960784 0.024509803921568627 0.016237745098039217
1 0.24673202614379086 0.7294730392156863 0.021241830065359478 0.014093137254901961
1 0.5919117647058824 0.7604166666666666 0.02369281045751634 0.018995098039215685
1 0.9332107843137255 0.7621017156862745 0.02900326797385621 0.01991421568627451
1 0.4928002450980392 0.6021338848039216 0.014195261437908497 0.010027573529411764
1 0.5997671568627451 0.6429641544117648 0.013259803921568628 0.008354779411764705
1 0.609421977124183 0.6016605392156863 0.012144607843137254 0.00724264705882353
1 0.7758639705882353 0.6920113357843137 0.01659722222222222 0.0108609068627451
1 0.8103635620915033 0.7269102328431373 0.016968954248366013 0.011418504901960785
