1 0.8988970588235294 0.8382352941176471 0.02165032679738562 0.015318627450980392
1 0.8831699346405228 0.8371629901960784 0.02287581699346405 0.016237745098039217
1 0.052083333333333336 0.8687193627450981 0.025735294117647058 0.018688725490196078
1 0.7624591503267973 0.6916360294117647 0.024918300653594773 0.017463235294117647
1 0.136437908496732 0.6372549019607843 0.0196078431372549 0.015318627450980392
1 0.40584150326797386 0.6930147058823529 0.02246732026143791 0.016544117647058824
1 0.5469771241830066 0.6649816176470589 0.028594771241830064 0.021139705882352942
1 0.6478758169934641 0.711703431372549 0.02696078431372549 0.0196078431372549
1 0.8012663398692811 0.8327205882352942 0.03145424836601307 0.02144607843137255
1 0.45751633986928103 0.8751531862745098 0.028594771241830064 0.02297794117647059
