1 0.3506944444444444 0.6878063725490197 0.015931372549019607 0.009191176470588236
1 0.318218954248366 0.7064950980392157 0.017973856209150325 0.011029411764705883
1 0.9624183006535948 0.7409620098039216 0.017973856209150325 0.01011029411764706
1 0.12990196078431374 0.7521446078431373 0.0196078431372549 0.012254901960784314
1 0.7167075163398693 0.8639705882352942 0.024918300653594773 0.02022058823529412
1 0.5042892156862745 0.8737745098039216 0.024918300653594773 0.01838235294117647
1 0.6889297385620915 0.8756127450980392 0.03227124183006536 0.02144607843137255
1 0.2986111111111111 0.8834252450980392 0.0196078431372549 0.013174019607843137
1 0.9936683006535948 0.9171262254901961 0.012663398692810458 0.021752450980392156
1 0.5555555555555556 0.9183517156862745 0.029411764705882353 0.021752450980392156
1 0.8241421568627451 0.9237132352941176 0.03308823529411765 0.023284313725490197
1 0.670547385620915 0.9287683823529411 0.028186274509803922 0.022365196078431373
1 0.9636437908496732 0.9365808823529411 0.03431372549019608 0.027573529411764705
1 0.6556372549019608 0.9431678921568627 0.035130718954248366 0.030943627450980393
1 0.6280637254901961 0.9528186274509803 0.03390522875816993 0.029411764705882353
1 0.6885212418300654 0.9543504901960784 0.030637254901960783 0.01838235294117647
