1 0.47038398692810457 0.9044117647058824 0.01919934640522876 0.012867647058823529
1 0.4375 0.7078737745098039 0.016339869281045753 0.011948529411764705
1 0.27818627450980393 0.7046568627450981 0.014705882352941176 0.00980392156862745
1 0.2778717320261438 0.7134298406862746 0.015710784313725492 0.00896752450980392
1 0.5302287581699346 0.9555759803921569 0.017973856209150325 0.014705882352941176
1 0.04309640522875817 0.6879595588235294 0.020016339869281044 0.01133578431372549
1 0.35947712418300654 0.9479166666666666 0.021241830065359478 0.01715686274509804
1 0.5420751633986928 0.7276348039215687 0.01715686274509804 0.012254901960784314
1 0.17483660130718953 0.8393075980392157 0.02369281045751634 0.01685049019607843
1 0.19240196078431374 0.8109681372549019 0.02287581699346405 0.015318627450980392
1 0.1068218954248366 0.874234068627451 0.026552287581699346 0.018688725490196078
1 0.33312908496732024 0.8200061274509803 0.028186274509803922 0.019301470588235295
1 0.2716013071895425 0.717970281862745 0.013790849673202614 0.009469975490196078
