1 0.8384395424836601 0.7242647058823529 0.025735294117647058 0.022058823529411766
1 0.7810457516339869 0.7311580882352942 0.01715686274509804 0.015625
1 0.6683006535947712 0.7374387254901961 0.014705882352941176 0.012254901960784314
1 0.40870098039215685 0.7406556372549019 0.023284313725490197 0.018688725490196078
1 0.31495098039215685 0.7749693627450981 0.025326797385620915 0.021752450980392156
1 0.8689419934640523 0.8009604779411765 0.023014705882352944 0.019200367647058823
1 0.8110702614379085 0.8114276960784313 0.01511437908496732 0.012561274509803922
1 0.9660947712418301 0.8506433823529411 0.021241830065359478 0.018075980392156864
1 0.7596119281045751 0.7045542279411765 0.011870915032679738 0.00714767156862745
1 0.6951102941176471 0.7233195465686274 0.013586601307189541 0.00791360294117647
1 0.865704656862745 0.786560968137255 0.018991013071895425 0.011234681372549021
1 0.6885539215686274 0.7051026348039215 0.011911764705882353 0.00640625
1 0.019140114379084968 0.7237637867647058 0.00968545751633987 0.006963848039215686
1 0.1965972222222222 0.7378002450980392 0.010841503267973856 0.008075980392156863
1 0.05624183006535948 0.7613633578431372 0.011176470588235295 0.008633578431372548
1 0.7755433006535948 0.7000337009803921 0.01105392156862745 0.006685049019607843
