1 0.19301470588235295 0.6265318627450981 0.014297385620915032 0.011029411764705883
1 0.06352124183006536 0.6286764705882353 0.013480392156862746 0.00857843137254902
1 0.004697712418300653 0.6943933823529411 0.009395424836601307 0.013174019607843137
1 0.11866830065359477 0.6609987745098039 0.016748366013071895 0.008884803921568627
1 0.06719771241830065 0.7098651960784313 0.016748366013071895 0.011029411764705883
1 0.10477941176470588 0.6366421568627451 0.014297385620915032 0.00980392156862745
1 0.13480392156862744 0.6372549019607843 0.013888888888888888 0.00980392156862745
1 0.4616013071895425 0.7518382352941176 0.021241830065359478 0.01715686274509804
1 0.8298611111111112 0.6819852941176471 0.01838235294117647 0.013480392156862746
1 0.8553921568627451 0.7189031862745098 0.0196078431372549 0.014399509803921568
1 0.11754493464052287 0.7081801470588235 0.017769607843137254 0.011948529411764705
1 0.6883169934640523 0.7140012254901961 0.0196078431372549 0.015012254901960785
1 0.1198937908496732 0.6361825980392157 0.014297385620915032 0.01011029411764706
1 0.7704248366013072 0.7464767156862745 0.022058823529411766 0.015012254901960785
1 0.5249183006535948 0.8498774509803921 0.027777777777777776 0.01838235294117647
