1 0.5573937908496732 0.6095281862745098 0.014297385620915032 0.011948529411764705
1 0.965890522875817 0.6106004901960784 0.01184640522875817 0.007352941176470588
1 0.8026960784313726 0.6138174019607843 0.016339869281045753 0.006433823529411764
1 0.31209150326797386 0.6139705882352942 0.007352941176470588 0.0055147058823529415
1 0.3255718954248366 0.6141237745098039 0.007352941176470588 0.005208333333333333
1 0.5725081699346405 0.6159620098039216 0.014297385620915032 0.008884803921568627
1 0.9816176470588235 0.6159620098039216 0.01715686274509804 0.012561274509803922
1 0.04268790849673203 0.616421568627451 0.013480392156862746 0.007965686274509803
1 0.3598856209150327 0.6167279411764706 0.008169934640522876 0.006740196078431373
1 0.7258986928104575 0.6184129901960784 0.011437908496732025 0.0070465686274509805
1 0.03676470588235294 0.6193321078431373 0.013071895424836602 0.006433823529411764
1 0.19914215686274508 0.6202512254901961 0.023284313725490197 0.014399509803921568
1 0.8171977124183006 0.6220894607843137 0.00857843137254902 0.0070465686274509805
1 0.32741013071895425 0.6245404411764706 0.01511437908496732 0.011948529411764705
1 0.3151552287581699 0.6280637254901961 0.014297385620915032 0.009191176470588236
1 0.2849264705882353 0.6282169117647058 0.01511437908496732 0.006433823529411764
1 0.07209967320261437 0.6302083333333334 0.014297385620915032 0.009191176470588236
1 0.6431781045751634 0.6311274509803921 0.012663398692810458 0.010416666666666666
1 0.6556372549019608 0.6317401960784313 0.013888888888888888 0.007965686274509803
1 0.7393790849673203 0.6318933823529411 0.010620915032679739 0.006433823529411764
1 0.7524509803921569 0.6321997549019608 0.015522875816993464 0.0070465686274509805
1 0.4875408496732026 0.6378676470588235 0.012663398692810458 0.011642156862745098
1 0.7295751633986928 0.6386335784313726 0.010620915032679739 0.0070465686274509805
1 0.8705065359477124 0.6389399509803921 0.008986928104575163 0.008272058823529412
1 0.4446486928104575 0.6409313725490197 0.012663398692810458 0.011642156862745098
1 0.8263888888888888 0.6430759803921569 0.015522875816993464 0.010416666666666666
1 0.6272467320261438 0.6450674019607843 0.020016339869281044 0.009497549019607842
1 0.029616013071895424 0.6458333333333334 0.014297385620915032 0.006127450980392157
1 0.7559232026143791 0.6464460784313726 0.014297385620915032 0.011642156862745098
1 0.3347630718954248 0.6469056372549019 0.01184640522875817 0.010723039215686275
1 0.7079248366013072 0.6482843137254902 0.013071895424836602 0.011642156862745098
1 0.8229166666666666 0.6521139705882353 0.016748366013071895 0.012561274509803922
1 0.7397875816993464 0.6524203431372549 0.017973856209150325 0.011948529411764705
1 0.4013480392156863 0.6565563725490197 0.020833333333333332 0.015931372549019607
1 0.556781045751634 0.6587009803921569 0.0196078431372549 0.017769607843137254
1 0.42830882352941174 0.6611519607843137 0.013480392156862746 0.012254901960784314
1 0.647671568627451 0.6626838235294118 0.01511437908496732 0.00857843137254902
1 0.49816176470588236 0.6643688725490197 0.013480392156862746 0.008272058823529412
1 0.4323937908496732 0.6698835784313726 0.017565359477124183 0.010723039215686275
1 0.7242647058823529 0.6714154411764706 0.01715686274509804 0.013174019607843137
1 0.3729575163398693 0.6749387254901961 0.013071895424836602 0.011029411764705883
1 0.12193627450980392 0.6781556372549019 0.017565359477124183 0.014399509803921568
1 0.6603349673202614 0.6829044117647058 0.017565359477124183 0.012867647058823529
1 0.6425653594771242 0.6868872549019608 0.0196078431372549 0.00980392156862745
1 0.6756535947712419 0.6878063725490197 0.018790849673202614 0.014705882352941176
1 0.627859477124183 0.6891850490196079 0.016339869281045753 0.012561274509803922
1 0.8470179738562091 0.6948529411764706 0.01838235294117647 0.01715686274509804
1 0.2522467320261438 0.6979166666666666 0.01511437908496732 0.016544117647058824
1 0.49060457516339867 0.6985294117647058 0.016339869281045753 0.011642156862745098
1 0.7673611111111112 0.6996017156862745 0.016748366013071895 0.015012254901960785
1 0.7504084967320261 0.6997549019607843 0.01715686274509804 0.014093137254901961
1 0.5571895424836601 0.7037377450980392 0.0196078431372549 0.015931372549019607
1 0.6348039215686274 0.7043504901960784 0.017973856209150325 0.014093137254901961
1 0.8700980392156863 0.7144607843137255 0.016339869281045753 0.014093137254901961
1 0.37888071895424835 0.7210477941176471 0.01919934640522876 0.017463235294117647
1 0.9530228758169934 0.7216605392156863 0.013071895424836602 0.010723039215686275
1 0.6936274509803921 0.7227328431372549 0.02369281045751634 0.018995098039215685
1 0.31556372549019607 0.7264093137254902 0.015931372549019607 0.012254901960784314
1 0.7538807189542484 0.7363664215686274 0.01838235294117647 0.015625
1 0.8331290849673203 0.7378982843137255 0.017565359477124183 0.009497549019607842
1 0.8102532679738562 0.7424938725490197 0.016748366013071895 0.010723039215686275
1 0.875 0.7478553921568627 0.021241830065359478 0.013480392156862746
1 0.40645424836601307 0.7582720588235294 0.021241830065359478 0.017769607843137254
1 0.6382761437908496 0.7686887254901961 0.02165032679738562 0.018995098039215685
1 0.6599264705882353 0.7751225490196079 0.02246732026143791 0.014093137254901961
1 0.5243055555555556 0.7886029411764706 0.027369281045751634 0.014705882352941176
1 0.5435049019607843 0.7892156862745098 0.02165032679738562 0.02022058823529412
1 0.6934232026143791 0.7933517156862745 0.01838235294117647 0.016237745098039217
1 0.3827614379084967 0.7958026960784313 0.016339869281045753 0.015012254901960785
1 0.7352941176470589 0.796875 0.0196078431372549 0.015931372549019607
1 0.7555147058823529 0.7997855392156863 0.024101307189542485 0.015012254901960785
1 0.7197712418300654 0.8002450980392157 0.02696078431372549 0.01715686274509804
1 0.8214869281045751 0.8147977941176471 0.021241830065359478 0.012561274509803922
1 0.19934640522875818 0.8246017156862745 0.0196078431372549 0.017463235294117647
1 0.9183006535947712 0.8336397058823529 0.021241830065359478 0.015931372549019607
1 0.4897875816993464 0.8440563725490197 0.027777777777777776 0.023284313725490197
1 0.4724264705882353 0.8540134803921569 0.0298202614379085 0.015012254901960785
1 0.9262663398692811 0.8921568627450981 0.025735294117647058 0.015931372549019607
