1 0.2391748366013072 0.6375612745098039 0.013480392156862746 0.00857843137254902
1 0.5267565359477124 0.7271752450980392 0.015931372549019607 0.01011029411764706
1 0.4250408496732026 0.6962316176470589 0.01184640522875817 0.008272058823529412
1 0.705232843137255 0.6339690563725491 0.011772875816993465 0.008746936274509804
1 0.8700980392156863 0.6089154411764706 0.011437908496732025 0.007659313725490196
1 0.29044117647058826 0.6619178921568627 0.010620915032679739 0.0070465686274509805
1 0.33169934640522875 0.6510416666666666 0.010620915032679739 0.007352941176470588
1 0.3423202614379085 0.6602328431372549 0.013888888888888888 0.009191176470588236
1 0.7820669934640523 0.6862745098039216 0.013480392156862746 0.010416666666666666
1 0.22977941176470587 0.7173713235294118 0.012663398692810458 0.009497549019607842
1 0.7787990196078431 0.6919424019607843 0.013480392156862746 0.008884803921568627
1 0.030841503267973858 0.7132352941176471 0.01184640522875817 0.009191176470588236
1 0.3845996732026144 0.7184436274509803 0.01919934640522876 0.013480392156862746
1 0.16911764705882354 0.7513786764705882 0.013888888888888888 0.008272058823529412
1 0.16973039215686275 0.7363664215686274 0.015931372549019607 0.009497549019607842
1 0.23590686274509803 0.6738664215686274 0.014297385620915032 0.009497549019607842
1 0.7353308823529412 0.6417110906862745 0.010694444444444444 0.0076868872549019605
1 0.8617238562091504 0.6636029411764706 0.013480392156862746 0.00857843137254902
1 0.059027777777777776 0.7199754901960784 0.015931372549019607 0.010416666666666666
1 0.9168709150326797 0.6689644607843137 0.012663398692810458 0.008272058823529412
1 0.2549019607843137 0.7074142156862745 0.013071895424836602 0.009191176470588236
1 0.25163398692810457 0.6634497549019608 0.012254901960784314 0.008272058823529412
1 0.5065359477124183 0.7680759803921569 0.013888888888888888 0.009191176470588236
1 0.051154003267973855 0.7501393995098039 0.01979166666666667 0.010695465686274509
1 0.4456699346405229 0.7680759803921569 0.016339869281045753 0.011029411764705883
1 0.4089052287581699 0.7608762254901961 0.016339869281045753 0.010723039215686275
1 0.27205882352941174 0.725796568627451 0.014705882352941176 0.010416666666666666
1 0.05065359477124183 0.7345281862745098 0.016339869281045753 0.01011029411764706
1 0.8788807189542484 0.6778492647058824 0.013480392156862746 0.008884803921568627
1 0.821078431372549 0.7045036764705882 0.017973856209150325 0.010723039215686275
1 0.1781045751633987 0.7440257352941176 0.017973856209150325 0.012561274509803922
1 0.5475898692810458 0.7516850490196079 0.01838235294117647 0.013174019607843137
1 0.6872957516339869 0.7524509803921569 0.020016339869281044 0.014093137254901961
1 0.3272058823529412 0.7772671568627451 0.0196078431372549 0.012867647058823529
1 0.6076388888888888 0.7598039215686274 0.017565359477124183 0.013480392156862746
1 0.7994281045751634 0.6982230392156863 0.014705882352941176 0.011029411764705883
1 0.07827001633986928 0.7723376225490196 0.01520016339869281 0.009748774509803921
