1 0.6834150326797386 0.8956801470588235 0.024509803921568627 0.018075980392156864
1 0.8149509803921569 0.8831188725490197 0.026143790849673203 0.015625
1 0.6973039215686274 0.6928615196078431 0.013888888888888888 0.009497549019607842
1 0.6182598039215687 0.8572303921568627 0.017565359477124183 0.012867647058823529
1 0.7171160130718954 0.9860600490196079 0.034722222222222224 0.02420343137254902
1 0.8731617647058824 0.7432598039215687 0.017565359477124183 0.011642156862745098
1 0.44219771241830064 0.7092524509803921 0.01838235294117647 0.012254901960784314
1 0.9910130718954249 0.7342218137254902 0.01715686274509804 0.012561274509803922
1 0.8080065359477124 0.7012867647058824 0.018790849673202614 0.013480392156862746
1 0.17422385620915032 0.7305453431372549 0.023284313725490197 0.016237745098039217
1 0.9227941176470589 0.8465073529411765 0.027777777777777776 0.02144607843137255
1 0.8543709150326797 0.9770220588235294 0.03145424836601307 0.02389705882352941
1 0.8513071895424836 0.9276960784313726 0.027777777777777776 0.02267156862745098
1 0.43554738562091505 0.6361381740196078 0.01161764705882353 0.006344975490196078
1 0.6670894607843137 0.7003002450980392 0.01310049019607843 0.007830882352941175
