1 0.35098651960784316 0.7929136029411765 0.01814950980392157 0.012910539215686275
1 0.00857843137254902 0.8322610294117647 0.015522875816993464 0.014399509803921568
1 0.20772058823529413 0.7942708333333334 0.02165032679738562 0.013174019607843137
1 0.1492177287581699 0.9145664828431372 0.03699754901960784 0.024598651960784316
1 0.10375816993464053 0.8690257352941176 0.021241830065359478 0.013174019607843137
1 0.04758986928104575 0.6537990196078431 0.016748366013071895 0.011029411764705883
1 0.0051062091503267975 0.7268688725490197 0.010212418300653595 0.01133578431372549
1 0.24579861111111112 0.8794424019607843 0.019375 0.013786764705882353
1 0.12969771241830066 0.7565870098039216 0.016748366013071895 0.012561274509803922
1 0.004697712418300653 0.8881740196078431 0.009395424836601307 0.0196078431372549
1 0.13909313725490197 0.7962622549019608 0.026552287581699346 0.01838235294117647
1 0.15298202614379086 0.8426776960784313 0.017565359477124183 0.012561274509803922
1 0.008986928104575163 0.7008272058823529 0.014705882352941176 0.01011029411764706
1 0.039419934640522875 0.7671568627450981 0.016748366013071895 0.012254901960784314
1 0.051674836601307186 0.8783700980392157 0.027369281045751634 0.016544117647058824
1 0.13398692810457516 0.8950674019607843 0.032679738562091505 0.020526960784313725
1 0.16380718954248366 0.8301164215686274 0.022058823529411766 0.015625
1 0.10416666666666667 0.7640931372549019 0.02287581699346405 0.016544117647058824
1 0.9932598039215687 0.8668811274509803 0.013480392156862746 0.02665441176470588
1 0.7828839869281046 0.7755821078431373 0.02900326797385621 0.021139705882352942
1 0.0821078431372549 0.7866115196078431 0.022058823529411766 0.015012254901960785
1 0.8970588235294118 0.8491115196078431 0.029411764705882353 0.021752450980392156
1 0.306781045751634 0.7823223039215687 0.024509803921568627 0.018075980392156864
1 0.6750408496732027 0.8730085784313726 0.03227124183006536 0.02542892156862745
1 0.3206699346405229 0.8345588235294118 0.04493464052287582 0.03370098039215686
1 0.4042075163398693 0.8137254901960784 0.04534313725490196 0.03125
1 0.26552287581699346 0.8612132352941176 0.0457516339869281 0.030637254901960783
1 0.7712418300653595 0.8380821078431373 0.031862745098039214 0.02542892156862745
1 0.4305555555555556 0.8704044117647058 0.05065359477124183 0.03799019607843137
1 0.7994281045751634 0.9079350490196079 0.03758169934640523 0.02849264705882353
1 0.08238562091503268 0.9036672794117647 0.016895424836601308 0.011378676470588236
