1 0.005718954248366013 0.7314139093137255 0.011437908496732025 0.010009191176470589
1 0.01150531045751634 0.842984068627451 0.01647467320261438 0.010723039215686275
1 0.9436274509803921 0.9074754901960784 0.018790849673202614 0.014093137254901961
1 0.21446078431372548 0.8106617647058824 0.0196078431372549 0.012867647058823529
1 0.20465686274509803 0.7869178921568627 0.013888888888888888 0.009497549019607842
1 0.20363562091503268 0.8016237745098039 0.014297385620915032 0.01011029411764706
1 0.023964460784313725 0.7749188112745098 0.01688316993464052 0.011847426470588236
1 0.23372957516339868 0.7661351102941176 0.012393790849673203 0.008985906862745098
1 0.21997549019607843 0.9802389705882353 0.023284313725490197 0.015625
1 0.6341911764705882 0.8203125 0.017565359477124183 0.011948529411764705
1 0.11540032679738563 0.8681066176470589 0.016748366013071895 0.010723039215686275
1 0.8888888888888888 0.7242647058823529 0.016339869281045753 0.011642156862745098
1 0.9667075163398693 0.7688419117647058 0.01511437908496732 0.01011029411764706
1 0.7242647058823529 0.8460477941176471 0.01715686274509804 0.012561274509803922
1 0.948937908496732 0.8253676470588235 0.016339869281045753 0.012254901960784314
1 0.8102532679738562 0.8347120098039216 0.017565359477124183 0.013786764705882353
1 0.7461192810457516 0.8481924019607843 0.01511437908496732 0.011948529411764705
1 0.6070261437908496 0.8074448529411765 0.02042483660130719 0.013786764705882353
1 0.8560049019607843 0.782015931372549 0.017565359477124183 0.01133578431372549
1 0.943218954248366 0.8484987745098039 0.018790849673202614 0.012561274509803922
1 0.9906045751633987 0.8731617647058824 0.017973856209150325 0.014093137254901961
1 0.9783496732026143 0.7977941176470589 0.01715686274509804 0.012254901960784314
1 0.06209150326797386 0.7377450980392157 0.016339869281045753 0.010416666666666666
1 0.03533496732026144 0.7386642156862745 0.014297385620915032 0.009191176470588236
1 0.16094771241830066 0.8576899509803921 0.024509803921568627 0.016237745098039217
1 0.9109477124183006 0.8403799019607843 0.017973856209150325 0.012867647058823529
1 0.19505718954248366 0.8224571078431373 0.015931372549019607 0.01133578431372549
1 0.07352941176470588 0.8714767156862745 0.01715686274509804 0.01133578431372549
1 0.040236928104575166 0.8621323529411765 0.02165032679738562 0.013480392156862746
1 0.049836601307189546 0.8178615196078431 0.02042483660130719 0.012561274509803922
1 0.15400326797385622 0.8157169117647058 0.01715686274509804 0.011948529411764705
1 0.13214869281045752 0.8276654411764706 0.01919934640522876 0.013786764705882353
1 0.05984477124183007 0.8607536764705882 0.017565359477124183 0.012561274509803922
1 0.8741830065359477 0.8399203431372549 0.021241830065359478 0.015012254901960785
1 0.11095383986928105 0.7196691176470589 0.011123366013071895 0.006740196078431373
