1 0.8760212418300654 0.39859068627450983 0.017565359477124183 0.011029411764705883
1 0.40298202614379086 0.6354166666666666 0.020833333333333332 0.013480392156862746
1 0.39072712418300654 0.48238357843137253 0.01919934640522876 0.012561274509803922
1 0.4826388888888889 0.3955269607843137 0.012663398692810458 0.00857843137254902
1 0.2508169934640523 0.4846813725490196 0.02042483660130719 0.013480392156862746
1 0.1096813725490196 0.6533394607843137 0.027369281045751634 0.016237745098039217
1 0.22038398692810457 0.43581495098039214 0.016748366013071895 0.01133578431372549
1 0.1388888888888889 0.6904105392156863 0.021241830065359478 0.015625
1 0.35498366013071897 0.5202205882352942 0.021241830065359478 0.014093137254901961
1 0.14787581699346405 0.6573223039215687 0.029411764705882353 0.014399509803921568
1 0.1198937908496732 0.4134497549019608 0.015931372549019607 0.009497549019607842
1 0.32516339869281047 0.7204350490196079 0.02369281045751634 0.015625
1 0.3901143790849673 0.5240502450980392 0.021241830065359478 0.013786764705882353
1 0.13031045751633988 0.6142769607843137 0.024509803921568627 0.014705882352941176
1 0.4360702614379085 0.5546875 0.020833333333333332 0.013174019607843137
1 0.13133169934640523 0.6315870098039216 0.025735294117647058 0.014399509803921568
1 0.07802287581699346 0.44485294117647056 0.02042483660130719 0.010416666666666666
1 0.7359068627450981 0.7530637254901961 0.024918300653594773 0.01715686274509804
1 0.5322712418300654 0.6225490196078431 0.02287581699346405 0.015318627450980392
1 0.4256535947712418 0.6000306372549019 0.02042483660130719 0.014399509803921568
1 0.3053513071895425 0.5752144607843137 0.02246732026143791 0.015012254901960785
1 0.17422385620915032 0.585171568627451 0.02246732026143791 0.016544117647058824
1 0.03431372549019608 0.6364889705882353 0.03349673202614379 0.019301470588235295
1 0.3449754901960784 0.5044424019607843 0.025735294117647058 0.015012254901960785
1 0.17136437908496732 0.40670955882352944 0.014297385620915032 0.009497549019607842
1 0.0676062091503268 0.4059436274509804 0.015931372549019607 0.00980392156862745
1 0.2804330065359477 0.6982230392156863 0.027369281045751634 0.020833333333333332
1 0.31270424836601307 0.43550857843137253 0.01919934640522876 0.013786764705882353
1 0.15849673202614378 0.5784313725490197 0.02287581699346405 0.016544117647058824
1 0.7526552287581699 0.5251225490196079 0.0298202614379085 0.016544117647058824
1 0.8680555555555556 0.40762867647058826 0.02696078431372549 0.015012254901960785
1 0.26000816993464054 0.6939338235294118 0.026552287581699346 0.02144607843137255
1 0.00755718954248366 0.4186580882352941 0.01511437908496732 0.011948529411764705
1 0.16748366013071894 0.4183517156862745 0.016339869281045753 0.010723039215686275
1 0.29697712418300654 0.4397977941176471 0.0196078431372549 0.013174019607843137
1 0.19750816993464052 0.5626531862745098 0.02900326797385621 0.018688725490196078
1 0.27961601307189543 0.45036764705882354 0.02900326797385621 0.020833333333333332
1 0.3423202614379085 0.4643075980392157 0.02369281045751634 0.01685049019607843
1 0.30330882352941174 0.5556066176470589 0.024918300653594773 0.01685049019607843
1 0.9035947712418301 0.7363664215686274 0.03431372549019608 0.02542892156862745
1 0.17892156862745098 0.48514093137254904 0.027777777777777776 0.016237745098039217
1 0.08639705882352941 0.6174938725490197 0.028186274509803922 0.020526960784313725
1 0.1227532679738562 0.4928002450980392 0.025735294117647058 0.018075980392156864
1 0.30187908496732024 0.7633272058823529 0.04084967320261438 0.030330882352941176
1 0.6609477124183006 0.6838235294117647 0.028594771241830064 0.023284313725490197
1 0.10069444444444445 0.7463235294117647 0.034722222222222224 0.027573529411764705
1 0.06655024509803921 0.4306066176470588 0.016270424836601308 0.008884803921568627
1 0.12148692810457515 0.42386642156862747 0.01258169934640523 0.007659313725490196
