1 0.6188725490196079 0.8340992647058824 0.03022875816993464 0.021139705882352942
1 0.6463725490196078 0.598624387254902 0.014967320261437909 0.007910539215686274
1 0.3984885620915033 0.7489276960784313 0.024101307189542485 0.014399509803921568
1 0.7232066993464052 0.6393857230392157 0.013406862745098039 0.00793811274509804
1 0.49816176470588236 0.7890625 0.028186274509803922 0.015012254901960785
1 0.9044117647058824 0.7097120098039216 0.018790849673202614 0.013174019607843137
1 0.36008986928104575 0.6121323529411765 0.016748366013071895 0.010416666666666666
1 0.41891339869281047 0.6188725490196079 0.020016339869281044 0.012254901960784314
1 0.6997549019607843 0.8118872549019608 0.021241830065359478 0.014705882352941176
1 0.2852798202614379 0.6161994485294118 0.01500408496732026 0.009972426470588235
1 0.5972222222222222 0.6148207720588236 0.013888888888888888 0.008440563725490196
1 0.29820261437908496 0.7787990196078431 0.027777777777777776 0.018995098039215685
1 0.6772875816993464 0.7231924019607843 0.02287581699346405 0.01685049019607843
1 0.3931781045751634 0.734375 0.02246732026143791 0.013480392156862746
1 0.32189542483660133 0.7809436274509803 0.02042483660130719 0.015931372549019607
1 0.35580065359477125 0.6329656862745098 0.016339869281045753 0.011029411764705883
1 0.9450571895424836 0.7738970588235294 0.02246732026143791 0.014705882352941176
1 0.2961049836601307 0.6224647671568627 0.017046568627450978 0.0108609068627451
1 0.8774509803921569 0.7601102941176471 0.025326797385620915 0.016544117647058824
1 0.4812091503267974 0.7299325980392157 0.024509803921568627 0.016237745098039217
1 0.40727124183006536 0.7251838235294118 0.021241830065359478 0.014093137254901961
1 0.30657679738562094 0.7294730392156863 0.023284313725490197 0.015931372549019607
1 0.852328431372549 0.6449142156862745 0.01838235294117647 0.013480392156862746
1 0.7624591503267973 0.8290441176470589 0.026552287581699346 0.01838235294117647
1 0.4791666666666667 0.7746629901960784 0.025326797385620915 0.018075980392156864
1 0.4736519607843137 0.6956188725490197 0.02246732026143791 0.016237745098039217
1 0.3582516339869281 0.7809436274509803 0.024509803921568627 0.01715686274509804
1 0.5505433006535948 0.7935049019607843 0.029191176470588234 0.0196078431372549
1 0.42749183006535946 0.7071078431372549 0.020833333333333332 0.015931372549019607
1 0.5146323529411765 0.7325919117647058 0.018643790849673204 0.014816176470588235
1 0.1781045751633987 0.5931372549019608 0.024509803921568627 0.015931372549019607
1 0.5141299019607842 0.7749004289215686 0.0233578431372549 0.018550857843137255
1 0.43852124183006536 0.6820128676470588 0.024101307189542485 0.0184375
1 0.36008986928104575 0.8036151960784313 0.03308823529411765 0.02389705882352941
1 0.15359477124183007 0.6969975490196079 0.03676470588235294 0.025735294117647058
1 0.22140522875816993 0.7228860294117647 0.04330065359477124 0.03400735294117647
1 0.3533190359477124 0.624499080882353 0.01627859477124183 0.010027573529411764
1 0.2997385620915033 0.6359742647058824 0.017777777777777778 0.010306372549019609
1 0.12820874183006536 0.6024126838235294 0.01295343137254902 0.007521446078431373
1 0.3871752450980392 0.7619761029411766 0.02108251633986928 0.014761029411764706
1 0.74234272875817 0.7911381740196078 0.02145016339869281 0.013648897058823528
1 0.7998223039215686 0.7856786151960784 0.02366421568627451 0.015597426470588234
1 0.6823059640522876 0.6420450367647059 0.017389705882352943 0.011418504901960785
1 0.7920281862745098 0.6496492034313726 0.01624591503267974 0.009469975490196078
1 0.783376225490196 0.8184329044117646 0.013647875816993463 0.010027573529411764
