1 0.7307066993464052 0.7519914215686274 0.019419934640522874 0.012561274509803922
1 0.349468954248366 0.6761642156862745 0.015931372549019607 0.011029411764705883
1 0.31781045751633985 0.7022058823529411 0.02042483660130719 0.014093137254901961
1 0.9613970588235294 0.616421568627451 0.015931372549019607 0.00980392156862745
1 0.3602941176470588 0.7919730392156863 0.022058823529411766 0.015931372549019607
1 0.8439542483660131 0.7922794117647058 0.024509803921568627 0.017769607843137254
1 0.304125816993464 0.702359068627451 0.017565359477124183 0.013174019607843137
1 0.7843137254901961 0.8348651960784313 0.03104575163398693 0.02267156862745098
1 0.3854166666666667 0.6697303921568627 0.017565359477124183 0.011642156862745098
1 0.7986111111111112 0.7990196078431373 0.025326797385620915 0.015931372549019607
1 0.4244281045751634 0.7974877450980392 0.018790849673202614 0.015318627450980392
1 0.9726307189542484 0.6202512254901961 0.017973856209150325 0.012561274509803922
1 0.4368872549019608 0.8336397058823529 0.01919934640522876 0.015318627450980392
1 0.25163398692810457 0.6852022058823529 0.017973856209150325 0.013174019607843137
1 0.24305555555555555 0.7032781862745098 0.0196078431372549 0.013174019607843137
1 0.3125 0.7532169117647058 0.021241830065359478 0.013786764705882353
1 0.11233660130718955 0.7147671568627451 0.02287581699346405 0.014705882352941176
1 0.6836192810457516 0.7662377450980392 0.020833333333333332 0.014705882352941176
1 0.26143790849673204 0.7775735294117647 0.025326797385620915 0.015931372549019607
1 0.23570261437908496 0.6829044117647058 0.0196078431372549 0.015931372549019607
1 0.9707924836601307 0.8385416666666666 0.030637254901960783 0.023284313725490197
1 0.8433415032679739 0.7028186274509803 0.01838235294117647 0.012867647058823529
1 0.37111928104575165 0.6916360294117647 0.017565359477124183 0.012561274509803922
1 0.4229983660130719 0.7576593137254902 0.02165032679738562 0.016544117647058824
1 0.21772875816993464 0.7450980392156863 0.02287581699346405 0.015318627450980392
1 0.5821078431372549 0.7460171568627451 0.022058823529411766 0.017769607843137254
1 0.7375408496732027 0.7424938725490197 0.024101307189542485 0.017463235294117647
1 0.47610294117647056 0.842984068627451 0.026552287581699346 0.019301470588235295
1 0.8026960784313726 0.7486213235294118 0.022058823529411766 0.015012254901960785
1 0.05310457516339869 0.6544117647058824 0.01715686274509804 0.012254901960784314
1 0.8876633986928104 0.7002144607843137 0.018790849673202614 0.013786764705882353
1 0.17279411764705882 0.6383272058823529 0.01715686274509804 0.010723039215686275
1 0.1627859477124183 0.7693014705882353 0.026552287581699346 0.01838235294117647
1 0.31638071895424835 0.7302389705882353 0.024101307189542485 0.01685049019607843
1 0.051266339869281044 0.9102328431372549 0.03553921568627451 0.025735294117647058
1 0.3886846405228758 0.7478553921568627 0.023284313725490197 0.014705882352941176
1 0.8198529411764706 0.7561274509803921 0.02287581699346405 0.015931372549019607
1 0.34681372549019607 0.9027267156862745 0.027777777777777776 0.01991421568627451
1 0.5919117647058824 0.9420955882352942 0.03104575163398693 0.023284313725490197
1 0.3000408496732026 0.8192401960784313 0.027369281045751634 0.020833333333333332
1 0.8700980392156863 0.9689031862745098 0.0392156862745098 0.029105392156862746
1 0.8817401960784313 0.9433210784313726 0.030637254901960783 0.0196078431372549
1 0.5900735294117647 0.8753063725490197 0.03308823529411765 0.024509803921568627
