1 0.13071895424836602 0.6171875 0.013888888888888888 0.008884803921568627
1 0.20751633986928106 0.6617647058823529 0.015522875816993464 0.00980392156862745
1 0.5518790849673203 0.6299019607843137 0.017973856209150325 0.010416666666666666
1 0.5157271241830066 0.6314338235294118 0.01511437908496732 0.00980392156862745
1 0.8658088235294118 0.6550245098039216 0.01919934640522876 0.013480392156862746
1 0.0392156862745098 0.5811887254901961 0.012254901960784314 0.007965686274509803
1 0.14767156862745098 0.6505821078431373 0.01511437908496732 0.008884803921568627
1 0.8452022058823528 0.5972732843137255 0.013116830065359478 0.008884803921568627
1 0.9040032679738562 0.6747855392156863 0.02369281045751634 0.013174019607843137
1 0.14991830065359477 0.5920649509803921 0.012254901960784314 0.0070465686274509805
1 0.2005718954248366 0.5828737745098039 0.012254901960784314 0.008272058823529412
1 0.14052287581699346 0.5899203431372549 0.011437908496732025 0.007659313725490196
1 0.7001633986928104 0.6012561274509803 0.013888888888888888 0.01011029411764706
1 0.7193627450980392 0.649203431372549 0.016339869281045753 0.012867647058823529
1 0.0055147058823529415 0.6643688725490197 0.011029411764705883 0.01011029411764706
1 0.17585784313725492 0.664828431372549 0.014297385620915032 0.010416666666666666
1 0.8931781045751634 0.6220894607843137 0.01838235294117647 0.01133578431372549
1 0.44607843137254904 0.6251531862745098 0.014705882352941176 0.01011029411764706
1 0.13786764705882354 0.6861213235294118 0.01511437908496732 0.01011029411764706
1 0.16544117647058823 0.6735600490196079 0.014705882352941176 0.010723039215686275
1 0.0778186274509804 0.5827205882352942 0.012663398692810458 0.007965686274509803
1 0.09272875816993464 0.5795036764705882 0.013888888888888888 0.008884803921568627
1 0.2949346405228758 0.6340379901960784 0.015522875816993464 0.010723039215686275
1 0.8535539215686274 0.6102941176470589 0.014297385620915032 0.00980392156862745
1 0.5853758169934641 0.6372549019607843 0.017973856209150325 0.011642156862745098
1 0.5502450980392157 0.6435355392156863 0.014705882352941176 0.01011029411764706
1 0.9213643790849673 0.6292892156862745 0.020016339869281044 0.012867647058823529
1 0.5955882352941176 0.6577818627450981 0.01715686274509804 0.010416666666666666
1 0.12152777777777778 0.6178002450980392 0.013480392156862746 0.008884803921568627
1 0.15257352941176472 0.6132046568627451 0.014297385620915032 0.008884803921568627
1 0.9172794117647058 0.6608455882352942 0.020833333333333332 0.014093137254901961
1 0.08741830065359477 0.5689338235294118 0.014705882352941176 0.00980392156862745
1 0.16993464052287582 0.5886948529411765 0.013888888888888888 0.008884803921568627
1 0.4309640522875817 0.7394301470588235 0.017973856209150325 0.013786764705882353
1 0.4362745098039216 0.6599264705882353 0.01715686274509804 0.011029411764705883
1 0.06883169934640523 0.6674325980392157 0.016748366013071895 0.01133578431372549
1 0.9675245098039216 0.6470588235294118 0.01919934640522876 0.011642156862745098
1 0.6652369281045751 0.7841605392156863 0.020016339869281044 0.015012254901960785
1 0.46078431372549017 0.688265931372549 0.017973856209150325 0.012561274509803922
1 0.05780228758169935 0.6628370098039216 0.01919934640522876 0.013174019607843137
1 0.5586192810457516 0.7647058823529411 0.027369281045751634 0.02022058823529412
