1 0.9930555555555556 0.5761335784313726 0.013888888888888888 0.019301470588235295
1 0.9056372549019608 0.43903186274509803 0.01715686274509804 0.00980392156862745
1 0.6736111111111112 0.4419424019607843 0.013888888888888888 0.009497549019607842
1 0.9656862745098039 0.46139705882352944 0.01715686274509804 0.010416666666666666
1 0.2986111111111111 0.4618566176470588 0.025326797385620915 0.018075980392156864
1 0.9093137254901961 0.4814644607843137 0.022058823529411766 0.014399509803921568
1 0.9330065359477124 0.5755208333333334 0.02696078431372549 0.01685049019607843
1 0.858251633986928 0.5534620098039216 0.029411764705882353 0.017463235294117647
1 0.9444444444444444 0.4724264705882353 0.021241830065359478 0.012254901960784314
1 0.9078839869281046 0.507046568627451 0.025735294117647058 0.015318627450980392
1 0.8815359477124183 0.49785539215686275 0.027777777777777776 0.01715686274509804
1 0.7291666666666666 0.4574142156862745 0.0196078431372549 0.012867647058823529
1 0.5610702614379085 0.49494485294117646 0.020833333333333332 0.013786764705882353
1 0.889501633986928 0.5513174019607843 0.0298202614379085 0.020526960784313725
1 0.9852941176470589 0.6254595588235294 0.029411764705882353 0.02297794117647059
1 0.8020833333333334 0.48636642156862747 0.02246732026143791 0.015625
1 0.7401960784313726 0.48330269607843135 0.021241830065359478 0.014399509803921568
1 0.9767156862745098 0.5643382352941176 0.03104575163398693 0.02144607843137255
1 0.11968954248366014 0.6420036764705882 0.031862745098039214 0.022365196078431373
1 0.9793709150326797 0.6677389705882353 0.03553921568627451 0.020526960784313725
1 0.7777777777777778 0.5696997549019608 0.029411764705882353 0.021139705882352942
