1 0.23243464052287582 0.7374387254901961 0.013888888888888888 0.010416666666666666
1 0.7967728758169934 0.6649816176470589 0.012663398692810458 0.009497549019607842
1 0.2540849673202614 0.6999080882352942 0.013071895424836602 0.009497549019607842
1 0.3574346405228758 0.6862745098039216 0.012254901960784314 0.00857843137254902
1 0.34620098039215685 0.6761642156862745 0.013480392156862746 0.009191176470588236
1 0.7808415032679739 0.6643688725490197 0.014297385620915032 0.01011029411764706
1 0.6723856209150327 0.8628982843137255 0.017973856209150325 0.013786764705882353
1 0.2455065359477124 0.7297794117647058 0.015522875816993464 0.00980392156862745
1 0.7075163398692811 0.8500306372549019 0.014705882352941176 0.01011029411764706
1 0.26062091503267976 0.741421568627451 0.014705882352941176 0.010416666666666666
1 0.5334967320261438 0.9923406862745098 0.03022875816993464 0.014705882352941176
1 0.37602124183006536 0.8172487745098039 0.01511437908496732 0.01133578431372549
1 0.26491013071895425 0.8160232843137255 0.020016339869281044 0.010723039215686275
1 0.36825980392156865 0.8241421568627451 0.015931372549019607 0.011029411764705883
1 0.3882761437908497 0.7277879901960784 0.016748366013071895 0.01011029411764706
1 0.7395833333333334 0.8330269607843137 0.015931372549019607 0.011642156862745098
1 0.18831699346405228 0.8337928921568627 0.017973856209150325 0.013786764705882353
1 0.4950980392156863 0.7498468137254902 0.018790849673202614 0.013786764705882353
1 0.7069035947712419 0.9857536764705882 0.0298202614379085 0.020526960784313725
1 0.3827614379084967 0.7843137254901961 0.016339869281045753 0.010416666666666666
1 0.6754493464052288 0.8383884803921569 0.01838235294117647 0.013786764705882353
1 0.35171568627450983 0.8304227941176471 0.015522875816993464 0.01011029411764706
1 0.6027369281045751 0.8673406862745098 0.01838235294117647 0.011029411764705883
1 0.7214052287581699 0.8610600490196079 0.01715686274509804 0.01133578431372549
1 0.36519607843137253 0.7493872549019608 0.013888888888888888 0.00980392156862745
1 0.36294934640522875 0.8074448529411765 0.01838235294117647 0.011948529411764705
1 0.003880718954248366 0.7582720588235294 0.007761437908496732 0.015931372549019607
1 0.11233660130718955 0.7512254901960784 0.017973856209150325 0.011642156862745098
1 0.16605392156862744 0.7513786764705882 0.016748366013071895 0.01011029411764706
1 0.3880718954248366 0.7398897058823529 0.016339869281045753 0.011642156862745098
1 0.28288398692810457 0.8105085784313726 0.015931372549019607 0.01133578431372549
1 0.38643790849673204 0.7970281862745098 0.018790849673202614 0.013786764705882353
1 0.48651960784313725 0.7956495098039216 0.0196078431372549 0.011029411764705883
1 0.3723447712418301 0.8405330882352942 0.014297385620915032 0.009497549019607842
1 0.6948529411764706 0.8665747549019608 0.02287581699346405 0.015012254901960785
1 0.3776552287581699 0.7916666666666666 0.017565359477124183 0.013480392156862746
1 0.7685866013071896 0.9258578431372549 0.02165032679738562 0.01838235294117647
1 0.7720588235294118 0.8244485294117647 0.021241830065359478 0.014705882352941176
1 0.7248774509803921 0.8484987745098039 0.016748366013071895 0.011948529411764705
1 0.4444444444444444 0.8037683823529411 0.0196078431372549 0.013786764705882353
1 0.9930555555555556 0.7058823529411765 0.013071895424836602 0.011029411764705883
1 0.599468954248366 0.8140318627450981 0.015931372549019607 0.010416666666666666
1 0.0690359477124183 0.7556678921568627 0.01715686274509804 0.011948529411764705
1 0.5508578431372549 0.8632046568627451 0.02165032679738562 0.014399509803921568
1 0.24019607843137256 0.7731311274509803 0.02287581699346405 0.012561274509803922
1 0.47467320261437906 0.8030024509803921 0.018790849673202614 0.012254901960784314
1 0.795751633986928 0.8572303921568627 0.0196078431372549 0.012867647058823529
1 0.3997140522875817 0.8596813725490197 0.020833333333333332 0.014705882352941176
1 0.14930555555555555 0.780484068627451 0.01838235294117647 0.012561274509803922
1 0.49550653594771243 0.8072916666666666 0.016339869281045753 0.011029411764705883
1 0.9587418300653595 0.7913602941176471 0.024509803921568627 0.015931372549019607
1 0.31270424836601307 0.6792279411764706 0.015931372549019607 0.00980392156862745
1 0.20241013071895425 0.7668504901960784 0.01838235294117647 0.012254901960784314
1 0.23080065359477125 0.6796875 0.014705882352941176 0.009497549019607842
1 0.733251633986928 0.7555147058823529 0.02042483660130719 0.014093137254901961
1 0.5030637254901961 0.8579963235294118 0.016748366013071895 0.013174019607843137
1 0.38623366013071897 0.7535232843137255 0.01838235294117647 0.011948529411764705
1 0.20547385620915032 0.6796875 0.014705882352941176 0.009497549019607842
1 0.5753676470588235 0.8653492647058824 0.020833333333333332 0.014399509803921568
1 0.9893790849673203 0.9790134803921569 0.02042483660130719 0.021752450980392156
1 0.0835375816993464 0.7475490196078431 0.02165032679738562 0.014705882352941176
1 0.5347222222222222 0.8678002450980392 0.018790849673202614 0.012561274509803922
1 0.1031454248366013 0.9137561274509803 0.023284313725490197 0.015625
1 0.34068627450980393 0.7714460784313726 0.0196078431372549 0.012867647058823529
1 0.17279411764705882 0.7444852941176471 0.017973856209150325 0.012867647058823529
1 0.8817401960784313 0.7475490196078431 0.020833333333333332 0.012867647058823529
1 0.6311274509803921 0.8221507352941176 0.017973856209150325 0.013174019607843137
1 0.15502450980392157 0.7408088235294118 0.016748366013071895 0.011029411764705883
1 0.7275326797385621 0.9005821078431373 0.02696078431372549 0.018688725490196078
1 0.6607434640522876 0.8177083333333334 0.02246732026143791 0.014705882352941176
1 0.6049836601307189 0.7617953431372549 0.018790849673202614 0.013786764705882353
1 0.2587826797385621 0.6833639705882353 0.01838235294117647 0.011948529411764705
1 0.27369281045751637 0.7685355392156863 0.016339869281045753 0.010723039215686275
1 0.22487745098039216 0.7594975490196079 0.020833333333333332 0.014093137254901961
1 0.42116013071895425 0.7201286764705882 0.02042483660130719 0.012561274509803922
1 0.3668300653594771 0.9126838235294118 0.025326797385620915 0.02144607843137255
1 0.6531862745098039 0.8310355392156863 0.026143790849673203 0.017463235294117647
1 0.9438316993464052 0.8727022058823529 0.02900326797385621 0.018075980392156864
1 0.20608660130718953 0.7064950980392157 0.020833333333333332 0.013480392156862746
1 0.5339052287581699 0.8575367647058824 0.02042483660130719 0.014093137254901961
1 0.7066993464052288 0.7859987745098039 0.02287581699346405 0.015625
1 0.1968954248366013 0.6939338235294118 0.016339869281045753 0.010416666666666666
1 0.25245098039215685 0.8625919117647058 0.025326797385620915 0.018075980392156864
