1 0.6466503267973857 0.6825980392156863 0.01715686274509804 0.010416666666666666
1 0.9166666666666666 0.8164828431372549 0.021241830065359478 0.012867647058823529
1 0.4936683006535948 0.6953125 0.014297385620915032 0.009497549019607842
1 0.8521241830065359 0.7043504901960784 0.016339869281045753 0.010416666666666666
1 0.7048611111111112 0.9649203431372549 0.02246732026143791 0.015625
1 0.11356209150326797 0.6980698529411765 0.018790849673202614 0.013174019607843137
1 0.661968954248366 0.9560355392156863 0.020833333333333332 0.013786764705882353
1 0.8337418300653595 0.7015931372549019 0.016339869281045753 0.010416666666666666
1 0.7561274509803921 0.7441789215686274 0.016339869281045753 0.011029411764705883
1 0.681781045751634 0.6989889705882353 0.01715686274509804 0.010723039215686275
1 0.8049428104575164 0.8414522058823529 0.020833333333333332 0.013174019607843137
1 0.8133169934640523 0.8985906862745098 0.017973856209150325 0.012867647058823529
1 0.8082107843137255 0.7052696078431373 0.016748366013071895 0.010416666666666666
1 0.963031045751634 0.7048100490196079 0.017565359477124183 0.010723039215686275
1 0.9462826797385621 0.7110906862745098 0.016748366013071895 0.009191176470588236
1 0.6687091503267973 0.6969975490196079 0.015522875816993464 0.010416666666666666
1 0.7618464052287581 0.6959252450980392 0.01715686274509804 0.01133578431372549
1 0.9462826797385621 0.8102022058823529 0.020016339869281044 0.015012254901960785
1 0.7113970588235294 0.7587316176470589 0.016748366013071895 0.012561274509803922
1 0.7118055555555556 0.8344056372549019 0.020833333333333332 0.014399509803921568
1 0.9066584967320261 0.8092830882352942 0.020016339869281044 0.013174019607843137
1 0.6791258169934641 0.9609375 0.02165032679738562 0.015012254901960785
1 0.8259803921568627 0.9168198529411765 0.021241830065359478 0.013786764705882353
1 0.8398692810457516 0.7166053921568627 0.015522875816993464 0.00980392156862745
1 0.7732843137254902 0.7003676470588235 0.016339869281045753 0.010416666666666666
1 0.8508986928104575 0.827359068627451 0.022058823529411766 0.015012254901960785
1 0.9477124183006536 0.7699142156862745 0.0196078431372549 0.013480392156862746
1 0.9160539215686274 0.8622855392156863 0.024101307189542485 0.016237745098039217
1 0.7118055555555556 0.7881433823529411 0.020833333333333332 0.015012254901960785
1 0.7542892156862745 0.7199754901960784 0.017565359477124183 0.012254901960784314
1 0.8700980392156863 0.7198223039215687 0.018790849673202614 0.013174019607843137
1 0.741421568627451 0.8962928921568627 0.026143790849673203 0.017463235294117647
1 0.8952205882352942 0.7256433823529411 0.01838235294117647 0.01133578431372549
1 0.7706290849673203 0.7303921568627451 0.017565359477124183 0.011642156862745098
1 0.7728758169934641 0.7190563725490197 0.01715686274509804 0.011029411764705883
1 0.6431781045751634 0.7230392156862745 0.01919934640522876 0.012254901960784314
1 0.9571078431372549 0.7467830882352942 0.0196078431372549 0.011948529411764705
1 0.9756944444444444 0.7293198529411765 0.01838235294117647 0.012561274509803922
1 0.974468954248366 0.8728553921568627 0.02246732026143791 0.016544117647058824
1 0.9464869281045751 0.8458946078431373 0.02042483660130719 0.014705882352941176
1 0.1766748366013072 0.8008578431372549 0.026552287581699346 0.01838235294117647
1 0.8811274509803921 0.8261335784313726 0.021241830065359478 0.014399509803921568
1 0.8674428104575164 0.8454350490196079 0.02165032679738562 0.015012254901960785
1 0.8611111111111112 0.8181678921568627 0.022058823529411766 0.015625
1 0.9297385620915033 0.7630208333333334 0.021241830065359478 0.015625
1 0.7205882352941176 0.8325674019607843 0.021241830065359478 0.015625
1 0.9285130718954249 0.836703431372549 0.02287581699346405 0.016544117647058824
1 0.8537581699346405 0.9333639705882353 0.024509803921568627 0.018688725490196078
1 0.8729575163398693 0.9280024509803921 0.027777777777777776 0.02144607843137255
1 0.03145424836601307 0.9016544117647058 0.03349673202614379 0.02267156862745098
1 0.306781045751634 0.7409620098039216 0.02042483660130719 0.015012254901960785
1 0.795547385620915 0.7556678921568627 0.024101307189542485 0.01685049019607843
1 0.8357843137254902 0.9051776960784313 0.024509803921568627 0.018688725490196078
1 0.7103758169934641 0.8964460784313726 0.02696078431372549 0.022058823529411766
1 0.7800245098039216 0.7876838235294118 0.026552287581699346 0.01838235294117647
1 0.05371732026143791 0.8872549019607843 0.03553921568627451 0.026348039215686275
1 0.6131535947712419 0.7930453431372549 0.02369281045751634 0.01685049019607843
1 0.7312091503267973 0.9306066176470589 0.02696078431372549 0.020526960784313725
1 0.9319852941176471 0.9515931372549019 0.03390522875816993 0.026348039215686275
1 0.2965686274509804 0.8186274509803921 0.028594771241830064 0.0196078431372549
1 0.7867647058823529 0.8904718137254902 0.02696078431372549 0.020526960784313725
1 0.3270016339869281 0.9074754901960784 0.03308823529411765 0.02696078431372549
