1 0.7465277777777778 0.6663602941176471 0.010212418300653595 0.00980392156862745
1 0.8059640522875817 0.6986825980392157 0.011437908496732025 0.009497549019607842
1 0.9705882352941176 0.7041973039215687 0.013888888888888888 0.01133578431372549
1 0.3872549019607843 0.7299325980392157 0.013071895424836602 0.013174019607843137
1 0.6227532679738562 0.7276348039215687 0.013480392156862746 0.012254901960784314
1 0.46425653594771243 0.7415747549019608 0.013480392156862746 0.012561274509803922
1 0.34068627450980393 0.7617953431372549 0.012254901960784314 0.010723039215686275
1 0.8353758169934641 0.7627144607843137 0.012254901960784314 0.01133578431372549
1 0.5594362745098039 0.7714460784313726 0.014297385620915032 0.013480392156862746
1 0.1621732026143791 0.7863051470588235 0.016339869281045753 0.014399509803921568
1 0.8435457516339869 0.7938112745098039 0.013888888888888888 0.011642156862745098
1 0.8799019607843137 0.7958026960784313 0.016339869281045753 0.013174019607843137
1 0.9477124183006536 0.8066789215686274 0.015522875816993464 0.012867647058823529
1 0.4013480392156863 0.8131127450980392 0.015931372549019607 0.014093137254901961
1 0.12254901960784313 0.8178615196078431 0.017973856209150325 0.016237745098039217
1 0.2647058823529412 0.8250612745098039 0.014705882352941176 0.012254901960784314
1 0.8147467320261438 0.8477328431372549 0.016748366013071895 0.012867647058823529
1 0.6133415032679739 0.6439950980392157 0.012630718954248367 0.00857843137254902
1 0.581482843137255 0.6479779411764706 0.011821895424836602 0.006740196078431373
1 0.584342320261438 0.6619178921568627 0.011004901960784314 0.006433823529411764
1 0.5970302287581699 0.6603860294117647 0.012687908496732025 0.008272058823529412
1 0.7957128267973856 0.6678921568627451 0.015445261437908498 0.00980392156862745
1 0.9162030228758169 0.711703431372549 0.014595588235294117 0.011642156862745098
1 0.8380739379084967 0.7277879901960784 0.0160171568627451 0.009497549019607842
1 0.8482863562091504 0.7362132352941176 0.014383169934640522 0.007965686274509803
1 0.8961907679738562 0.7372855392156863 0.01460375816993464 0.012561274509803922
1 0.9033374183006535 0.7182904411764706 0.010923202614379084 0.007659313725490196
1 0.8881209150326796 0.7927389705882353 0.012352941176470587 0.010723039215686275
