1 0.2973856209150327 0.7734375 0.021241830065359478 0.011948529411764705
1 0.5408496732026143 0.7680759803921569 0.012254901960784314 0.007965686274509803
1 0.9906045751633987 0.7521446078431373 0.015522875816993464 0.011029411764705883
1 0.3376388888888889 0.7949785539215686 0.015964052287581697 0.010300245098039215
1 0.5361519607843137 0.8080575980392157 0.015931372549019607 0.010723039215686275
1 0.3276143790849673 0.7495404411764706 0.014705882352941176 0.008884803921568627
1 0.4875408496732026 0.803921568627451 0.016748366013071895 0.00980392156862745
1 0.8766339869281046 0.7731311274509803 0.017973856209150325 0.011948529411764705
1 0.22058823529411764 0.7556678921568627 0.014705882352941176 0.009497549019607842
1 0.20547385620915032 0.7634803921568627 0.013888888888888888 0.009191176470588236
1 0.2238562091503268 0.7683823529411765 0.016339869281045753 0.011029411764705883
1 0.46772875816993464 0.6018688725490197 0.014705882352941176 0.008272058823529412
1 0.39195261437908496 0.7264093137254902 0.01838235294117647 0.011642156862745098
1 0.5122549019607843 0.7809436274509803 0.013888888888888888 0.009191176470588236
1 0.2757352941176471 0.7717524509803921 0.018790849673202614 0.012254901960784314
1 0.1934232026143791 0.6709558823529411 0.01511437908496732 0.009191176470588236
1 0.5102124183006536 0.8030024509803921 0.017973856209150325 0.00980392156862745
1 0.10825163398692811 0.6591605392156863 0.015522875816993464 0.009497549019607842
1 0.2062908496732026 0.6276041666666666 0.013071895424836602 0.008272058823529412
1 0.09906045751633986 0.7216605392156863 0.016748366013071895 0.010723039215686275
1 0.8786764705882353 0.7222732843137255 0.016339869281045753 0.01011029411764706
1 0.7022058823529411 0.6646752450980392 0.011437908496732025 0.008272058823529412
1 0.6650326797385621 0.8483455882352942 0.017973856209150325 0.011642156862745098
1 0.9262663398692811 0.7905943627450981 0.01511437908496732 0.01011029411764706
1 0.16176470588235295 0.7357536764705882 0.017973856209150325 0.01133578431372549
1 0.7834967320261438 0.7748161764705882 0.01715686274509804 0.012867647058823529
1 0.5563725490196079 0.6289828431372549 0.013888888888888888 0.009191176470588236
1 0.7459150326797386 0.6464460784313726 0.015522875816993464 0.010416666666666666
1 0.03390522875816993 0.7178308823529411 0.013888888888888888 0.00980392156862745
1 0.7450980392156863 0.7843137254901961 0.018790849673202614 0.011029411764705883
1 0.35498366013071897 0.6780024509803921 0.013888888888888888 0.009191176470588236
1 0.2679738562091503 0.6030943627450981 0.010620915032679739 0.007659313725490196
1 0.3555964052287582 0.6035539215686274 0.013480392156862746 0.007965686274509803
1 0.701797385620915 0.8022365196078431 0.016339869281045753 0.013786764705882353
1 0.2916666666666667 0.6439950980392157 0.013071895424836602 0.00857843137254902
1 0.6525735294117647 0.7342218137254902 0.015931372549019607 0.01133578431372549
1 0.02185457516339869 0.719515931372549 0.01511437908496732 0.01011029411764706
1 0.47467320261437906 0.8854166666666666 0.021241830065359478 0.015318627450980392
1 0.24571078431372548 0.6223958333333334 0.01184640522875817 0.0070465686274509805
1 0.9554738562091504 0.6657475490196079 0.02369281045751634 0.013480392156862746
1 0.20465686274509803 0.7130821078431373 0.011437908496732025 0.008272058823529412
1 0.25620710784313727 0.6555422794117647 0.014048202614379085 0.009001225490196078
1 0.8196486928104575 0.7616421568627451 0.016748366013071895 0.010416666666666666
1 0.9652777777777778 0.6475183823529411 0.01715686274509804 0.01133578431372549
1 0.49203431372549017 0.6992953431372549 0.016748366013071895 0.01011029411764706
1 0.8457924836601307 0.6525735294117647 0.014297385620915032 0.009191176470588236
1 0.926062091503268 0.758578431372549 0.017973856209150325 0.012254901960784314
1 0.4758986928104575 0.6499693627450981 0.014705882352941176 0.008884803921568627
1 0.764501633986928 0.7392769607843137 0.01919934640522876 0.012254901960784314
1 0.3180147058823529 0.6686580882352942 0.013480392156862746 0.008884803921568627
1 0.22998366013071894 0.7893688725490197 0.02287581699346405 0.013174019607843137
1 0.9616013071895425 0.6868872549019608 0.024509803921568627 0.014705882352941176
1 0.5618872549019608 0.7731311274509803 0.015931372549019607 0.010723039215686275
1 0.3707107843137255 0.7418811274509803 0.01511437908496732 0.012561274509803922
1 0.1721813725490196 0.6404718137254902 0.01184640522875817 0.008272058823529412
1 0.9274918300653595 0.7095588235294118 0.020833333333333332 0.011642156862745098
1 0.6883169934640523 0.7722120098039216 0.015522875816993464 0.011948529411764705
1 0.6962826797385621 0.7910539215686274 0.013480392156862746 0.00980392156862745
1 0.2332516339869281 0.640625 0.015522875816993464 0.010416666666666666
1 0.733251633986928 0.7080269607843137 0.012254901960784314 0.00857843137254902
1 0.5755718954248366 0.6850490196078431 0.016339869281045753 0.011029411764705883
1 0.7340686274509803 0.6493566176470589 0.01715686274509804 0.010723039215686275
1 0.7502042483660131 0.6446078431372549 0.014297385620915032 0.009191176470588236
1 0.32230392156862747 0.6467524509803921 0.012254901960784314 0.007965686274509803
1 0.6470588235294118 0.6377144607843137 0.014705882352941176 0.009497549019607842
1 0.3553921568627451 0.7025122549019608 0.0196078431372549 0.011642156862745098
1 0.09109477124183006 0.7398897058823529 0.013071895424836602 0.00857843137254902
1 0.2775735294117647 0.6600796568627451 0.015931372549019607 0.008884803921568627
1 0.2937091503267974 0.7599571078431373 0.018790849673202614 0.011948529411764705
1 0.32883986928104575 0.7579656862745098 0.015522875816993464 0.012254901960784314
1 0.7242647058823529 0.7939644607843137 0.017973856209150325 0.012561274509803922
1 0.5800653594771242 0.7712928921568627 0.016339869281045753 0.010723039215686275
1 0.6441993464052288 0.7746629901960784 0.014705882352941176 0.01011029411764706
1 0.2826797385620915 0.6515012254901961 0.013888888888888888 0.008884803921568627
1 0.5671977124183006 0.7475490196078431 0.015931372549019607 0.011642156862745098
1 0.8490604575163399 0.7611825980392157 0.017565359477124183 0.011948529411764705
1 0.3243464052287582 0.6306678921568627 0.012254901960784314 0.008272058823529412
1 0.6493055555555556 0.7244178921568627 0.017565359477124183 0.010723039215686275
1 0.255718954248366 0.6954656862745098 0.013888888888888888 0.00980392156862745
1 0.31229575163398693 0.7562806372549019 0.015931372549019607 0.012561274509803922
1 0.29105392156862747 0.6139705882352942 0.013480392156862746 0.009191176470588236
1 0.32005718954248363 0.7146139705882353 0.015931372549019607 0.01011029411764706
1 0.9826388888888888 0.6211703431372549 0.020016339869281044 0.012561274509803922
1 0.056576797385620915 0.6904105392156863 0.016748366013071895 0.010723039215686275
1 0.6793300653594772 0.7202818627450981 0.01715686274509804 0.010416666666666666
1 0.9556781045751634 0.7089460784313726 0.02246732026143791 0.013480392156862746
1 0.1664624183006536 0.7403492647058824 0.01511437908496732 0.01011029411764706
1 0.22303921568627452 0.6265318627450981 0.014705882352941176 0.00980392156862745
1 0.15665849673202614 0.6588541666666666 0.014297385620915032 0.01011029411764706
1 0.3423202614379085 0.6478247549019608 0.014705882352941176 0.01011029411764706
1 0.9311683006535948 0.6783088235294118 0.024101307189542485 0.015318627450980392
1 0.28145424836601307 0.6185661764705882 0.013071895424836602 0.009191176470588236
1 0.25755718954248363 0.7144607843137255 0.01511437908496732 0.010416666666666666
1 0.17258986928104575 0.6934742647058824 0.014297385620915032 0.01011029411764706
1 0.47487745098039214 0.7104779411764706 0.01511437908496732 0.011029411764705883
1 0.07066993464052287 0.7896752450980392 0.018790849673202614 0.013174019607843137
1 0.20833333333333334 0.6456801470588235 0.013888888888888888 0.01011029411764706
1 0.18178104575163398 0.6842830882352942 0.014705882352941176 0.010723039215686275
1 0.10947712418300654 0.6715686274509803 0.015522875816993464 0.010416666666666666
1 0.6006944444444444 0.6876531862745098 0.02165032679738562 0.013174019607843137
1 0.06964869281045752 0.7218137254901961 0.020833333333333332 0.013480392156862746
1 0.6542075163398693 0.7789522058823529 0.01919934640522876 0.013174019607843137
1 0.869281045751634 0.8077512254901961 0.018790849673202614 0.014399509803921568
1 0.22855392156862744 0.6590073529411765 0.01511437908496732 0.010416666666666666
1 0.9315767973856209 0.7190563725490197 0.023284313725490197 0.013480392156862746
1 0.3790849673202614 0.7645526960784313 0.0196078431372549 0.013786764705882353
1 0.33700980392156865 0.703125 0.018790849673202614 0.011642156862745098
1 0.49550653594771243 0.7915134803921569 0.017973856209150325 0.011948529411764705
1 0.9810049019607843 0.6495098039215687 0.023284313725490197 0.014705882352941176
1 0.15522875816993464 0.7241115196078431 0.01715686274509804 0.01133578431372549
1 0.12152777777777778 0.7389705882352942 0.016748366013071895 0.011029411764705883
1 0.9624183006535948 0.7504595588235294 0.024509803921568627 0.017463235294117647
1 0.42177287581699346 0.7219669117647058 0.017565359477124183 0.011948529411764705
1 0.0857843137254902 0.7046568627450981 0.0196078431372549 0.012867647058823529
1 0.7781862745098039 0.7199754901960784 0.021241830065359478 0.013480392156862746
1 0.44893790849673204 0.8126531862745098 0.02369281045751634 0.01685049019607843
1 0.30392156862745096 0.6236213235294118 0.015522875816993464 0.01011029411764706
1 0.2863562091503268 0.6852022058823529 0.01715686274509804 0.011948529411764705
1 0.2679738562091503 0.6839767156862745 0.016339869281045753 0.01133578431372549
1 0.6836192810457516 0.8042279411764706 0.020016339869281044 0.014093137254901961
1 0.8227124183006536 0.6384803921568627 0.02042483660130719 0.012867647058823529
1 0.7753267973856209 0.7089460784313726 0.0196078431372549 0.012867647058823529
1 0.7359068627450981 0.7469362745098039 0.02165032679738562 0.013480392156862746
1 0.21200980392156862 0.6698835784313726 0.015522875816993464 0.010723039215686275
1 0.46854575163398693 0.7990196078431373 0.018790849673202614 0.013480392156862746
1 0.7463235294117647 0.6729473039215687 0.01715686274509804 0.011948529411764705
1 0.33088235294117646 0.6822916666666666 0.02042483660130719 0.012867647058823529
1 0.29616013071895425 0.7135416666666666 0.022058823529411766 0.014705882352941176
1 0.6421568627450981 0.7388174019607843 0.016339869281045753 0.01133578431372549
1 0.7062908496732027 0.6989889705882353 0.0196078431372549 0.011948529411764705
1 0.8743872549019608 0.7470894607843137 0.020016339869281044 0.014399509803921568
1 0.3966503267973856 0.7446384803921569 0.02287581699346405 0.015625
1 0.8982843137254902 0.7847732843137255 0.018790849673202614 0.013786764705882353
1 0.7522467320261438 0.7562806372549019 0.020833333333333332 0.014399509803921568
1 0.3713235294117647 0.7190563725490197 0.0196078431372549 0.012867647058823529
1 0.7665441176470589 0.7728247549019608 0.01919934640522876 0.013786764705882353
1 0.4193218954248366 0.7974877450980392 0.01838235294117647 0.013480392156862746
1 0.3560049019607843 0.7490808823529411 0.02165032679738562 0.015318627450980392
1 0.6595179738562091 0.678921568627451 0.023284313725490197 0.015318627450980392
1 0.619281045751634 0.8282781862745098 0.02287581699346405 0.01685049019607843
1 0.25755718954248363 0.8017769607843137 0.024101307189542485 0.018995098039215685
1 0.681781045751634 0.8760723039215687 0.028594771241830064 0.023590686274509803
