1 0.747140522875817 0.44607843137254904 0.010620915032679739 0.006127450980392157
1 0.8065767973856209 0.44669117647058826 0.012663398692810458 0.00857843137254902
1 0.7038398692810458 0.4496017156862745 0.013071895424836602 0.0070465686274509805
1 0.3662173202614379 0.4502144607843137 0.011029411764705883 0.0070465686274509805
1 0.23202614379084968 0.45067401960784315 0.012254901960784314 0.00428921568627451
1 0.07536764705882353 0.4522058823529412 0.010212418300653595 0.006127450980392157
1 0.06495098039215687 0.4528186274509804 0.012254901960784314 0.007965686274509803
1 0.45894607843137253 0.45511642156862747 0.00857843137254902 0.007659313725490196
1 0.4693627450980392 0.45511642156862747 0.012254901960784314 0.007659313725490196
1 0.42177287581699346 0.4569546568627451 0.007761437908496732 0.005208333333333333
1 0.6149918300653595 0.4621629901960784 0.010212418300653595 0.007659313725490196
1 0.5396241830065359 0.46400122549019607 0.010620915032679739 0.007659313725490196
1 0.36499183006535946 0.46400122549019607 0.007761437908496732 0.005821078431372549
1 0.7167075163398693 0.4655330882352941 0.013480392156862746 0.007659313725490196
1 0.3698937908496732 0.46706495098039214 0.011029411764705883 0.006433823529411764
1 0.10355392156862746 0.4675245098039216 0.01184640522875817 0.007352941176470588
1 0.4368872549019608 0.47028186274509803 0.01184640522875817 0.00857843137254902
1 0.3805147058823529 0.4724264705882353 0.006127450980392157 0.004901960784313725
1 0.34211601307189543 0.47518382352941174 0.01184640522875817 0.009191176470588236
1 0.144812091503268 0.47610294117647056 0.014297385620915032 0.007965686274509803
1 0.40604575163398693 0.47702205882352944 0.013888888888888888 0.00857843137254902
1 0.4883578431372549 0.47855392156862747 0.009395424836601307 0.006127450980392157
1 0.278390522875817 0.4808517156862745 0.011029411764705883 0.006433823529411764
1 0.3306781045751634 0.48299632352941174 0.011029411764705883 0.008272058823529412
1 0.2988153594771242 0.48360906862745096 0.014297385620915032 0.007659313725490196
1 0.3104575163398693 0.4837622549019608 0.008169934640522876 0.006740196078431373
1 0.3202614379084967 0.4840686274509804 0.011437908496732025 0.007352941176470588
1 0.28370098039215685 0.48544730392156865 0.01184640522875817 0.007659313725490196
1 0.3423202614379085 0.48636642156862747 0.014705882352941176 0.008272058823529412
1 0.22998366013071894 0.48943014705882354 0.012254901960784314 0.007659313725490196
1 0.3508986928104575 0.49111519607843135 0.013071895424836602 0.007965686274509803
1 0.7134395424836601 0.49234068627450983 0.015931372549019607 0.009191176470588236
1 0.3547794117647059 0.4961703431372549 0.01511437908496732 0.007659313725490196
1 0.40012254901960786 0.4961703431372549 0.014297385620915032 0.010723039215686275
1 0.030637254901960783 0.4970894607843137 0.015522875816993464 0.009497549019607842
1 0.24509803921568626 0.4987745098039216 0.013071895424836602 0.00980392156862745
1 0.41217320261437906 0.5 0.008169934640522876 0.0055147058823529415
1 0.2890114379084967 0.5 0.015931372549019607 0.009191176470588236
1 0.4199346405228758 0.5026041666666666 0.014705882352941176 0.008884803921568627
1 0.2645016339869281 0.5029105392156863 0.016748366013071895 0.01011029411764706
1 0.37479575163398693 0.5038296568627451 0.013480392156862746 0.009497549019607842
1 0.6597222222222222 0.5082720588235294 0.016339869281045753 0.007965686274509803
1 0.27369281045751637 0.5114889705882353 0.012254901960784314 0.0070465686274509805
1 0.26409313725490197 0.5140931372549019 0.006944444444444444 0.006127450980392157
1 0.44669117647058826 0.5150122549019608 0.01511437908496732 0.009191176470588236
1 0.7052696078431373 0.5159313725490197 0.017565359477124183 0.007965686274509803
1 0.2514297385620915 0.5166973039215687 0.012663398692810458 0.008272058823529412
1 0.6558415032679739 0.5176164215686274 0.014297385620915032 0.008884803921568627
1 0.49530228758169936 0.5186887254901961 0.014297385620915032 0.00857843137254902
1 0.19158496732026145 0.5206801470588235 0.018790849673202614 0.011948529411764705
1 0.4891748366013072 0.5254289215686274 0.014297385620915032 0.00980392156862745
1 0.5518790849673203 0.5260416666666666 0.025326797385620915 0.017769607843137254
1 0.7906454248366013 0.5318627450980392 0.017565359477124183 0.010416666666666666
1 0.47814542483660133 0.5393688725490197 0.01919934640522876 0.01133578431372549
1 0.2281454248366013 0.5410539215686274 0.017565359477124183 0.011642156862745098
1 0.11151960784313726 0.5433517156862745 0.017973856209150325 0.010723039215686275
1 0.3776552287581699 0.5444240196078431 0.015931372549019607 0.00980392156862745
1 0.07904411764705882 0.5530024509803921 0.015931372549019607 0.007965686274509803
1 0.35110294117647056 0.5551470588235294 0.014297385620915032 0.00857843137254902
1 0.8037173202614379 0.5569852941176471 0.03227124183006536 0.022058823529411766
1 0.2589869281045752 0.5571384803921569 0.014705882352941176 0.01011029411764706
1 0.27267156862745096 0.5580575980392157 0.015931372549019607 0.009497549019607842
1 0.7530637254901961 0.5594362745098039 0.01511437908496732 0.009191176470588236
1 0.3866421568627451 0.561734068627451 0.01511437908496732 0.010723039215686275
1 0.046772875816993464 0.5626531862745098 0.015931372549019607 0.008272058823529412
1 0.4133986928104575 0.5631127450980392 0.01715686274509804 0.009191176470588236
1 0.2689950980392157 0.5641850490196079 0.01511437908496732 0.01011029411764706
1 0.3515114379084967 0.5641850490196079 0.014297385620915032 0.008884803921568627
1 0.19934640522875818 0.5647977941176471 0.016339869281045753 0.010723039215686275
1 0.16850490196078433 0.5655637254901961 0.017565359477124183 0.011642156862745098
1 0.29125816993464054 0.5677083333333334 0.016339869281045753 0.011029411764705883
1 0.2479575163398693 0.5693933823529411 0.01715686274509804 0.010723039215686275
1 0.48733660130718953 0.5704656862745098 0.017973856209150325 0.011642156862745098
1 0.4485294117647059 0.5790441176470589 0.01715686274509804 0.012254901960784314
1 0.4229983660130719 0.5818014705882353 0.014297385620915032 0.011029411764705883
1 0.5089869281045751 0.5818014705882353 0.017973856209150325 0.012254901960784314
1 0.16339869281045752 0.5824142156862745 0.016339869281045753 0.011642156862745098
1 0.5238970588235294 0.5853247549019608 0.02165032679738562 0.011948529411764705
1 0.012663398692810458 0.5900735294117647 0.02042483660130719 0.011029411764705883
1 0.1352124183006536 0.5946691176470589 0.0196078431372549 0.009191176470588236
1 0.03676470588235294 0.6004901960784313 0.014705882352941176 0.00980392156862745
1 0.176062091503268 0.6009497549019608 0.013888888888888888 0.009497549019607842
1 0.012663398692810458 0.6069240196078431 0.021241830065359478 0.014705882352941176
1 0.28308823529411764 0.608609068627451 0.017973856209150325 0.01011029411764706
1 0.03329248366013072 0.6144301470588235 0.01511437908496732 0.008272058823529412
1 0.6382761437908496 0.6153492647058824 0.02246732026143791 0.015625
1 0.5669934640522876 0.6196384803921569 0.03431372549019608 0.02542892156862745
1 0.12806372549019607 0.6214767156862745 0.01838235294117647 0.010723039215686275
1 0.47324346405228757 0.6227022058823529 0.01919934640522876 0.013786764705882353
1 0.09334150326797386 0.6292892156862745 0.013480392156862746 0.007965686274509803
1 0.4928513071895425 0.6299019607843137 0.017565359477124183 0.011642156862745098
1 0.5488153594771242 0.6332720588235294 0.01838235294117647 0.014705882352941176
1 0.014705882352941176 0.6355698529411765 0.02287581699346405 0.015625
1 0.8627450980392157 0.6369485294117647 0.03839869281045752 0.025122549019607844
1 0.5580065359477124 0.6426164215686274 0.017973856209150325 0.015012254901960785
1 0.5806781045751634 0.6436887254901961 0.03145424836601307 0.023284313725490197
1 0.3792892156862745 0.6470588235294118 0.01919934640522876 0.013480392156862746
1 0.30126633986928103 0.6521139705882353 0.023284313725490197 0.015625
1 0.22303921568627452 0.6544117647058824 0.02042483660130719 0.011029411764705883
1 0.16462418300653595 0.6565563725490197 0.015522875816993464 0.012254901960784314
1 0.16482843137254902 0.6565563725490197 0.015931372549019607 0.011642156862745098
1 0.19056372549019607 0.6579350490196079 0.017565359477124183 0.010723039215686275
1 0.5569852941176471 0.6740196078431373 0.01919934640522876 0.013480392156862746
1 0.1403186274509804 0.6920955882352942 0.024918300653594773 0.015931372549019607
1 0.03574346405228758 0.6930147058823529 0.026552287581699346 0.0196078431372549
1 0.16319444444444445 0.7009803921568627 0.014297385620915032 0.00980392156862745
1 0.1801470588235294 0.7018995098039216 0.026143790849673203 0.015931372549019607
1 0.4789624183006536 0.7071078431372549 0.024918300653594773 0.017769607843137254
1 0.3415032679738562 0.7121629901960784 0.01715686274509804 0.013174019607843137
1 0.6088643790849673 0.7221200980392157 0.024101307189542485 0.016544117647058824
1 0.49407679738562094 0.7322303921568627 0.020016339869281044 0.017769607843137254
1 0.681781045751634 0.7363664215686274 0.04493464052287582 0.03155637254901961
1 0.21486928104575165 0.7863051470588235 0.029411764705882353 0.019301470588235295
1 0.3165849673202614 0.796875 0.03676470588235294 0.02696078431372549
1 0.7583741830065359 0.7971813725490197 0.03227124183006536 0.02389705882352941
1 0.21241830065359477 0.8033088235294118 0.02369281045751634 0.014705882352941176
1 0.41973039215686275 0.9180453431372549 0.07393790849673203 0.05238970588235294
