1 0.09987745098039216 0.6302083333333334 0.015931372549019607 0.00980392156862745
1 0.35171568627450983 0.6381740196078431 0.016339869281045753 0.015318627450980392
1 0.2512254901960784 0.6548713235294118 0.022058823529411766 0.014399509803921568
1 0.198937908496732 0.6810661764705882 0.016339869281045753 0.012867647058823529
1 0.3292483660130719 0.6810661764705882 0.013071895424836602 0.012254901960784314
1 0.14215686274509803 0.6825980392156863 0.015522875816993464 0.00857843137254902
1 0.34681372549019607 0.6850490196078431 0.02042483660130719 0.011642156862745098
1 0.2992238562091503 0.6991421568627451 0.013480392156862746 0.011642156862745098
1 0.46875 0.7104779411764706 0.015931372549019607 0.011642156862745098
1 0.22794117647058823 0.7221200980392157 0.010620915032679739 0.010416666666666666
1 0.30310457516339867 0.7242647058823529 0.016339869281045753 0.012254901960784314
1 0.2093545751633987 0.7268688725490197 0.016748366013071895 0.01133578431372549
1 0.08312908496732026 0.7271752450980392 0.020833333333333332 0.013786764705882353
1 0.3188316993464052 0.7274816176470589 0.017565359477124183 0.014399509803921568
1 0.2659313725490196 0.7365196078431373 0.01715686274509804 0.011029411764705883
1 0.2332516339869281 0.7385110294117647 0.015522875816993464 0.010723039215686275
1 0.24080882352941177 0.7484681372549019 0.014297385620915032 0.012254901960784314
1 0.1823937908496732 0.7510723039215687 0.014297385620915032 0.007659313725490196
1 0.2775735294117647 0.7535232843137255 0.017565359477124183 0.01133578431372549
1 0.1227532679738562 0.7591911764705882 0.024918300653594773 0.014705882352941176
1 0.03553921568627451 0.7654718137254902 0.015522875816993464 0.01011029411764706
1 0.03574346405228758 0.7749693627450981 0.020833333333333332 0.01133578431372549
1 0.1607434640522876 0.7754289215686274 0.02246732026143791 0.016544117647058824
1 0.11254084967320262 0.782015931372549 0.02246732026143791 0.011948529411764705
1 0.17381535947712418 0.7837009803921569 0.014297385620915032 0.011642156862745098
1 0.2048611111111111 0.7863051470588235 0.017565359477124183 0.012561274509803922
1 0.14726307189542484 0.7872242647058824 0.02246732026143791 0.014399509803921568
1 0.011437908496732025 0.7889093137254902 0.015522875816993464 0.017769607843137254
1 0.18382352941176472 0.8002450980392157 0.015522875816993464 0.012254901960784314
1 0.23284313725490197 0.8049938725490197 0.01715686274509804 0.010723039215686275
1 0.17994281045751634 0.8075980392156863 0.015931372549019607 0.013480392156862746
1 0.0798611111111111 0.8091299019607843 0.020016339869281044 0.010416666666666666
1 0.014093137254901961 0.8106617647058824 0.023284313725490197 0.012254901960784314
1 0.349468954248366 0.8665747549019608 0.03799019607843137 0.015625
