1 0.06270424836601307 0.6475183823529411 0.01511437908496732 0.009497549019607842
1 0.5827205882352942 0.6430759803921569 0.015931372549019607 0.012254901960784314
1 0.9944852941176471 0.6233149509803921 0.009395424836601307 0.015625
1 0.568218954248366 0.6827512254901961 0.018790849673202614 0.013174019607843137
1 0.021241830065359478 0.6410845588235294 0.012254901960784314 0.008272058823529412
1 0.576797385620915 0.774203431372549 0.021241830065359478 0.014093137254901961
1 0.9662990196078431 0.6211703431372549 0.01511437908496732 0.010723039215686275
1 0.7785947712418301 0.6102941176470589 0.018790849673202614 0.012254901960784314
1 0.8868464052287581 0.6323529411764706 0.015522875816993464 0.010416666666666666
1 0.010416666666666666 0.8854166666666666 0.020016339869281044 0.02389705882352941
1 0.20547385620915032 0.7768075980392157 0.024509803921568627 0.013174019607843137
1 0.2602124183006536 0.6239276960784313 0.017973856209150325 0.012561274509803922
1 0.8468137254901961 0.6351102941176471 0.016339869281045753 0.011029411764705883
1 0.4513888888888889 0.8109681372549019 0.018790849673202614 0.015318627450980392
1 0.3568218954248366 0.7440257352941176 0.02246732026143791 0.015012254901960785
1 0.35784313725490197 0.7285539215686274 0.021241830065359478 0.016544117647058824
1 0.06556372549019608 0.6145833333333334 0.01838235294117647 0.011029411764705883
1 0.5663807189542484 0.7346813725490197 0.020016339869281044 0.015318627450980392
1 0.9123774509803921 0.6269914215686274 0.01919934640522876 0.012561274509803922
1 0.9701797385620915 0.6395526960784313 0.01715686274509804 0.01133578431372549
1 0.7401960784313726 0.7277879901960784 0.01715686274509804 0.011948529411764705
1 0.03758169934640523 0.7253370098039216 0.0196078431372549 0.011948529411764705
1 0.013684640522875817 0.7256433823529411 0.020016339869281044 0.013174019607843137
1 0.010212418300653595 0.7565870098039216 0.018790849673202614 0.015625
1 0.9225898692810458 0.6389399509803921 0.01511437908496732 0.01011029411764706
1 0.025531045751633986 0.7582720588235294 0.01919934640522876 0.015318627450980392
1 0.8815359477124183 0.7314644607843137 0.02042483660130719 0.012561274509803922
1 0.7571486928104575 0.7291666666666666 0.017565359477124183 0.012254901960784314
1 0.6470588235294118 0.7454044117647058 0.0196078431372549 0.014705882352941176
1 0.8764297385620915 0.7098651960784313 0.020833333333333332 0.012254901960784314
1 0.07455065359477124 0.7080269607843137 0.020016339869281044 0.014093137254901961
1 0.8316993464052288 0.7363664215686274 0.021241830065359478 0.014399509803921568
1 0.1460375816993464 0.6847426470588235 0.016748366013071895 0.011642156862745098
1 0.9916258169934641 0.8115808823529411 0.016748366013071895 0.020833333333333332
1 0.8508986928104575 0.7167585784313726 0.02369281045751634 0.015625
1 0.044730392156862746 0.7982536764705882 0.030637254901960783 0.01991421568627451
1 0.20118464052287582 0.789828431372549 0.03553921568627451 0.016544117647058824
1 0.46772875816993464 0.7872242647058824 0.02287581699346405 0.017463235294117647
1 0.12745098039215685 0.6971507352941176 0.02042483660130719 0.015625
1 0.22181372549019607 0.7668504901960784 0.025326797385620915 0.017769607843137254
1 0.011233660130718954 0.7046568627450981 0.01919934640522876 0.013480392156862746
1 0.7700163398692811 0.7852328431372549 0.022058823529411766 0.01715686274509804
1 0.06229575163398693 0.7443321078431373 0.024101307189542485 0.015625
