1 0.5702614379084967 0.7982536764705882 0.018790849673202614 0.01133578431372549
1 0.1936907679738562 0.7070373774509804 0.01156454248366013 0.006599264705882353
1 0.7160947712418301 0.9934129901960784 0.05800653594771242 0.012561274509803922
1 0.25857843137254904 0.8013174019607843 0.013071895424836602 0.009497549019607842
1 0.2653186274509804 0.7401960784313726 0.01184640522875817 0.007965686274509803
1 0.2935049019607843 0.8063725490196079 0.016748366013071895 0.011029411764705883
1 0.8629493464052288 0.8506433823529411 0.020833333333333332 0.013174019607843137
1 0.40318627450980393 0.7015931372549019 0.015522875816993464 0.00980392156862745
1 0.21303104575163398 0.7118566176470589 0.013480392156862746 0.009497549019607842
1 0.03656045751633987 0.8506433823529411 0.01919934640522876 0.010723039215686275
1 0.31413398692810457 0.6731004901960784 0.014705882352941176 0.00857843137254902
1 0.3845996732026144 0.6965379901960784 0.013480392156862746 0.01011029411764706
1 0.3212826797385621 0.6859681372549019 0.014297385620915032 0.00857843137254902
1 0.9660947712418301 0.6783088235294118 0.015522875816993464 0.010416666666666666
1 0.8204656862745098 0.7915134803921569 0.024101307189542485 0.016237745098039217
1 0.05514705882352941 0.8541666666666666 0.024509803921568627 0.015931372549019607
1 0.33455882352941174 0.765625 0.018790849673202614 0.014093137254901961
1 0.670547385620915 0.7202818627450981 0.016748366013071895 0.012254901960784314
1 0.3147467320261438 0.6916360294117647 0.014297385620915032 0.009497549019607842
1 0.7015931372549019 0.7028186274509803 0.017565359477124183 0.011642156862745098
1 0.19138071895424835 0.7996323529411765 0.020833333333333332 0.015318627450980392
1 0.5486111111111112 0.780484068627451 0.021241830065359478 0.014399509803921568
1 0.6713643790849673 0.8221507352941176 0.020016339869281044 0.016237745098039217
1 0.7134395424836601 0.782015931372549 0.020016339869281044 0.014399509803921568
1 0.5706699346405228 0.8074448529411765 0.0196078431372549 0.015012254901960785
1 0.21037581699346405 0.7826286764705882 0.02696078431372549 0.019301470588235295
1 0.1815767973856209 0.7938112745098039 0.01919934640522876 0.015318627450980392
1 0.6964869281045751 0.8045343137254902 0.022058823529411766 0.016544117647058824
1 0.534109477124183 0.7467830882352942 0.01919934640522876 0.013174019607843137
1 0.9889705882352942 0.8924632352941176 0.022058823529411766 0.026348039215686275
1 0.5130718954248366 0.8253676470588235 0.02369281045751634 0.017769607843137254
1 0.3946078431372549 0.8135723039215687 0.02287581699346405 0.017463235294117647
1 0.6311274509803921 0.7973345588235294 0.025326797385620915 0.018075980392156864
1 0.3758169934640523 0.7870710784313726 0.024509803921568627 0.016544117647058824
1 0.5388970588235295 0.7785156249999999 0.01406862745098039 0.011075367647058822
