1 0.4620118464052288 0.9715548406862746 0.04330473856209151 0.03134497549019608
1 0.5722283496732027 0.9024325980392157 0.04233251633986928 0.034644607843137255
1 0.7708517156862745 0.456375612745098 0.009023692810457517 0.005275735294117647
1 0.7960518790849673 0.4594561887254902 0.005502450980392157 0.004083946078431372
1 0.7474121732026143 0.48391544117647056 0.007896241830065358 0.004595588235294118
1 0.7251286764705882 0.4745036764705882 0.007446895424836602 0.004767156862745098
1 0.7933843954248365 0.4873192401960784 0.008337418300653595 0.005275735294117647
1 0.8455290032679739 0.47940563725490193 0.00968545751633987 0.004767156862745098
1 0.7956760620915033 0.5123054534313726 0.007201797385620915 0.005615808823529411
1 0.8207046568627451 0.5120848651960784 0.007422385620915033 0.005787377450980393
1 0.8141707516339869 0.5113526348039216 0.007426470588235294 0.004935661764705882
1 0.8085212418300654 0.5123406862745098 0.0067483660130718956 0.006299019607843137
1 0.882062908496732 0.5141436887254902 0.009223856209150326 0.005615808823529411
1 0.9030453431372549 0.464954044117647 0.007888071895424837 0.005275735294117647
1 0.8948080065359476 0.4845113357843137 0.008570261437908497 0.005787377450980393
1 0.7578880718954248 0.4702481617647059 0.00678921568627451 0.0054473039215686275
1 0.799889705882353 0.4690226715686275 0.007459150326797386 0.0054473039215686275
1 0.7304432189542484 0.47126838235294116 0.0090890522875817 0.004424019607843137
1 0.812765522875817 0.4852941176470588 0.007066993464052288 0.006127450980392157
