1 0.9048202614379085 0.3128063725490196 0.031862745098039214 0.023284313725490197
1 0.7209967320261438 0.42264093137254904 0.017973856209150325 0.013174019607843137
1 0.8006535947712419 0.43734681372549017 0.026143790849673203 0.015625
1 0.9820261437908496 0.4384191176470588 0.021241830065359478 0.014093137254901961
1 0.7179330065359477 0.4413296568627451 0.0298202614379085 0.014399509803921568
1 0.6652369281045751 0.44684436274509803 0.025735294117647058 0.015625
1 0.33026960784313725 0.4488357843137255 0.01919934640522876 0.015931372549019607
1 0.2318218954248366 0.45557598039215685 0.017565359477124183 0.015931372549019607
1 0.3055555555555556 0.45879289215686275 0.024509803921568627 0.014399509803921568
1 0.8455882352941176 0.46400122549019607 0.031862745098039214 0.015625
1 0.7675653594771242 0.46675857843137253 0.031862745098039214 0.017463235294117647
1 0.27062908496732024 0.46859681372549017 0.01838235294117647 0.015012254901960785
1 0.7220179738562091 0.4693627450980392 0.03308823529411765 0.017769607843137254
1 0.8555964052287581 0.48575367647058826 0.030637254901960783 0.015625
1 0.025939542483660132 0.5016850490196079 0.03145424836601307 0.02420343137254902
1 0.4013480392156863 0.5105698529411765 0.020016339869281044 0.01685049019607843
1 0.8321078431372549 0.5117953431372549 0.0392156862745098 0.020526960784313725
1 0.33986928104575165 0.5219056372549019 0.027777777777777776 0.02420343137254902
1 0.920547385620915 0.5594362745098039 0.0428921568627451 0.023284313725490197
1 0.23447712418300654 0.5652573529411765 0.04330065359477124 0.02267156862745098
1 0.3349673202614379 0.577359068627451 0.03104575163398693 0.02665441176470588
1 0.2988153594771242 0.5824142156862745 0.03390522875816993 0.02022058823529412
1 0.8705065359477124 0.6020220588235294 0.051470588235294115 0.028799019607843136
1 0.5365604575163399 0.7621017156862745 0.07475490196078431 0.04136029411764706
1 0.6546160130718954 0.8071384803921569 0.06985294117647059 0.04993872549019608
