1 0.4878125 0.6977129289215687 0.011572712418300653 0.008170955882352941
1 0.7628676470588235 0.7208946078431373 0.014297385620915032 0.010416666666666666
1 0.7583741830065359 0.7037377450980392 0.015931372549019607 0.011642156862745098
1 0.6341911764705882 0.7048100490196079 0.013480392156862746 0.009497549019607842
1 0.4826388888888889 0.7094056372549019 0.013480392156862746 0.009497549019607842
1 0.7432598039215687 0.6897977941176471 0.013480392156862746 0.009497549019607842
1 0.6405228758169934 0.8569240196078431 0.021241830065359478 0.015931372549019607
1 0.3309170751633987 0.6770327818627451 0.014775326797385621 0.010315563725490197
1 0.4791666666666667 0.6668198529411765 0.013888888888888888 0.010723039215686275
1 0.20608660130718953 0.7034313725490197 0.01511437908496732 0.00980392156862745
1 0.5776143790849673 0.7316681985294118 0.01715686274509804 0.011743259803921569
1 0.41299019607843135 0.6907169117647058 0.013888888888888888 0.01133578431372549
1 0.5982434640522876 0.7034313725490197 0.01511437908496732 0.010416666666666666
1 0.24632352941176472 0.6994485294117647 0.016339869281045753 0.011029411764705883
1 0.6899509803921569 0.6879595588235294 0.01715686274509804 0.01133578431372549
1 0.6764705882352942 0.6594669117647058 0.014705882352941176 0.011948529411764705
1 0.7289624183006536 0.7026654411764706 0.017565359477124183 0.011948529411764705
1 0.6017156862745098 0.6963848039215687 0.015522875816993464 0.010416666666666666
1 0.5622957516339869 0.7443321078431373 0.01511437908496732 0.011948529411764705
1 0.5328839869281046 0.7371323529411765 0.016748366013071895 0.011029411764705883
1 0.5598447712418301 0.7113970588235294 0.01838235294117647 0.011029411764705883
1 0.8057598039215687 0.6230085784313726 0.016748366013071895 0.011948529411764705
1 0.20608660130718953 0.7178308823529411 0.020833333333333332 0.012254901960784314
1 0.6176470588235294 0.7386642156862745 0.017973856209150325 0.012254901960784314
1 0.5833333333333334 0.7205882352941176 0.018790849673202614 0.011642156862745098
1 0.5610702614379085 0.6992953431372549 0.015931372549019607 0.01133578431372549
1 0.6662581699346405 0.867953431372549 0.024509803921568627 0.016544117647058824
1 0.6687091503267973 0.8851102941176471 0.026143790849673203 0.01715686274509804
1 0.19158496732026145 0.7549019607843137 0.017973856209150325 0.013480392156862746
1 0.846609477124183 0.6913296568627451 0.01919934640522876 0.012561274509803922
1 0.10886437908496732 0.7771139705882353 0.016748366013071895 0.012561274509803922
1 0.2281454248366013 0.7573529411764706 0.01838235294117647 0.014093137254901961
1 0.3506944444444444 0.7558210784313726 0.01838235294117647 0.014093137254901961
1 0.7732843137254902 0.7041973039215687 0.018790849673202614 0.011948529411764705
1 0.35375816993464054 0.7945772058823529 0.01715686274509804 0.012561274509803922
1 0.6478758169934641 0.7388174019607843 0.02042483660130719 0.015012254901960785
1 0.20710784313725492 0.7611825980392157 0.02042483660130719 0.013786764705882353
1 0.07373366013071896 0.7668504901960784 0.01919934640522876 0.012254901960784314
1 0.09865196078431372 0.7855392156862745 0.01838235294117647 0.012867647058823529
1 0.9509803921568627 0.7593443627450981 0.02369281045751634 0.015625
1 0.08149509803921569 0.8062193627450981 0.020833333333333332 0.013174019607843137
1 0.014501633986928105 0.7601102941176471 0.023284313725490197 0.015318627450980392
1 0.6356209150326797 0.7743566176470589 0.02287581699346405 0.015625
1 0.32631944444444444 0.6730744485294118 0.014566993464052286 0.00791360294117647
