1 0.8282271241830066 0.9103860294117647 0.07883986928104575 0.048100490196078434
1 0.5575980392156863 0.40425857843137253 0.02369281045751634 0.018688725490196078
1 0.5749591503267973 0.4099264705882353 0.0363562091503268 0.02389705882352941
1 0.7395833333333334 0.8218443627450981 0.0494281045751634 0.03952205882352941
1 0.3047385620915033 0.44684436274509803 0.02287581699346405 0.013174019607843137
1 0.8139297385620915 0.5690870098039216 0.04370915032679738 0.02297794117647059
1 0.7128267973856209 0.42325367647058826 0.028594771241830064 0.018075980392156864
1 0.7046568627450981 0.4018075980392157 0.02287581699346405 0.016237745098039217
1 0.9820261437908496 0.42049632352941174 0.03431372549019608 0.02542892156862745
1 0.32516339869281047 0.41253063725490197 0.018790849673202614 0.011948529411764705
1 0.6924019607843137 0.4325980392156863 0.02696078431372549 0.016544117647058824
1 0.6329656862745098 0.40701593137254904 0.030637254901960783 0.018688725490196078
1 0.7338643790849673 0.45450367647058826 0.03880718954248366 0.021752450980392156
1 0.6595179738562091 0.4574142156862745 0.02900326797385621 0.017769607843137254
1 0.1840277777777778 0.5439644607843137 0.030637254901960783 0.022365196078431373
1 0.8139297385620915 0.4996936274509804 0.04616013071895425 0.03125
1 0.40461601307189543 0.5036764705882353 0.0428921568627451 0.025122549019607844
1 0.13766339869281047 0.6017156862745098 0.059640522875817 0.04105392156862745
1 0.375 0.4724264705882353 0.04330065359477124 0.029411764705882353
1 0.7790032679738562 0.6421568627450981 0.07107843137254902 0.044730392156862746
1 0.8684640522875817 0.5810355392156863 0.06454248366013073 0.040747549019607844
