1 0.8938500816993464 0.6759666053921569 0.012373366013071894 0.010021446078431372
1 0.8686683006535948 0.8279718137254902 0.02246732026143791 0.017463235294117647
1 0.8594771241830066 0.7064950980392157 0.015522875816993464 0.010416666666666666
1 0.3541666666666667 0.7665441176470589 0.01715686274509804 0.011029411764705883
1 0.9693627450980392 0.8362438725490197 0.017973856209150325 0.013786764705882353
1 0.9771241830065359 0.8120404411764706 0.022058823529411766 0.014399509803921568
1 0.6691176470588235 0.6634497549019608 0.014705882352941176 0.010723039215686275
1 0.9303513071895425 0.7325367647058824 0.016748366013071895 0.010416666666666666
1 0.0053104575163398695 0.6594669117647058 0.00980392156862745 0.008272058823529412
1 0.32802287581699346 0.8385416666666666 0.017973856209150325 0.012867647058823529
1 0.7279411764705882 0.8509497549019608 0.016339869281045753 0.01133578431372549
1 0.42401960784313725 0.7774203431372549 0.018790849673202614 0.012561274509803922
1 0.8580187908496731 0.6731878063725489 0.012606209150326796 0.009978553921568628
1 0.9595016339869281 0.6384803921568627 0.014591503267973855 0.00980392156862745
1 0.9438316993464052 0.7316176470588235 0.014297385620915032 0.00980392156862745
1 0.3098447712418301 0.7861519607843137 0.01838235294117647 0.011642156862745098
1 0.2618464052287582 0.8172487745098039 0.021241830065359478 0.013174019607843137
1 0.7250816993464052 0.7951899509803921 0.01715686274509804 0.01133578431372549
1 0.26715686274509803 0.8261335784313726 0.021241830065359478 0.013786764705882353
1 0.7640931372549019 0.8244485294117647 0.020016339869281044 0.013480392156862746
1 0.9779411764705882 0.6469056372549019 0.014705882352941176 0.010723039215686275
1 0.24979575163398693 0.8336397058823529 0.01919934640522876 0.014705882352941176
1 0.8075980392156863 0.8314950980392157 0.01715686274509804 0.013480392156862746
1 0.7834967320261438 0.8180147058823529 0.02287581699346405 0.015318627450980392
1 0.3492647058823529 0.7766544117647058 0.01715686274509804 0.010416666666666666
1 0.7195669934640523 0.7378982843137255 0.020833333333333332 0.013174019607843137
1 0.8410947712418301 0.7072610294117647 0.016339869281045753 0.01011029411764706
1 0.9579248366013072 0.734375 0.015522875816993464 0.010416666666666666
1 0.5069444444444444 0.7650122549019608 0.017973856209150325 0.012254901960784314
1 0.19914215686274508 0.8348651960784313 0.020833333333333332 0.014093137254901961
1 0.10559640522875817 0.6300551470588235 0.016748366013071895 0.01133578431372549
1 0.6558415032679739 0.6727941176470589 0.015931372549019607 0.011642156862745098
1 0.9824346405228758 0.6881127450980392 0.017973856209150325 0.011642156862745098
1 0.23345588235294118 0.8048406862745098 0.020833333333333332 0.014093137254901961
1 0.8116830065359477 0.8818933823529411 0.029411764705882353 0.01685049019607843
1 0.18075980392156862 0.8383884803921569 0.01838235294117647 0.011948529411764705
1 0.8490604575163399 0.7571997549019608 0.020016339869281044 0.014399509803921568
1 0.8237336601307189 0.8265931372549019 0.020016339869281044 0.014705882352941176
1 0.7295751633986928 0.8627450980392157 0.02042483660130719 0.015931372549019607
1 0.10804738562091504 0.7936580882352942 0.024918300653594773 0.014399509803921568
1 0.23488562091503268 0.7720588235294118 0.01715686274509804 0.012254901960784314
1 0.4477124183006536 0.7732843137254902 0.02287581699346405 0.015318627450980392
1 0.9662990196078431 0.6969975490196079 0.020833333333333332 0.011642156862745098
1 0.8762254901960784 0.7490808823529411 0.018790849673202614 0.012254901960784314
1 0.4728349673202614 0.7843137254901961 0.02165032679738562 0.014705882352941176
1 0.32393790849673204 0.7653186274509803 0.018790849673202614 0.012867647058823529
1 0.3431372549019608 0.8448223039215687 0.0196078431372549 0.014399509803921568
1 0.21405228758169934 0.8013174019607843 0.02287581699346405 0.015625
1 0.29840686274509803 0.8230698529411765 0.024101307189542485 0.017463235294117647
1 0.30923202614379086 0.7579656862745098 0.018790849673202614 0.014705882352941176
1 0.42687908496732024 0.7509191176470589 0.02369281045751634 0.016544117647058824
1 0.9754901960784313 0.6760110294117647 0.017973856209150325 0.011948529411764705
1 0.40093954248366015 0.8425245098039216 0.01919934640522876 0.014705882352941176
1 0.6274509803921569 0.8129595588235294 0.021241830065359478 0.01685049019607843
1 0.36213235294117646 0.8129595588235294 0.020833333333333332 0.015625
1 0.03125 0.7291666666666666 0.017565359477124183 0.012254901960784314
1 0.22303921568627452 0.8187806372549019 0.02287581699346405 0.015012254901960785
1 0.9178921568627451 0.7166053921568627 0.021241830065359478 0.014093137254901961
1 0.29820261437908496 0.8583026960784313 0.022058823529411766 0.016237745098039217
1 0.28288398692810457 0.8452818627450981 0.028186274509803922 0.01838235294117647
1 0.17320261437908496 0.8504901960784313 0.021241830065359478 0.014705882352941176
1 0.5098039215686274 0.8275122549019608 0.021241830065359478 0.015318627450980392
1 0.2877859477124183 0.8034620098039216 0.025735294117647058 0.017463235294117647
1 0.32598039215686275 0.8212316176470589 0.022058823529411766 0.016237745098039217
1 0.8827614379084967 0.7936580882352942 0.03104575163398693 0.019301470588235295
1 0.15604575163398693 0.8040747549019608 0.02369281045751634 0.017463235294117647
1 0.548202614379085 0.8939950980392157 0.02696078431372549 0.020833333333333332
1 0.41217320261437906 0.8131127450980392 0.02369281045751634 0.015931372549019607
1 0.15951797385620914 0.8953737745098039 0.025735294117647058 0.017463235294117647
