1 0.7138480392156863 0.8279718137254902 0.012663398692810458 0.009497549019607842
1 0.44219771241830064 0.7912071078431373 0.01511437908496732 0.010723039215686275
1 0.2318218954248366 0.6743259803921569 0.01511437908496732 0.009191176470588236
1 0.8319035947712419 0.7457107843137255 0.017565359477124183 0.012254901960784314
1 0.2741013071895425 0.8904718137254902 0.014705882352941176 0.011948529411764705
1 0.9846813725490197 0.6767769607843137 0.014297385620915032 0.00980392156862745
1 0.26205065359477125 0.8100490196078431 0.015931372549019607 0.010416666666666666
1 0.7342442810457517 0.8295695465686275 0.019959150326797386 0.01453125
1 0.4536356209150327 0.8103553921568627 0.016748366013071895 0.011029411764705883
1 0.712593954248366 0.846156556372549 0.014240196078431373 0.009102328431372549
1 0.12908496732026145 0.7002144607843137 0.013888888888888888 0.01011029411764706
1 0.22120098039215685 0.6962316176470589 0.011029411764705883 0.007659313725490196
1 0.23366013071895425 0.6783088235294118 0.012254901960784314 0.009191176470588236
1 0.5181781045751634 0.8656556372549019 0.020833333333333332 0.015625
1 0.8986928104575164 0.7631740196078431 0.017973856209150325 0.011642156862745098
1 0.33762254901960786 0.7002144607843137 0.012663398692810458 0.008884803921568627
1 0.7138766339869281 0.7607015931372548 0.015988562091503268 0.009761029411764705
1 0.4485294117647059 0.8641237745098039 0.014705882352941176 0.01011029411764706
1 0.34558823529411764 0.7284007352941176 0.013888888888888888 0.01011029411764706
1 0.3220996732026144 0.7337622549019608 0.012663398692810458 0.009191176470588236
1 0.28632761437908494 0.8003538602941177 0.014648692810457517 0.010021446078431372
1 0.27879901960784315 0.71875 0.014297385620915032 0.009191176470588236
1 0.4591503267973856 0.7351623774509805 0.01715686274509804 0.012604166666666666
1 0.18075980392156862 0.7241115196078431 0.015931372549019607 0.010723039215686275
1 0.14419934640522875 0.7305453431372549 0.015522875816993464 0.01011029411764706
1 0.35049019607843135 0.8026960784313726 0.02287581699346405 0.015318627450980392
1 0.7287581699346405 0.7022058823529411 0.016339869281045753 0.010416666666666666
1 0.17197712418300654 0.7167585784313726 0.01715686274509804 0.01011029411764706
1 0.20506535947712418 0.7020526960784313 0.013888888888888888 0.008884803921568627
1 0.23897058823529413 0.7533700980392157 0.017973856209150325 0.011642156862745098
1 0.22589869281045752 0.7149203431372549 0.013071895424836602 0.008884803921568627
1 0.8443627450980392 0.6763174019607843 0.01715686274509804 0.01133578431372549
1 0.13337418300653595 0.7356004901960784 0.015931372549019607 0.011029411764705883
1 0.1721813725490196 0.7936580882352942 0.017565359477124183 0.011948529411764705
1 0.8672385620915033 0.7489276960784313 0.015522875816993464 0.01133578431372549
1 0.6842320261437909 0.8203125 0.018790849673202614 0.013174019607843137
1 0.9113562091503268 0.7130821078431373 0.015522875816993464 0.010723039215686275
1 0.27369281045751637 0.7938112745098039 0.017973856209150325 0.012254901960784314
1 0.16033496732026145 0.7345281862745098 0.015931372549019607 0.01133578431372549
1 0.6182598039215687 0.8958333333333334 0.02246732026143791 0.015318627450980392
1 0.2867647058823529 0.7254901960784313 0.015522875816993464 0.010416666666666666
1 0.19158496732026145 0.7939644607843137 0.02042483660130719 0.013174019607843137
1 0.05841503267973856 0.8731617647058824 0.018790849673202614 0.014093137254901961
1 0.2540849673202614 0.7746629901960784 0.017973856209150325 0.013174019607843137
1 0.5939542483660131 0.8262867647058824 0.017973856209150325 0.013480392156862746
1 0.26348039215686275 0.719515931372549 0.013888888888888888 0.009497549019607842
1 0.8884803921568627 0.7207414215686274 0.01715686274509804 0.01133578431372549
1 0.14974264705882354 0.7060799632352941 0.01517156862745098 0.00958639705882353
1 0.9001225490196079 0.7552083333333334 0.020833333333333332 0.014705882352941176
1 0.5992647058823529 0.8555453431372549 0.017973856209150325 0.013174019607843137
1 0.3568218954248366 0.8497242647058824 0.017565359477124183 0.014399509803921568
1 0.17095588235294118 0.8304227941176471 0.02165032679738562 0.01685049019607843
1 0.8700980392156863 0.9093137254901961 0.02042483660130719 0.013480392156862746
1 0.1542075163398693 0.8526348039215687 0.01919934640522876 0.014093137254901961
1 0.9076797385620915 0.8782169117647058 0.024509803921568627 0.017463235294117647
1 0.14835988562091504 0.7021844362745098 0.014040032679738561 0.008535539215686274
