1 0.9765114379084967 0.6181066176470589 0.015931372549019607 0.009497549019607842
1 0.4936683006535948 0.625765931372549 0.013480392156862746 0.008884803921568627
1 0.8063725490196079 0.65625 0.012254901960784314 0.009191176470588236
1 0.7930964052287581 0.6537990196078431 0.013480392156862746 0.009191176470588236
1 0.5272671568627451 0.6089414828431373 0.015318627450980392 0.009549632352941177
1 0.941858660130719 0.607562806372549 0.016887254901960785 0.01046875
1 0.125 0.6458333333333334 0.012254901960784314 0.00857843137254902
1 0.17483660130718953 0.681423100490196 0.00980392156862745 0.007454044117647059
1 0.1039624183006536 0.6343443627450981 0.012663398692810458 0.008884803921568627
1 0.9154411764705882 0.6078431372549019 0.015522875816993464 0.00980392156862745
1 0.13337418300653595 0.6620710784313726 0.013480392156862746 0.00980392156862745
1 0.40604575163398693 0.6337576593137255 0.014705882352941176 0.008936887254901962
1 0.7914624183006536 0.6156556372549019 0.012663398692810458 0.007659313725490196
1 0.2790032679738562 0.6400122549019608 0.017973856209150325 0.011642156862745098
1 0.8727532679738562 0.6276041666666666 0.01511437908496732 0.008272058823529412
1 0.809640522875817 0.6066176470588235 0.013071895424836602 0.00857843137254902
1 0.818218954248366 0.6364889705882353 0.012254901960784314 0.008884803921568627
1 0.1482843137254902 0.6920955882352942 0.016339869281045753 0.010416666666666666
1 0.31985294117647056 0.6888786764705882 0.015522875816993464 0.01011029411764706
1 0.9922385620915033 0.7143075980392157 0.014705882352941176 0.011948529411764705
1 0.03819444444444445 0.6760110294117647 0.017565359477124183 0.01011029411764706
1 0.2937091503267974 0.6537990196078431 0.015522875816993464 0.00980392156862745
1 0.897671568627451 0.6853553921568627 0.01511437908496732 0.00980392156862745
1 0.00857843137254902 0.7107843137254902 0.014705882352941176 0.011642156862745098
1 0.17565359477124182 0.7334558823529411 0.018790849673202614 0.013480392156862746
1 0.1729983660130719 0.6689644607843137 0.016748366013071895 0.010723039215686275
1 0.04003267973856209 0.7020526960784313 0.014705882352941176 0.010723039215686275
1 0.6386846405228758 0.7875306372549019 0.020016339869281044 0.015625
1 0.03358455882352941 0.6846400122549019 0.013247549019607842 0.00714767156862745
