1 0.14215686274509803 0.6576286764705882 0.012254901960784314 0.007659313725490196
1 0.34618464052287584 0.6891375612745098 0.015898692810457516 0.01001531862745098
1 0.9513888888888888 0.6873468137254902 0.02042483660130719 0.011948529411764705
1 0.1329656862745098 0.7512254901960784 0.014297385620915032 0.009191176470588236
1 0.7595996732026143 0.7734375 0.015931372549019607 0.010723039215686275
1 0.928921568627451 0.7175245098039216 0.014705882352941176 0.010416666666666666
1 0.27144607843137253 0.8540134803921569 0.020016339869281044 0.013174019607843137
1 0.47201797385620914 0.6988357843137255 0.014297385620915032 0.010416666666666666
1 0.9593545751633987 0.7539828431372549 0.02165032679738562 0.014093137254901961
1 0.2973856209150327 0.8390012254901961 0.0196078431372549 0.015012254901960785
1 0.5046977124183006 0.7189031862745098 0.014297385620915032 0.010723039215686275
1 0.3090277777777778 0.6847426470588235 0.01511437908496732 0.00980392156862745
1 0.0494281045751634 0.6574754901960784 0.013071895424836602 0.00857843137254902
1 0.8978758169934641 0.7135416666666666 0.015522875816993464 0.009191176470588236
1 0.17544934640522875 0.7034313725490197 0.01511437908496732 0.010416666666666666
1 0.7677696078431373 0.8432904411764706 0.02165032679738562 0.013174019607843137
1 0.3400735294117647 0.6848958333333334 0.013480392156862746 0.01011029411764706
1 0.9528186274509803 0.8514093137254902 0.02246732026143791 0.017769607843137254
1 0.3541666666666667 0.6760110294117647 0.012254901960784314 0.008884803921568627
1 0.9199346405228758 0.6704963235294118 0.015522875816993464 0.010723039215686275
1 0.31290849673202614 0.8031556372549019 0.017973856209150325 0.014399509803921568
1 0.9103349673202614 0.7152267156862745 0.017565359477124183 0.01133578431372549
1 0.6229575163398693 0.7530637254901961 0.018790849673202614 0.012254901960784314
1 0.6954656862745098 0.7902879901960784 0.01838235294117647 0.013786764705882353
1 0.31638071895424835 0.8484987745098039 0.020016339869281044 0.015625
1 0.5130718954248366 0.8304227941176471 0.018790849673202614 0.013174019607843137
1 0.596609477124183 0.7647058823529411 0.017565359477124183 0.012867647058823529
1 0.7696078431372549 0.6516544117647058 0.014705882352941176 0.010416666666666666
1 0.5008169934640523 0.7299325980392157 0.016339869281045753 0.011948529411764705
1 0.8700980392156863 0.6908700980392157 0.015522875816993464 0.010416666666666666
1 0.4074754901960784 0.6729473039215687 0.014297385620915032 0.01011029411764706
1 0.5645424836601307 0.7153799019607843 0.017973856209150325 0.011642156862745098
1 0.9405637254901961 0.7553615196078431 0.02165032679738562 0.013786764705882353
1 0.027777777777777776 0.6829044117647058 0.0196078431372549 0.011029411764705883
1 0.6133578431372549 0.702359068627451 0.01838235294117647 0.012561274509803922
1 0.04084967320261438 0.6498161764705882 0.014705882352941176 0.00980392156862745
1 0.6366421568627451 0.7190563725490197 0.01511437908496732 0.010416666666666666
1 0.3868464052287582 0.6740196078431373 0.013071895424836602 0.00980392156862745
1 0.9562908496732027 0.7069546568627451 0.015522875816993464 0.01133578431372549
1 0.3991013071895425 0.694546568627451 0.015522875816993464 0.010416666666666666
1 0.9242238562091504 0.6833639705882353 0.015931372549019607 0.01011029411764706
1 0.8813316993464052 0.7193627450980392 0.017565359477124183 0.011029411764705883
1 0.8427287581699346 0.6976102941176471 0.016339869281045753 0.011642156862745098
1 0.9579248366013072 0.7688419117647058 0.022058823529411766 0.015012254901960785
1 0.03615196078431373 0.8247549019607843 0.023284313725490197 0.015931372549019607
1 0.9487336601307189 0.7890625 0.024101307189542485 0.015012254901960785
1 0.9865196078431373 0.6985294117647058 0.02287581699346405 0.014093137254901961
1 0.9360702614379085 0.6781556372549019 0.016748366013071895 0.01133578431372549
1 0.9456699346405228 0.7729779411764706 0.021241830065359478 0.013480392156862746
1 0.8212826797385621 0.6887254901960784 0.016748366013071895 0.011642156862745098
1 0.6558415032679739 0.8625919117647058 0.02246732026143791 0.018075980392156864
1 0.8719362745098039 0.7549019607843137 0.02246732026143791 0.014093137254901961
1 0.37479575163398693 0.8023897058823529 0.01919934640522876 0.014093137254901961
1 0.1111111111111111 0.8390012254901961 0.02369281045751634 0.017463235294117647
1 0.01613562091503268 0.821078431372549 0.026552287581699346 0.0196078431372549
