1 0.5561683006535948 0.9872855392156863 0.039624183006535946 0.02542892156862745
1 0.5931372549019608 0.8348651960784313 0.024509803921568627 0.017769607843137254
1 0.23937908496732027 0.6564031862745098 0.0196078431372549 0.013174019607843137
1 0.733251633986928 0.9183517156862745 0.022058823529411766 0.014399509803921568
1 0.516952614379085 0.7545955882352942 0.025735294117647058 0.015931372549019607
1 0.15461601307189543 0.8377757352941176 0.020016339869281044 0.012561274509803922
1 0.4513888888888889 0.8060661764705882 0.03022875816993464 0.017769607843137254
1 0.42177287581699346 0.8716299019607843 0.025735294117647058 0.015931372549019607
1 0.5706699346405228 0.9744178921568627 0.029411764705882353 0.02420343137254902
1 0.7681781045751634 0.9580269607843137 0.030637254901960783 0.020833333333333332
1 0.14501633986928106 0.7489276960784313 0.02369281045751634 0.014399509803921568
1 0.23412581699346405 0.7733685661764707 0.019722222222222224 0.014261642156862745
1 0.45179738562091504 0.8854166666666666 0.026143790849673203 0.016544117647058824
1 0.7655228758169934 0.7045036764705882 0.02369281045751634 0.017463235294117647
1 0.4019607843137255 0.7754289215686274 0.025326797385620915 0.017769607843137254
1 0.8333333333333334 0.960171568627451 0.03022875816993464 0.020833333333333332
1 0.6294934640522876 0.8538602941176471 0.022058823529411766 0.014705882352941176
1 0.8944035947712419 0.7305453431372549 0.025735294117647058 0.017463235294117647
1 0.15298202614379086 0.6663602941176471 0.024918300653594773 0.01715686274509804
1 0.6446078431372549 0.8307291666666666 0.029411764705882353 0.021139705882352942
1 0.46834150326797386 0.8690257352941176 0.0298202614379085 0.020526960784313725
1 0.8208741830065359 0.7824754901960784 0.028186274509803922 0.02144607843137255
1 0.659720179738562 0.8398789828431372 0.021237745098039218 0.016155024509803922
1 0.3933374183006536 0.7826700367647059 0.021968954248366014 0.014482230392156863
1 0.2446732026143791 0.7840349264705883 0.025294117647058825 0.014761029411764706
1 0.8562847222222222 0.9717294730392156 0.03201388888888889 0.023115808823529413
