1 0.7785947712418301 0.3549325980392157 0.017973856209150325 0.006433823529411764
1 0.8705065359477124 0.36014093137254904 0.026143790849673203 0.01991421568627451
1 0.4035947712418301 0.36075367647058826 0.02042483660130719 0.008884803921568627
1 0.5514705882352942 0.36121323529411764 0.01715686274509804 0.016544117647058824
1 0.28227124183006536 0.36151960784313725 0.02369281045751634 0.014705882352941176
1 0.3249591503267974 0.3818933823529412 0.020016339869281044 0.01133578431372549
1 0.3006535947712418 0.40012254901960786 0.01715686274509804 0.015318627450980392
1 0.8196486928104575 0.4036458333333333 0.02900326797385621 0.014399509803921568
1 0.23080065359477125 0.40762867647058826 0.0196078431372549 0.013174019607843137
1 0.21017156862745098 0.4368872549019608 0.023284313725490197 0.010416666666666666
1 0.3508986928104575 0.46262254901960786 0.04656862745098039 0.027573529411764705
1 0.07720588235294118 0.47411151960784315 0.03022875816993464 0.01685049019607843
1 0.6141748366013072 0.5139399509803921 0.026552287581699346 0.012561274509803922
1 0.5575980392156863 0.5370710784313726 0.029411764705882353 0.016544117647058824
1 0.5575980392156863 0.5376838235294118 0.027777777777777776 0.012867647058823529
1 0.5712826797385621 0.5706188725490197 0.07066993464052287 0.03216911764705882
1 0.4985702614379085 0.5942095588235294 0.05106209150326797 0.016237745098039217
1 0.6877042483660131 0.7643995098039216 0.07475490196078431 0.049019607843137254
1 0.5763888888888888 0.8532475490196079 0.07679738562091504 0.049019607843137254
1 0.45812908496732024 0.8632046568627451 0.060866013071895424 0.047487745098039214
