1 0.4591503267973856 0.6573223039215687 0.015522875816993464 0.009497549019607842
1 0.12908496732026145 0.6737132352941176 0.016339869281045753 0.009191176470588236
1 0.20506535947712418 0.6594669117647058 0.012254901960784314 0.008272058823529412
1 0.024101307189542485 0.7170649509803921 0.016339869281045753 0.010723039215686275
1 0.6905637254901961 0.6553308823529411 0.01511437908496732 0.010416666666666666
1 0.8116830065359477 0.710171568627451 0.018790849673202614 0.012254901960784314
1 0.215890522875817 0.6415441176470589 0.017565359477124183 0.012254901960784314
1 0.16339869281045752 0.6599264705882353 0.017973856209150325 0.012867647058823529
1 0.4193218954248366 0.8246017156862745 0.024101307189542485 0.018688725490196078
1 0.2734885620915033 0.8656556372549019 0.025735294117647058 0.020526960784313725
