1 0.23774509803921567 0.4074754901960784 0.018790849673202614 0.009191176470588236
1 0.21303104575163398 0.4270833333333333 0.016748366013071895 0.00980392156862745
1 0.6425653594771242 0.4273897058823529 0.014705882352941176 0.011029411764705883
1 0.6613562091503268 0.4371936274509804 0.031862745098039214 0.015931372549019607
1 0.8490604575163399 0.46829044117647056 0.039624183006535946 0.021752450980392156
1 0.4158496732026144 0.47610294117647056 0.03758169934640523 0.025735294117647058
1 0.18035130718954248 0.5517769607843137 0.0363562091503268 0.018995098039215685
1 0.05249183006535948 0.5566789215686274 0.0298202614379085 0.017769607843137254
1 0.1934232026143791 0.5640318627450981 0.0363562091503268 0.012867647058823529
1 0.029616013071895424 0.5666360294117647 0.02900326797385621 0.021139705882352942
1 0.33169934640522875 0.5684742647058824 0.02696078431372549 0.015012254901960785
1 0.704248366013072 0.5700061274509803 0.0457516339869281 0.027879901960784315
1 0.8596813725490197 0.5784313725490197 0.03308823529411765 0.018995098039215685
1 0.5745506535947712 0.5854779411764706 0.0625 0.041666666666666664
1 0.7087418300653595 0.5863970588235294 0.06535947712418301 0.03799019607843137
1 0.8427287581699346 0.7668504901960784 0.08251633986928104 0.05514705882352941
1 0.6466278594771242 0.40517769607843135 0.010575980392156863 0.007659313725490196
1 0.5279738562091504 0.40609681372549017 0.012647058823529412 0.010723039215686275
1 0.34198733660130715 0.3180147058823529 0.0115890522875817 0.006127450980392157
1 0.2960886437908497 0.30916819852941174 0.008026960784313725 0.004978553921568627
1 0.04846813725490196 0.32253370098039214 0.007066993464052288 0.005361519607843137
1 0.014536356209150328 0.4299938725490196 0.018451797385620916 0.010723039215686275
