1 0.21915849673202614 0.7754289215686274 0.014297385620915032 0.00980392156862745
1 0.0959967320261438 0.7786458333333334 0.012254901960784314 0.012561274509803922
1 0.01613562091503268 0.7925857843137255 0.020833333333333332 0.011029411764705883
1 0.024101307189542485 0.8246017156862745 0.0196078431372549 0.01011029411764706
1 0.6893382352941176 0.8304227941176471 0.027369281045751634 0.021139705882352942
1 0.02920751633986928 0.8374693627450981 0.016748366013071895 0.013174019607843137
1 0.6650326797385621 0.8480392156862745 0.026143790849673203 0.023284313725490197
1 0.46262254901960786 0.8881740196078431 0.02246732026143791 0.018995098039215685
1 0.5839460784313726 0.8935355392156863 0.02165032679738562 0.01685049019607843
1 0.10049019607843138 0.8984375 0.03676470588235294 0.03278186274509804
1 0.6703431372549019 0.9079350490196079 0.025326797385620915 0.022365196078431373
