1 0.6680964052287581 0.6905637254901961 0.02246732026143791 0.014093137254901961
1 0.8880718954248366 0.6712622549019608 0.011437908496732025 0.00857843137254902
1 0.27961601307189543 0.733609068627451 0.015931372549019607 0.009497549019607842
1 0.01919934640522876 0.7406556372549019 0.014705882352941176 0.009497549019607842
1 0.5059232026143791 0.9597120098039216 0.01838235294117647 0.013786764705882353
1 0.9912173202614379 0.765625 0.013480392156862746 0.009191176470588236
1 0.46854575163398693 0.7356004901960784 0.013888888888888888 0.011029411764705883
1 0.032883986928104576 0.7349877450980392 0.017565359477124183 0.011642156862745098
1 0.33169934640522875 0.9387254901960784 0.02287581699346405 0.016544117647058824
1 0.9670036764705882 0.678376225490196 0.013255718954248367 0.008100490196078431
1 0.018995098039215685 0.7533700980392157 0.016748366013071895 0.011029411764705883
1 0.3474264705882353 0.8569240196078431 0.020016339869281044 0.013480392156862746
1 0.00959967320261438 0.8114276960784313 0.015931372549019607 0.013174019607843137
1 0.7314133986928104 0.7997855392156863 0.02165032679738562 0.013174019607843137
1 0.49611928104575165 0.7049632352941176 0.01838235294117647 0.012254901960784314
1 0.017565359477124183 0.8337928921568627 0.026143790849673203 0.016237745098039217
1 0.10784313725490197 0.8230698529411765 0.02042483660130719 0.013786764705882353
1 0.9307598039215687 0.9287683823529411 0.01919934640522876 0.012561274509803922
1 0.8419117647058824 0.7800245098039216 0.015522875816993464 0.00980392156862745
1 0.960171568627451 0.7248774509803921 0.01511437908496732 0.00980392156862745
1 0.3394607843137255 0.9007352941176471 0.017973856209150325 0.014093137254901961
1 0.8555964052287581 0.8057598039215687 0.01919934640522876 0.011029411764705883
1 0.7961601307189542 0.8356311274509803 0.017973856209150325 0.011948529411764705
1 0.2757352941176471 0.9059436274509803 0.024509803921568627 0.015931372549019607
1 0.8966503267973857 0.7025122549019608 0.013071895424836602 0.00857843137254902
1 0.22365196078431374 0.9022671568627451 0.025735294117647058 0.016544117647058824
1 0.0900735294117647 0.8189338235294118 0.020833333333333332 0.013480392156862746
1 0.8486519607843137 0.8575367647058824 0.020016339869281044 0.013480392156862746
1 0.9160539215686274 0.8072916666666666 0.020833333333333332 0.014093137254901961
1 0.9697712418300654 0.8537071078431373 0.016339869281045753 0.011948529411764705
1 0.7205882352941176 0.7651654411764706 0.01715686274509804 0.01133578431372549
1 0.11397058823529412 0.7166053921568627 0.015522875816993464 0.010416666666666666
1 0.6376633986928104 0.9635416666666666 0.024509803921568627 0.017769607843137254
1 0.911968954248366 0.811734068627451 0.017565359477124183 0.011948529411764705
1 0.24897875816993464 0.8227634803921569 0.020833333333333332 0.015012254901960785
1 0.22058823529411764 0.9635416666666666 0.02696078431372549 0.01715686274509804
1 0.10498366013071896 0.7844669117647058 0.024509803921568627 0.015012254901960785
1 0.3116830065359477 0.8475796568627451 0.021241830065359478 0.015625
1 0.8057598039215687 0.8440563725490197 0.017565359477124183 0.012254901960784314
1 0.026756535947712417 0.7052696078431373 0.01919934640522876 0.012254901960784314
1 0.4483251633986928 0.8425245098039216 0.020016339869281044 0.015318627450980392
1 0.6540032679738562 0.8875612745098039 0.022058823529411766 0.015318627450980392
1 0.23529411764705882 0.9488357843137255 0.027777777777777776 0.020833333333333332
1 0.7195669934640523 0.8163296568627451 0.017565359477124183 0.012561274509803922
1 0.1860702614379085 0.8967524509803921 0.024101307189542485 0.016544117647058824
1 0.7346813725490197 0.7945772058823529 0.02246732026143791 0.015012254901960785
1 0.8766339869281046 0.9555759803921569 0.018790849673202614 0.014093137254901961
1 0.5802696078431373 0.8864889705882353 0.01838235294117647 0.014399509803921568
1 0.153390522875817 0.7156862745098039 0.017565359477124183 0.011642156862745098
1 0.7906454248366013 0.7981004901960784 0.02246732026143791 0.014093137254901961
1 0.2093545751633987 0.9244791666666666 0.024101307189542485 0.017463235294117647
1 0.724468954248366 0.9204963235294118 0.02165032679738562 0.015625
1 0.5696486928104575 0.8443627450980392 0.020833333333333332 0.015318627450980392
1 0.8925653594771242 0.8080575980392157 0.0196078431372549 0.013174019607843137
1 0.9848856209150327 0.8423713235294118 0.018790849673202614 0.014399509803921568
1 0.15587214052287582 0.7082659313725491 0.013541666666666665 0.007830882352941175
