1 0.16809640522875818 0.6378676470588235 0.03553921568627451 0.00980392156862745
1 0.7675653594771242 0.6423100490196079 0.016339869281045753 0.011948529411764705
1 0.029411764705882353 0.6475183823529411 0.03431372549019608 0.015012254901960785
1 0.05269607843137255 0.6694240196078431 0.03431372549019608 0.018995098039215685
1 0.40665849673202614 0.6729473039215687 0.026552287581699346 0.020526960784313725
1 0.4675245098039216 0.6829044117647058 0.01838235294117647 0.012867647058823529
1 0.8788807189542484 0.6833639705882353 0.02165032679738562 0.015012254901960785
1 0.34129901960784315 0.6875 0.0298202614379085 0.01838235294117647
1 0.8329248366013072 0.6922487745098039 0.03022875816993464 0.015012254901960785
1 0.03145424836601307 0.6983762254901961 0.03104575163398693 0.024816176470588234
1 0.9634395424836601 0.7104779411764706 0.02900326797385621 0.0196078431372549
1 0.8043300653594772 0.711703431372549 0.02042483660130719 0.011029411764705883
1 0.15298202614379086 0.7349877450980392 0.0298202614379085 0.023284313725490197
1 0.8954248366013072 0.7617953431372549 0.017973856209150325 0.016237745098039217
1 0.1395016339869281 0.8011642156862745 0.05024509803921569 0.028799019607843136
1 0.5547385620915033 0.8080575980392157 0.03104575163398693 0.02542892156862745
1 0.17340686274509803 0.8114276960784313 0.04779411764705882 0.03462009803921569
1 0.013684640522875817 0.8207720588235294 0.027369281045751634 0.01715686274509804
1 0.8633578431372549 0.8707107843137255 0.04534313725490196 0.024509803921568627
