1 0.6999591503267973 0.8321078431372549 0.01919934640522876 0.014093137254901961
1 0.3590686274509804 0.6125919117647058 0.021241830065359478 0.012561274509803922
1 0.5896650326797386 0.6936274509803921 0.024918300653594773 0.012867647058823529
1 0.8212826797385621 0.6634497549019608 0.025735294117647058 0.018075980392156864
1 0.637937091503268 0.7817095588235294 0.016070261437908497 0.01133578431372549
1 0.5032679738562091 0.9266237745098039 0.04084967320261438 0.03155637254901961
1 0.6301062091503268 0.8535539215686274 0.024918300653594773 0.015318627450980392
1 0.26205065359477125 0.6069240196078431 0.02900326797385621 0.020833333333333332
1 0.27532679738562094 0.633765318627451 0.0196078431372549 0.01324142156862745
1 0.3098447712418301 0.6453737745098039 0.020016339869281044 0.012561274509803922
1 0.9211376633986929 0.6996875 0.019562908496732027 0.013958333333333335
1 0.6701388888888888 0.6409313725490197 0.01919934640522876 0.014093137254901961
1 0.16249183006535947 0.6140563725490196 0.020245098039215686 0.012426470588235294
1 0.20363562091503268 0.8962928921568627 0.02900326797385621 0.022365196078431373
1 0.627859477124183 0.9011948529411765 0.03594771241830065 0.026041666666666668
1 0.8086192810457516 0.8998161764705882 0.03390522875816993 0.026348039215686275
1 0.4820261437908497 0.9031862745098039 0.0392156862745098 0.028799019607843136
1 0.4430147058823529 0.8592218137254902 0.034722222222222224 0.02665441176470588
1 0.40870098039215685 0.649203431372549 0.030637254901960783 0.02022058823529412
1 0.2681781045751634 0.7290134803921569 0.0298202614379085 0.020526960784313725
1 0.6337826797385621 0.7653186274509803 0.03553921568627451 0.026348039215686275
1 0.9266523692810458 0.7112607230392156 0.021605392156862746 0.015658700980392157
1 0.9138521241830065 0.6960278799019608 0.019697712418300654 0.01276654411764706
1 0.04823529411764706 0.5123054534313726 0.009052287581699346 0.005615808823529411
1 0.045625 0.5144669117647059 0.007916666666666666 0.004424019607843137
1 0.0209375 0.513530943627451 0.00837826797385621 0.005615808823529411
