1 0.06556372549019608 0.6841299019607843 0.016748366013071895 0.00857843137254902
1 0.23039215686274508 0.7022058823529411 0.018790849673202614 0.011642156862745098
1 0.596609477124183 0.6897977941176471 0.014297385620915032 0.009497549019607842
1 0.07455065359477124 0.7256433823529411 0.017565359477124183 0.01133578431372549
1 0.3243464052287582 0.7388174019607843 0.017973856209150325 0.011948529411764705
1 0.4375 0.6999080882352942 0.017973856209150325 0.012561274509803922
1 0.08762254901960784 0.7086397058823529 0.017565359477124183 0.011642156862745098
1 0.3088235294117647 0.719515931372549 0.015522875816993464 0.01011029411764706
1 0.13848039215686275 0.8895526960784313 0.025326797385620915 0.01685049019607843
1 0.704452614379085 0.7204350490196079 0.020833333333333332 0.013786764705882353
1 0.2062908496732026 0.696078431372549 0.016339869281045753 0.011029411764705883
1 0.04044117647058824 0.8399203431372549 0.02287581699346405 0.015012254901960785
1 0.026756535947712417 0.7234987745098039 0.020016339869281044 0.012561274509803922
1 0.14358660130718953 0.6930147058823529 0.01838235294117647 0.014093137254901961
1 0.230187908496732 0.9554227941176471 0.026552287581699346 0.020526960784313725
1 0.04534313725490196 0.6858149509803921 0.02042483660130719 0.013786764705882353
1 0.2193627450980392 0.8449754901960784 0.02369281045751634 0.01715686274509804
1 0.07679738562091504 0.8354779411764706 0.02369281045751634 0.015318627450980392
1 0.2743055555555556 0.8336397058823529 0.023284313725490197 0.01715686274509804
1 0.29411764705882354 0.9829963235294118 0.03022875816993464 0.02420343137254902
