1 0.47324346405228757 0.3993566176470588 0.01838235294117647 0.013174019607843137
1 0.8102532679738562 0.48192401960784315 0.017565359477124183 0.011029411764705883
1 0.7477532679738562 0.40625 0.014297385620915032 0.00980392156862745
1 0.8190359477124183 0.40640318627450983 0.016339869281045753 0.009497549019607842
1 0.3707107843137255 0.3788296568627451 0.014297385620915032 0.009497549019607842
1 0.6186683006535948 0.3550857843137255 0.012663398692810458 0.009191176470588236
1 0.7175245098039216 0.3866421568627451 0.014297385620915032 0.009191176470588236
1 0.766748366013072 0.37699142156862747 0.013071895424836602 0.007659313725490196
1 0.6276552287581699 0.3596813725490196 0.013480392156862746 0.00857843137254902
1 0.35804738562091504 0.5329350490196079 0.01511437908496732 0.013174019607843137
1 0.429125816993464 0.3521752450980392 0.017565359477124183 0.01133578431372549
1 0.6350081699346405 0.3633578431372549 0.014297385620915032 0.009191176470588236
1 0.5524918300653595 0.36182598039215685 0.01184640522875817 0.00857843137254902
1 0.44076797385620914 0.3541666666666667 0.018790849673202614 0.011642156862745098
1 0.5776143790849673 0.41299019607843135 0.015522875816993464 0.010416666666666666
1 0.5708741830065359 0.36151960784313725 0.014297385620915032 0.009191176470588236
1 0.6570669934640523 0.4103860294117647 0.015931372549019607 0.01133578431372549
1 0.90625 0.43704044117647056 0.01919934640522876 0.012561274509803922
1 0.4236111111111111 0.3837316176470588 0.013888888888888888 0.009497549019607842
1 0.03880718954248366 0.36887254901960786 0.01715686274509804 0.011642156862745098
1 0.7526552287581699 0.35309436274509803 0.012663398692810458 0.008272058823529412
1 0.15543300653594772 0.35263480392156865 0.015931372549019607 0.011029411764705883
1 0.4432863562091503 0.3737484681372549 0.01647467320261438 0.010364583333333333
1 0.7910539215686274 0.4963235294117647 0.01919934640522876 0.013480392156862746
1 0.7681781045751634 0.39705882352941174 0.012663398692810458 0.009191176470588236
1 0.12173202614379085 0.3428308823529412 0.02042483660130719 0.012867647058823529
1 0.6858660130718954 0.5231311274509803 0.021241830065359478 0.015625
1 0.599468954248366 0.4215686274509804 0.01511437908496732 0.00980392156862745
1 0.7914624183006536 0.4022671568627451 0.01511437908496732 0.00980392156862745
1 0.5947712418300654 0.3717830882352941 0.014705882352941176 0.01011029411764706
1 0.5833333333333334 0.3864889705882353 0.016339869281045753 0.010723039215686275
1 0.5694444444444444 0.42294730392156865 0.01715686274509804 0.01133578431372549
1 0.8815359477124183 0.4488357843137255 0.022058823529411766 0.013480392156862746
1 0.3480392156862745 0.3818933823529412 0.016339869281045753 0.01133578431372549
1 0.5247140522875817 0.3880208333333333 0.016748366013071895 0.011948529411764705
1 0.6439950980392157 0.4348958333333333 0.017565359477124183 0.011948529411764705
1 0.65625 0.39368872549019607 0.015931372549019607 0.00980392156862745
1 0.704452614379085 0.4397977941176471 0.01919934640522876 0.011948529411764705
1 0.7506127450980392 0.42356004901960786 0.020016339869281044 0.013174019607843137
1 0.5843545751633987 0.4172794117647059 0.016748366013071895 0.011642156862745098
1 0.6378676470588235 0.4791666666666667 0.01838235294117647 0.013480392156862746
1 0.4180964052287582 0.47824754901960786 0.02246732026143791 0.016544117647058824
1 0.28513071895424835 0.3674938725490196 0.03022875816993464 0.018688725490196078
1 0.28656045751633985 0.35263480392156865 0.028186274509803922 0.01715686274509804
1 0.6689133986928104 0.41253063725490197 0.015931372549019607 0.010723039215686275
1 0.19117647058823528 0.3674938725490196 0.03022875816993464 0.017463235294117647
1 0.809640522875817 0.4643075980392157 0.021241830065359478 0.013786764705882353
1 0.7720588235294118 0.4713541666666667 0.02287581699346405 0.015012254901960785
1 0.3758169934640523 0.3581495098039216 0.028594771241830064 0.016544117647058824
1 0.3415032679738562 0.3639705882352941 0.02696078431372549 0.01838235294117647
1 0.20179738562091504 0.47763480392156865 0.03839869281045752 0.02696078431372549
1 0.1750408496732026 0.4030330882352941 0.03553921568627451 0.021139705882352942
1 0.4466013071895425 0.3706081495098039 0.010849673202614379 0.00714767156862745
1 0.3151654411764706 0.3822763480392157 0.011866830065359477 0.008425245098039215
