1 0.1542075163398693 0.6750919117647058 0.015931372549019607 0.009497549019607842
1 0.7810457516339869 0.6948529411764706 0.014705882352941176 0.00980392156862745
1 0.7604166666666666 0.7496936274509803 0.020833333333333332 0.012254901960784314
1 0.8521241830065359 0.6899509803921569 0.01715686274509804 0.012254901960784314
1 0.15134803921568626 0.6493566176470589 0.01184640522875817 0.008272058823529412
1 0.7759395424836601 0.664828431372549 0.015931372549019607 0.010416666666666666
1 0.3654003267973856 0.6366421568627451 0.01511437908496732 0.010416666666666666
1 0.058619281045751634 0.6758578431372549 0.016748366013071895 0.00980392156862745
1 0.676062091503268 0.7409620098039216 0.022058823529411766 0.013786764705882353
1 0.36090686274509803 0.6617647058823529 0.01511437908496732 0.010416666666666666
1 0.07618464052287582 0.6720281862745098 0.01511437908496732 0.009497549019607842
1 0.690359477124183 0.678921568627451 0.01715686274509804 0.011029411764705883
1 0.9720179738562091 0.6666666666666666 0.01511437908496732 0.00980392156862745
1 0.4707924836601307 0.9001225490196079 0.020833333333333332 0.014705882352941176
1 0.7973856209150327 0.7147671568627451 0.02287581699346405 0.014093137254901961
1 0.9025735294117647 0.7284007352941176 0.01838235294117647 0.013174019607843137
1 0.41625816993464054 0.6686580882352942 0.014705882352941176 0.009497549019607842
1 0.4446486928104575 0.6603860294117647 0.014297385620915032 0.01011029411764706
1 0.6983251633986928 0.914828431372549 0.025735294117647058 0.017769607843137254
1 0.7689950980392157 0.6691176470588235 0.01919934640522876 0.013480392156862746
1 0.9595588235294118 0.7464767156862745 0.025326797385620915 0.016237745098039217
1 0.6750408496732027 0.9024203431372549 0.025735294117647058 0.01991421568627451
1 0.6231617647058824 0.797640931372549 0.02246732026143791 0.017463235294117647
1 0.37459150326797386 0.7144607843137255 0.017973856209150325 0.013480392156862746
1 0.7185457516339869 0.7624080882352942 0.02369281045751634 0.016237745098039217
1 0.6374591503267973 0.8969056372549019 0.028186274509803922 0.021139705882352942
1 0.08598856209150327 0.7925857843137255 0.02246732026143791 0.01715686274509804
1 0.12193627450980392 0.9762561274509803 0.037173202614379085 0.02849264705882353
1 0.7205882352941176 0.9352022058823529 0.02696078431372549 0.018075980392156864
1 0.2971813725490196 0.7394301470588235 0.02246732026143791 0.015625
1 0.8396650326797386 0.7774203431372549 0.024918300653594773 0.019301470588235295
1 0.5161356209150327 0.9402573529411765 0.030637254901960783 0.02267156862745098
1 0.5132761437908496 0.8422181372549019 0.028186274509803922 0.018995098039215685
1 0.8672385620915033 0.8143382352941176 0.025326797385620915 0.01838235294117647
1 0.7336601307189542 0.9036458333333334 0.02696078431372549 0.021139705882352942
