1 0.09293300653594772 0.9174325980392157 0.024101307189542485 0.017463235294117647
1 0.049019607843137254 0.6681985294117647 0.018790849673202614 0.011029411764705883
1 0.0452859477124183 0.7694102328431373 0.021944444444444444 0.015536151960784315
1 0.3249591503267974 0.7236519607843137 0.016748366013071895 0.010416666666666666
1 0.9934640522875817 0.8020833333333334 0.012254901960784314 0.014093137254901961
1 0.7514297385620915 0.852328431372549 0.02165032679738562 0.014705882352941176
1 0.1868872549019608 0.6531862745098039 0.013480392156862746 0.009191176470588236
1 0.14767156862745098 0.7198223039215687 0.015931372549019607 0.010723039215686275
1 0.7291666666666666 0.8247549019607843 0.021241830065359478 0.014093137254901961
1 0.9897875816993464 0.9113051470588235 0.02042483660130719 0.019301470588235295
1 0.16952614379084968 0.6567095588235294 0.016339869281045753 0.010723039215686275
1 0.00959967320261438 0.7850796568627451 0.017565359477124183 0.014399509803921568
1 0.44812091503267976 0.8083639705882353 0.02042483660130719 0.016237745098039217
1 0.6076388888888888 0.8094362745098039 0.02165032679738562 0.014705882352941176
1 0.0455187908496732 0.760657169117647 0.0256781045751634 0.013348651960784315
1 0.13602941176470587 0.8541666666666666 0.024509803921568627 0.01838235294117647
