1 0.7935049019607843 0.6430759803921569 0.020016339869281044 0.012867647058823529
1 0.7890114379084967 0.6583946078431373 0.012663398692810458 0.007965686274509803
1 0.4199346405228758 0.6602328431372549 0.016339869281045753 0.014093137254901961
1 0.44219771241830064 0.6619178921568627 0.014297385620915032 0.006433823529411764
1 0.7598039215686274 0.6625306372549019 0.010620915032679739 0.007659313725490196
1 0.6615604575163399 0.6708026960784313 0.015931372549019607 0.007659313725490196
1 0.6217320261437909 0.6720281862745098 0.014705882352941176 0.01011029411764706
1 0.8218954248366013 0.6724877450980392 0.014705882352941176 0.009191176470588236
1 0.7598039215686274 0.6743259803921569 0.015522875816993464 0.009191176470588236
1 0.4464869281045752 0.6760110294117647 0.016339869281045753 0.008884803921568627
1 0.5700571895424836 0.6778492647058824 0.013480392156862746 0.008884803921568627
1 0.6321486928104575 0.6803002450980392 0.012663398692810458 0.007659313725490196
1 0.6068218954248366 0.6806066176470589 0.012663398692810458 0.0070465686274509805
1 0.3110702614379085 0.6824448529411765 0.020833333333333332 0.010723039215686275
1 0.45588235294117646 0.6827512254901961 0.015522875816993464 0.009497549019607842
1 0.7144607843137255 0.6838235294117647 0.00980392156862745 0.007965686274509803
1 0.45383986928104575 0.6844362745098039 0.02369281045751634 0.013480392156862746
1 0.7269199346405228 0.6848958333333334 0.017565359477124183 0.010723039215686275
1 0.4993872549019608 0.6859681372549019 0.011029411764705883 0.007352941176470588
1 0.6844362745098039 0.688265931372549 0.013480392156862746 0.009497549019607842
1 0.6717728758169934 0.6899509803921569 0.015931372549019607 0.00857843137254902
1 0.20874183006535948 0.6902573529411765 0.018790849673202614 0.012254901960784314
1 0.4131944444444444 0.6907169117647058 0.013480392156862746 0.011948529411764705
1 0.8033088235294118 0.6931678921568627 0.017565359477124183 0.010723039215686275
1 0.7463235294117647 0.6936274509803921 0.013888888888888888 0.010416666666666666
1 0.5447303921568627 0.6994485294117647 0.020016339869281044 0.014705882352941176
1 0.5185866013071896 0.7066482843137255 0.011029411764705883 0.009497549019607842
1 0.49468954248366015 0.7087928921568627 0.012254901960784314 0.01133578431372549
1 0.5874183006535948 0.7126225490196079 0.015522875816993464 0.009191176470588236
1 0.6274509803921569 0.7144607843137255 0.015522875816993464 0.009191176470588236
1 0.565359477124183 0.7146139705882353 0.012254901960784314 0.007659313725490196
1 0.6540032679738562 0.7146139705882353 0.015522875816993464 0.008884803921568627
1 0.7081290849673203 0.7147671568627451 0.01184640522875817 0.011642156862745098
1 0.9689542483660131 0.7182904411764706 0.013888888888888888 0.010723039215686275
1 0.6444035947712419 0.7193627450980392 0.013480392156862746 0.011642156862745098
1 0.5951797385620915 0.7215073529411765 0.0196078431372549 0.009191176470588236
1 0.7794117647058824 0.7293198529411765 0.008986928104575163 0.010723039215686275
1 0.7935049019607843 0.7293198529411765 0.01184640522875817 0.008884803921568627
1 0.7003676470588235 0.7325367647058824 0.015931372549019607 0.010416666666666666
1 0.508578431372549 0.7342218137254902 0.016339869281045753 0.008884803921568627
1 0.24959150326797386 0.7437193627450981 0.013071895424836602 0.011948529411764705
1 0.45098039215686275 0.7463235294117647 0.02287581699346405 0.016544117647058824
1 0.5020424836601307 0.7464767156862745 0.016339869281045753 0.01011029411764706
1 0.9419934640522876 0.7470894607843137 0.017973856209150325 0.015625
1 0.7663398692810458 0.7545955882352942 0.014705882352941176 0.012254901960784314
1 0.35110294117647056 0.7579656862745098 0.012663398692810458 0.011029411764705883
1 0.4979575163398693 0.7584252450980392 0.01715686274509804 0.013174019607843137
1 0.7802287581699346 0.7593443627450981 0.014705882352941176 0.01011029411764706
1 0.5447303921568627 0.7610294117647058 0.01511437908496732 0.012254901960784314
1 0.2986111111111111 0.7642463235294118 0.016339869281045753 0.013174019607843137
1 0.3300653594771242 0.7787990196078431 0.016339869281045753 0.013480392156862746
1 0.6282679738562091 0.7791053921568627 0.021241830065359478 0.013480392156862746
1 0.207312091503268 0.7792585784313726 0.034722222222222224 0.021752450980392156
1 0.5939542483660131 0.7901348039215687 0.013888888888888888 0.00980392156862745
1 0.7299836601307189 0.7915134803921569 0.016339869281045753 0.015012254901960785
1 0.7542892156862745 0.7919730392156863 0.020833333333333332 0.012867647058823529
1 0.6605392156862745 0.7927389705882353 0.01715686274509804 0.012561274509803922
1 0.6100898692810458 0.7948835784313726 0.015931372549019607 0.015012254901960785
1 0.7820669934640523 0.7954963235294118 0.01511437908496732 0.013786764705882353
1 0.6779003267973857 0.805453431372549 0.01838235294117647 0.015931372549019607
1 0.24448529411764705 0.8066789215686274 0.020016339869281044 0.01715686274509804
1 0.894812091503268 0.8089767156862745 0.017565359477124183 0.009497549019607842
1 0.3355800653594771 0.8129595588235294 0.027369281045751634 0.015625
1 0.8314950980392157 0.8138786764705882 0.027369281045751634 0.016237745098039217
1 0.6950571895424836 0.8146446078431373 0.017565359477124183 0.014705882352941176
1 0.7761437908496732 0.8196997549019608 0.017973856209150325 0.014399509803921568
1 0.7326388888888888 0.8209252450980392 0.014297385620915032 0.014399509803921568
1 0.7606209150326797 0.8209252450980392 0.01715686274509804 0.016237745098039217
1 0.5396241830065359 0.8244485294117647 0.01715686274509804 0.010416666666666666
1 0.7467320261437909 0.8265931372549019 0.013888888888888888 0.009191176470588236
1 0.727328431372549 0.8276654411764706 0.020016339869281044 0.015012254901960785
1 0.8024918300653595 0.8354779411764706 0.02165032679738562 0.012867647058823529
1 0.516952614379085 0.836703431372549 0.02246732026143791 0.018995098039215685
1 0.9916258169934641 0.842984068627451 0.016748366013071895 0.01991421568627451
1 0.6380718954248366 0.8440563725490197 0.02042483660130719 0.017769607843137254
1 0.7263071895424836 0.8442095588235294 0.022058823529411766 0.015012254901960785
1 0.627859477124183 0.8607536764705882 0.015522875816993464 0.008884803921568627
1 0.6523692810457516 0.8607536764705882 0.014705882352941176 0.011948529411764705
1 0.6327614379084967 0.8685661764705882 0.017973856209150325 0.011642156862745098
1 0.6068218954248366 0.8711703431372549 0.020833333333333332 0.01685049019607843
1 0.6111111111111112 0.8950674019607843 0.02042483660130719 0.01685049019607843
1 0.13909313725490197 0.9030330882352942 0.024101307189542485 0.021139705882352942
1 0.4722222222222222 0.9033394607843137 0.0196078431372549 0.009497549019607842
1 0.7371323529411765 0.9047181372549019 0.01919934640522876 0.012867647058823529
1 0.5302287581699346 0.9090073529411765 0.014705882352941176 0.012867647058823529
1 0.7475490196078431 0.9125306372549019 0.02287581699346405 0.018075980392156864
1 0.44342320261437906 0.9157475490196079 0.025735294117647058 0.0196078431372549
1 0.3743872549019608 0.9159007352941176 0.024101307189542485 0.021752450980392156
1 0.45036764705882354 0.9626225490196079 0.023284313725490197 0.020833333333333332
1 0.29044117647058826 0.9644607843137255 0.026143790849673203 0.02389705882352941
