1 0.38929738562091504 0.5905330882352942 0.01715686274509804 0.01011029411764706
1 0.19240196078431374 0.5701593137254902 0.017973856209150325 0.011029411764705883
1 0.8312908496732027 0.6331188725490197 0.017973856209150325 0.012561274509803922
1 0.3772467320261438 0.5577512254901961 0.02165032679738562 0.016237745098039217
1 0.16053921568627452 0.6839767156862745 0.022058823529411766 0.014399509803921568
1 0.6962826797385621 0.6128982843137255 0.017565359477124183 0.012561274509803922
1 0.6098856209150327 0.7447916666666666 0.025326797385620915 0.014093137254901961
1 0.7185457516339869 0.6289828431372549 0.022058823529411766 0.015931372549019607
1 0.8149509803921569 0.7527573529411765 0.022058823529411766 0.014705882352941176
1 0.10232843137254902 0.952359068627451 0.04370915032679738 0.033394607843137254
1 0.7022058823529411 0.6731004901960784 0.0196078431372549 0.014705882352941176
1 0.29840686274509803 0.7026654411764706 0.020833333333333332 0.015625
1 0.01838235294117647 0.5900735294117647 0.02042483660130719 0.014093137254901961
1 0.5386029411764706 0.7075674019607843 0.024101307189542485 0.018075980392156864
1 0.18259803921568626 0.7933517156862745 0.026143790849673203 0.018075980392156864
1 0.5588235294117647 0.7132352941176471 0.022058823529411766 0.016544117647058824
1 0.9338235294117647 0.7886029411764706 0.02696078431372549 0.0196078431372549
1 0.8647875816993464 0.7408088235294118 0.024509803921568627 0.018995098039215685
1 0.5367647058823529 0.7625612745098039 0.026143790849673203 0.02022058823529412
1 0.6880616830065359 0.6853553921568627 0.019097222222222224 0.012254901960784314
