1 0.17544934640522875 0.7274816176470589 0.014297385620915032 0.012561274509803922
1 0.19587418300653595 0.7333026960784313 0.01919934640522876 0.011948529411764705
1 0.18913398692810457 0.7487745098039216 0.022058823529411766 0.012254901960784314
1 0.5422794117647058 0.7550551470588235 0.023284313725490197 0.021139705882352942
1 0.4571078431372549 0.7582720588235294 0.025326797385620915 0.01838235294117647
1 0.02022058823529412 0.7631740196078431 0.01919934640522876 0.015931372549019607
1 0.14726307189542484 0.8192401960784313 0.039624183006535946 0.02022058823529412
1 0.7450980392156863 0.8762254901960784 0.049019607843137254 0.03002450980392157
1 0.6260212418300654 0.8952205882352942 0.034722222222222224 0.03002450980392157
1 0.5375816993464052 0.8959865196078431 0.03104575163398693 0.0272671568627451
1 0.10232843137254902 0.9430147058823529 0.026552287581699346 0.015931372549019607
1 0.4397467320261438 0.9572610294117647 0.03145424836601307 0.030330882352941176
