1 0.7549019607843137 0.39338235294117646 0.0196078431372549 0.01715686274509804
1 0.7361111111111112 0.3978247549019608 0.029411764705882353 0.014399509803921568
1 0.0690359477124183 0.4036458333333333 0.02696078431372549 0.012561274509803922
1 0.8870506535947712 0.40625 0.03227124183006536 0.016544117647058824
1 0.040236928104575166 0.40808823529411764 0.025735294117647058 0.012254901960784314
1 0.8372140522875817 0.4096200980392157 0.023284313725490197 0.015931372549019607
1 0.9491421568627451 0.4114583333333333 0.020016339869281044 0.011642156862745098
1 0.9871323529411765 0.4149816176470588 0.025735294117647058 0.021752450980392156
1 0.7220179738562091 0.41620710784313725 0.03390522875816993 0.02420343137254902
1 0.10457516339869281 0.4174325980392157 0.016339869281045753 0.012561274509803922
1 0.7673611111111112 0.42294730392156865 0.03799019607843137 0.019301470588235295
1 0.04003267973856209 0.42325367647058826 0.02696078431372549 0.013174019607843137
1 0.96875 0.4339767156862745 0.023284313725490197 0.015625
1 0.7289624183006536 0.46568627450980393 0.025735294117647058 0.013480392156862746
1 0.7524509803921569 0.4799325980392157 0.04330065359477124 0.02542892156862745
1 0.5565767973856209 0.4831495098039216 0.024101307189542485 0.015318627450980392
1 0.6727941176470589 0.4889705882352941 0.05228758169934641 0.032475490196078434
1 0.8825571895424836 0.4960171568627451 0.04861111111111111 0.028799019607843136
1 0.3116830065359477 0.5071997549019608 0.03349673202614379 0.02297794117647059
1 0.5451388888888888 0.5491727941176471 0.030637254901960783 0.019301470588235295
1 0.6140686274509803 0.29035692401960783 0.009183006535947712 0.00779718137254902
1 0.587593954248366 0.2956219362745098 0.007704248366013072 0.006685049019607843
1 0.5935191993464052 0.2959558823529412 0.009750816993464053 0.006127450980392157
