1 0.7806372549019608 0.9459252450980392 0.02042483660130719 0.014399509803921568
1 0.843517156862745 0.7374387254901961 0.01301470588235294 0.00857843137254902
1 0.22712418300653595 0.8834252450980392 0.022058823529411766 0.015625
1 0.08129084967320262 0.7990196078431373 0.022058823529411766 0.013480392156862746
1 0.08415032679738563 0.7855392156862745 0.014705882352941176 0.00980392156862745
1 0.17238562091503268 0.9165134803921569 0.024509803921568627 0.016237745098039217
1 0.9585375816993464 0.8739276960784313 0.01838235294117647 0.013174019607843137
1 0.015318627450980392 0.7685355392156863 0.02246732026143791 0.016237745098039217
1 0.8656924019607843 0.7450107230392158 0.016515522875816993 0.01024203431372549
1 0.2661356209150327 0.8331801470588235 0.02165032679738562 0.016237745098039217
1 0.9483251633986928 0.9087009803921569 0.017565359477124183 0.013480392156862746
1 0.24142156862745098 0.7703737745098039 0.021241830065359478 0.013786764705882353
1 0.6527777777777778 0.9557291666666666 0.02369281045751634 0.016237745098039217
1 0.09456699346405228 0.8370098039215687 0.020016339869281044 0.014093137254901961
1 0.20547385620915032 0.7215073529411765 0.013888888888888888 0.010416666666666666
1 0.00959967320261438 0.7512254901960784 0.017565359477124183 0.015931372549019607
1 0.1823937908496732 0.7757352941176471 0.01511437908496732 0.00980392156862745
1 0.727328431372549 0.7693014705882353 0.015931372549019607 0.010416666666666666
1 0.013480392156862746 0.8079044117647058 0.02287581699346405 0.017769607843137254
1 0.5251225490196079 0.8010110294117647 0.017565359477124183 0.013174019607843137
1 0.8768382352941176 0.7464767156862745 0.01511437908496732 0.01011029411764706
1 0.17769607843137256 0.7190563725490197 0.016339869281045753 0.010416666666666666
1 0.04636437908496732 0.7072610294117647 0.015931372549019607 0.009497549019607842
1 0.30718954248366015 0.8218443627450981 0.021241830065359478 0.013786764705882353
1 0.7990196078431373 0.9347426470588235 0.02042483660130719 0.014093137254901961
1 0.03227124183006536 0.7418811274509803 0.0196078431372549 0.011948529411764705
1 0.8120915032679739 0.8123468137254902 0.018790849673202614 0.012561274509803922
1 0.17320261437908496 0.7113970588235294 0.013888888888888888 0.00980392156862745
1 0.5151143790849673 0.8163296568627451 0.016339869281045753 0.012561274509803922
1 0.9035947712418301 0.789828431372549 0.02042483660130719 0.012254901960784314
1 0.8678513071895425 0.8501838235294118 0.02165032679738562 0.01715686274509804
1 0.8329248366013072 0.7579656862745098 0.017973856209150325 0.012254901960784314
1 0.8296568627450981 0.8589154411764706 0.01715686274509804 0.011948529411764705
1 0.670547385620915 0.9198835784313726 0.024101307189542485 0.018688725490196078
1 0.6823937908496732 0.7524509803921569 0.015931372549019607 0.011642156862745098
1 0.09272875816993464 0.8639705882352942 0.022058823529411766 0.014093137254901961
1 0.9352532679738562 0.8719362745098039 0.02165032679738562 0.014705882352941176
1 0.9481209150326797 0.8256740196078431 0.021241830065359478 0.014705882352941176
1 0.6460375816993464 0.734375 0.017565359477124183 0.012254901960784314
1 0.05759803921568627 0.7477022058823529 0.01715686274509804 0.01133578431372549
1 0.36000204248366013 0.8939736519607843 0.02147467320261438 0.017113970588235293
1 0.8163807189542484 0.8771660539215687 0.020016339869281044 0.015361519607843137
1 0.10559640522875817 0.7377450980392157 0.017565359477124183 0.00980392156862745
1 0.9560866013071896 0.8779105392156863 0.01838235294117647 0.012561274509803922
1 0.8629493464052288 0.7506127450980392 0.016748366013071895 0.011642156862745098
1 0.7532679738562091 0.8028492647058824 0.018790849673202614 0.013786764705882353
1 0.14113562091503268 0.9030330882352942 0.024101307189542485 0.018075980392156864
1 0.6288807189542484 0.7719056372549019 0.01919934640522876 0.013174019607843137
1 0.823937908496732 0.8236825980392157 0.018790849673202614 0.011948529411764705
1 0.7377450980392157 0.9402573529411765 0.02287581699346405 0.017769607843137254
1 0.8991013071895425 0.7778799019607843 0.018790849673202614 0.012254901960784314
1 0.18504901960784315 0.8031556372549019 0.02042483660130719 0.015012254901960785
1 0.8901143790849673 0.7558210784313726 0.01715686274509804 0.012254901960784314
1 0.15992647058823528 0.7127757352941176 0.016748366013071895 0.010723039215686275
1 0.8903186274509803 0.7446384803921569 0.01838235294117647 0.011948529411764705
1 0.6209150326797386 0.813265931372549 0.02369281045751634 0.017463235294117647
1 0.46854575163398693 0.8123468137254902 0.02042483660130719 0.016237745098039217
1 0.2563316993464052 0.9269301470588235 0.027369281045751634 0.01991421568627451
1 0.5982434640522876 0.7990196078431373 0.01919934640522876 0.014093137254901961
1 0.9632352941176471 0.7787990196078431 0.018790849673202614 0.012254901960784314
1 0.6315359477124183 0.8518688725490197 0.02287581699346405 0.017463235294117647
1 0.9777369281045751 0.7846200980392157 0.016748366013071895 0.012254901960784314
1 0.8459967320261438 0.8331801470588235 0.017973856209150325 0.013786764705882353
1 0.8936437908496732 0.7498682598039216 0.015228758169934641 0.008314950980392158
1 0.3720200163398693 0.8992248774509805 0.020183823529411764 0.012910539215686275
