1 0.215890522875817 0.7120098039215687 0.013480392156862746 0.007965686274509803
1 0.2908496732026144 0.7173713235294118 0.013071895424836602 0.01011029411764706
1 0.47998366013071897 0.7175245098039216 0.026143790849673203 0.016544117647058824
1 0.7167075163398693 0.7303921568627451 0.007761437908496732 0.006127450980392157
1 0.5449346405228758 0.7374387254901961 0.00980392156862745 0.014705882352941176
1 0.7107843137254902 0.7420343137254902 0.013071895424836602 0.0055147058823529415
1 0.7949346405228758 0.7455575980392157 0.015522875816993464 0.008884803921568627
1 0.36887254901960786 0.7475490196078431 0.031862745098039214 0.020833333333333332
1 0.8333333333333334 0.749234068627451 0.016339869281045753 0.01133578431372549
1 0.9309640522875817 0.749234068627451 0.018790849673202614 0.01133578431372549
1 0.8073937908496732 0.7530637254901961 0.01511437908496732 0.007352941176470588
1 0.9560866013071896 0.7550551470588235 0.012663398692810458 0.01133578431372549
1 0.6294934640522876 0.7734375 0.013888888888888888 0.007659313725490196
1 0.78125 0.7794117647058824 0.024101307189542485 0.010416666666666666
1 0.4556781045751634 0.8175551470588235 0.028186274509803922 0.021139705882352942
1 0.8633578431372549 0.8371629901960784 0.024918300653594773 0.013786764705882353
1 0.6170343137254902 0.8451286764705882 0.02246732026143791 0.009497549019607842
1 0.9027777777777778 0.8639705882352942 0.024509803921568627 0.02144607843137255
1 0.9483251633986928 0.8728553921568627 0.02165032679738562 0.018995098039215685
