1 0.8982843137254902 0.6337316176470589 0.011437908496732025 0.007659313725490196
1 0.9084967320261438 0.6577818627450981 0.012254901960784314 0.00857843137254902
1 0.8954248366013072 0.6092218137254902 0.012254901960784314 0.008884803921568627
1 0.5243055555555556 0.6764705882352942 0.014297385620915032 0.011642156862745098
1 0.9162581699346405 0.6076899509803921 0.013071895424836602 0.008884803921568627
1 0.5655637254901961 0.7503063725490197 0.016748366013071895 0.011642156862745098
1 0.849468954248366 0.6550245098039216 0.015931372549019607 0.011029411764705883
1 0.019812091503267973 0.7380514705882353 0.01838235294117647 0.011642156862745098
1 0.12254901960784313 0.7403492647058824 0.017973856209150325 0.01133578431372549
1 0.9812888071895426 0.6289353553921568 0.014048202614379085 0.009096200980392157
1 0.7428513071895425 0.7925857843137255 0.020016339869281044 0.012867647058823529
1 0.8394607843137255 0.6341911764705882 0.015522875816993464 0.009191176470588236
1 0.9366830065359477 0.7841605392156863 0.017973856209150325 0.013174019607843137
1 0.9667075163398693 0.6384803921568627 0.012663398692810458 0.007965686274509803
1 0.4362745098039216 0.8212316176470589 0.018790849673202614 0.013174019607843137
1 0.9662990196078431 0.6263786764705882 0.01511437908496732 0.009497549019607842
1 0.9948937908496732 0.8128063725490197 0.010212418300653595 0.020833333333333332
1 0.9042075163398693 0.6158088235294118 0.01184640522875817 0.00857843137254902
1 0.20478349673202614 0.6761060049019608 0.014142156862745097 0.00846200980392157
1 0.9522058823529411 0.6295955882352942 0.013888888888888888 0.009191176470588236
1 0.9922385620915033 0.7238051470588235 0.015522875816993464 0.012561274509803922
1 0.8386437908496732 0.6531862745098039 0.014705882352941176 0.010416666666666666
1 0.991421568627451 0.7143075980392157 0.014705882352941176 0.012561274509803922
1 0.9507761437908496 0.7633272058823529 0.01919934640522876 0.013174019607843137
1 0.8403717320261438 0.6464813112745097 0.014893790849673204 0.008036151960784313
1 0.6866830065359477 0.7573529411764706 0.016339869281045753 0.011029411764705883
1 0.9411764705882353 0.7173713235294118 0.025326797385620915 0.015012254901960785
1 0.4646650326797386 0.7150735294117647 0.01838235294117647 0.014093137254901961
1 0.8480392156862745 0.6760110294117647 0.017973856209150325 0.011948529411764705
1 0.7481617647058824 0.7797181372549019 0.024918300653594773 0.015931372549019607
1 0.1721813725490196 0.7997855392156863 0.020016339869281044 0.014399509803921568
1 0.5155228758169934 0.7936580882352942 0.02287581699346405 0.01685049019607843
1 0.400531045751634 0.8083639705882353 0.024918300653594773 0.018075980392156864
