1 0.2005718954248366 0.6446078431372549 0.015522875816993464 0.011029411764705883
1 0.6537990196078431 0.874234068627451 0.01838235294117647 0.013786764705882353
1 0.8762254901960784 0.7529105392156863 0.022058823529411766 0.014399509803921568
1 0.40625 0.734375 0.017565359477124183 0.014093137254901961
1 0.8960375816993464 0.6318933823529411 0.01919934640522876 0.013174019607843137
1 0.4452614379084967 0.7530637254901961 0.02042483660130719 0.014705882352941176
1 0.6881127450980392 0.6875 0.01838235294117647 0.012867647058823529
1 0.7483660130718954 0.6853553921568627 0.022058823529411766 0.014705882352941176
1 0.8361928104575164 0.7365196078431373 0.021241830065359478 0.015318627450980392
1 0.1895424836601307 0.8077512254901961 0.0196078431372549 0.015012254901960785
1 0.8488562091503268 0.7855392156862745 0.022058823529411766 0.014705882352941176
1 0.17524509803921567 0.8026960784313726 0.0196078431372549 0.015318627450980392
1 0.33394607843137253 0.7838541666666666 0.020016339869281044 0.016237745098039217
1 0.7975898692810458 0.7063419117647058 0.01919934640522876 0.015012254901960785
1 0.7681781045751634 0.8190870098039216 0.024918300653594773 0.016237745098039217
1 0.8544444444444443 0.7515808823529412 0.01607843137254902 0.011127450980392157
