1 0.4701797385620915 0.7752757352941176 0.025326797385620915 0.018075980392156864
1 0.639297385620915 0.6608455882352942 0.024509803921568627 0.017769607843137254
1 0.8617238562091504 0.6901041666666666 0.026552287581699346 0.015012254901960785
1 0.5859885620915033 0.6628370098039216 0.03227124183006536 0.02297794117647059
1 0.6926062091503268 0.6623774509803921 0.020016339869281044 0.012254901960784314
1 0.6889297385620915 0.6890318627450981 0.02165032679738562 0.013480392156862746
1 0.3492647058823529 0.7126225490196079 0.021241830065359478 0.013480392156862746
1 0.7853349673202614 0.8504901960784313 0.03799019607843137 0.023284313725490197
1 0.36519607843137253 0.6689644607843137 0.015522875816993464 0.01011029411764706
1 0.7015931372549019 0.6495098039215687 0.024918300653594773 0.015318627450980392
1 0.6603349673202614 0.7204350490196079 0.025735294117647058 0.01685049019607843
1 0.7118055555555556 0.6760110294117647 0.024101307189542485 0.015012254901960785
1 0.9840686274509803 0.9007352941176471 0.031862745098039214 0.037377450980392156
1 0.2520424836601307 0.828890931372549 0.025326797385620915 0.021139705882352942
1 0.9691584967320261 0.9733455882352942 0.061683006535947715 0.0508578431372549
1 0.4366830065359477 0.7797181372549019 0.03676470588235294 0.023284313725490197
1 0.4105392156862745 0.7434129901960784 0.03839869281045752 0.026041666666666668
1 0.21956699346405228 0.8930759803921569 0.0494281045751634 0.03860294117647059
1 0.7504084967320261 0.9303002450980392 0.05800653594771242 0.0389093137254902
1 0.8300653594771242 0.8636642156862745 0.05310457516339869 0.037377450980392156
1 0.6773059640522876 0.6676623774509803 0.019644607843137256 0.013020833333333334
