1 0.7281454248366013 0.5490196078431373 0.023284313725490197 0.013480392156862746
1 0.16523692810457516 0.6731004901960784 0.024918300653594773 0.017769607843137254
1 0.5516748366013072 0.6761642156862745 0.01838235294117647 0.014093137254901961
1 0.2757352941176471 0.6969975490196079 0.035130718954248366 0.016544117647058824
1 0.025531045751633986 0.7005208333333334 0.028186274509803922 0.018075980392156864
1 0.32107843137254904 0.7121629901960784 0.028594771241830064 0.020526960784313725
1 0.477124183006536 0.7276348039215687 0.028594771241830064 0.020833333333333332
1 0.641748366013072 0.8034620098039216 0.03104575163398693 0.02420343137254902
1 0.39072712418300654 0.8098958333333334 0.028186274509803922 0.024816176470588234
1 0.1656454248366013 0.9309129901960784 0.037173202614379085 0.030943627450980393
