1 0.7561274509803921 0.7682291666666666 0.015522875816993464 0.01011029411764706
1 0.7426470588235294 0.8299632352941176 0.02042483660130719 0.013480392156862746
1 0.8202614379084967 0.8026960784313726 0.01715686274509804 0.011029411764705883
1 0.1511437908496732 0.8377757352941176 0.013888888888888888 0.009497549019607842
1 0.9781454248366013 0.6383272058823529 0.014297385620915032 0.008272058823529412
1 0.7832924836601307 0.7034313725490197 0.01184640522875817 0.007965686274509803
1 0.5594362745098039 0.8198529411764706 0.015931372549019607 0.012254901960784314
1 0.7034313725490197 0.9188112745098039 0.022058823529411766 0.011642156862745098
1 0.7242647058823529 0.8668811274509803 0.013071895424836602 0.009497549019607842
1 0.9700674019607842 0.7999387254901961 0.01774918300653595 0.010416666666666666
1 0.4564950980392157 0.6927083333333334 0.013480392156862746 0.009191176470588236
1 0.5618872549019608 0.7948835784313726 0.01511437908496732 0.01133578431372549
1 0.4599673202614379 0.9275428921568627 0.018790849673202614 0.010723039215686275
1 0.7267156862745098 0.8318014705882353 0.01715686274509804 0.011642156862745098
1 0.4285130718954248 0.8043811274509803 0.016339869281045753 0.01133578431372549
1 0.5929330065359477 0.8760723039215687 0.02165032679738562 0.013786764705882353
1 0.4701797385620915 0.8541666666666666 0.0196078431372549 0.012254901960784314
1 0.6554330065359477 0.7927389705882353 0.015931372549019607 0.010723039215686275
1 0.3882761437908497 0.7870710784313726 0.014297385620915032 0.00980392156862745
1 0.5747549019607843 0.7962622549019608 0.015522875816993464 0.012254901960784314
1 0.7199754901960784 0.8552389705882353 0.016748366013071895 0.011948529411764705
1 0.5259395424836601 0.8085171568627451 0.015931372549019607 0.011642156862745098
1 0.4099264705882353 0.7967218137254902 0.017565359477124183 0.012561274509803922
1 0.5459558823529411 0.7002144607843137 0.015931372549019607 0.010723039215686275
1 0.9366830065359477 0.6390931372549019 0.013888888888888888 0.009191176470588236
1 0.7056045751633987 0.7506127450980392 0.017418300653594773 0.011642156862745098
1 0.4848856209150327 0.9172794117647058 0.015522875816993464 0.010416666666666666
1 0.28165849673202614 0.8572303921568627 0.017565359477124183 0.012254901960784314
1 0.4252450980392157 0.8215379901960784 0.017973856209150325 0.013174019607843137
1 0.5561683006535948 0.7083333333333334 0.014297385620915032 0.00980392156862745
1 0.17790032679738563 0.6700367647058824 0.01511437908496732 0.00857843137254902
1 0.40951797385620914 0.8792892156862745 0.015931372549019607 0.012254901960784314
1 0.12009803921568628 0.9352711397058823 0.022058823529411766 0.01515012254901961
1 0.22426470588235295 0.8360906862745098 0.016339869281045753 0.011029411764705883
1 0.5798611111111112 0.8561580882352942 0.017565359477124183 0.013174019607843137
1 0.9144199346405228 0.6669730392156863 0.01919934640522876 0.012867647058823529
1 0.4512765522875817 0.8972533700980393 0.019383169934640523 0.013256740196078433
1 0.6037581699346405 0.9034926470588235 0.0196078431372549 0.012867647058823529
1 0.2832924836601307 0.8840379901960784 0.016748366013071895 0.013786764705882353
1 0.5895710784313726 0.8450168504901961 0.01982843137254902 0.013563112745098041
1 0.6683006535947712 0.7884497549019608 0.01715686274509804 0.01133578431372549
1 0.7790032679738562 0.7910539215686274 0.016339869281045753 0.011642156862745098
1 0.041870915032679736 0.6628370098039216 0.012663398692810458 0.008884803921568627
1 0.7207924836601307 0.8181678921568627 0.020833333333333332 0.013786764705882353
1 0.9887663398692811 0.7426470588235294 0.017565359477124183 0.011642156862745098
1 0.9714052287581699 0.7801776960784313 0.016339869281045753 0.010723039215686275
1 0.25183823529411764 0.7608762254901961 0.017565359477124183 0.010723039215686275
1 0.25102124183006536 0.7527573529411765 0.014297385620915032 0.00980392156862745
1 0.5578962418300654 0.7390548406862746 0.01448529411764706 0.00935968137254902
1 0.5674019607843137 0.9476102941176471 0.02369281045751634 0.016544117647058824
1 0.230187908496732 0.9358149509803921 0.02246732026143791 0.014399509803921568
1 0.3852124183006536 0.7544424019607843 0.015522875816993464 0.010723039215686275
1 0.4201388888888889 0.7041973039215687 0.01511437908496732 0.01011029411764706
1 0.6887254901960784 0.8121936274509803 0.01715686274509804 0.012254901960784314
1 0.3553921568627451 0.8457414215686274 0.016339869281045753 0.013174019607843137
1 0.2959558823529412 0.7277879901960784 0.01511437908496732 0.010723039215686275
1 0.414624183006536 0.7305453431372549 0.016339869281045753 0.01133578431372549
1 0.3631535947712418 0.7886029411764706 0.015522875816993464 0.011642156862745098
1 0.6736111111111112 0.8060248161764705 0.018790849673202614 0.01339767156862745
1 0.6587009803921569 0.9166666666666666 0.02246732026143791 0.015318627450980392
1 0.6029411764705882 0.8497242647058824 0.021241830065359478 0.014399509803921568
1 0.41094771241830064 0.8575367647058824 0.02042483660130719 0.015318627450980392
1 0.39338235294117646 0.9030330882352942 0.021241830065359478 0.015625
1 0.7961601307189542 0.7310049019607843 0.015522875816993464 0.010416666666666666
1 0.7928921568627451 0.8037683823529411 0.02042483660130719 0.013786764705882353
1 0.3519199346405229 0.8203125 0.020833333333333332 0.013786764705882353
1 0.42340686274509803 0.7512254901960784 0.017565359477124183 0.011642156862745098
1 0.8390522875816994 0.7130821078431373 0.016339869281045753 0.01133578431372549
1 0.6607434640522876 0.8573835784313726 0.020833333333333332 0.015012254901960785
1 0.4895833333333333 0.8661151960784313 0.02246732026143791 0.015318627450980392
1 0.900531045751634 0.7326899509803921 0.01838235294117647 0.011948529411764705
1 0.6233660130718954 0.8969056372549019 0.021241830065359478 0.015625
1 0.477124183006536 0.8831188725490197 0.021241830065359478 0.014399509803921568
1 0.9434232026143791 0.7423406862745098 0.015931372549019607 0.011642156862745098
1 0.6121323529411765 0.8037683823529411 0.020016339869281044 0.014399509803921568
1 0.2877859477124183 0.8198529411764706 0.02246732026143791 0.014705882352941176
1 0.5038807189542484 0.9050245098039216 0.01919934640522876 0.015931372549019607
1 0.47855392156862747 0.9373468137254902 0.020016339869281044 0.015012254901960785
1 0.34906045751633985 0.7844669117647058 0.01511437908496732 0.010723039215686275
1 0.46200980392156865 0.944546568627451 0.02042483660130719 0.015318627450980392
1 0.35498366013071897 0.7306985294117647 0.015522875816993464 0.010416666666666666
1 0.27879901960784315 0.7509191176470589 0.017565359477124183 0.011029411764705883
1 0.4375 0.9120710784313726 0.02287581699346405 0.015931372549019607
1 0.8568218954248366 0.7974877450980392 0.020016339869281044 0.013480392156862746
1 0.6652369281045751 0.8305759803921569 0.02165032679738562 0.016544117647058824
1 0.4019607843137255 0.9330575980392157 0.021241830065359478 0.016237745098039217
1 0.3423202614379085 0.9269301470588235 0.02696078431372549 0.021139705882352942
1 0.4070669934640523 0.9122242647058824 0.024101307189542485 0.017463235294117647
