1 0.7474816176470589 0.7161458333333334 0.018656045751633987 0.01133578431372549
1 0.9605800653594772 0.7068520220588235 0.017565359477124183 0.011130514705882352
1 0.32005718954248363 0.7017463235294118 0.017565359477124183 0.011948529411764705
1 0.6296977124183006 0.6862745098039216 0.01511437908496732 0.010416666666666666
1 0.1809640522875817 0.7248774509803921 0.01715686274509804 0.011642156862745098
1 0.7444852941176471 0.7229886642156863 0.020016339869281044 0.013379289215686275
1 0.8719362745098039 0.7665946691176471 0.017565359477124183 0.01296875
1 0.4765114379084967 0.6856112132352942 0.013480392156862746 0.00847732843137255
1 0.2527246732026144 0.7171675857843137 0.016070261437908497 0.00847732843137255
1 0.21058006535947713 0.7326899509803921 0.017565359477124183 0.013786764705882353
1 0.7316176470588235 0.7145634191176471 0.0196078431372549 0.013072916666666667
1 0.670547385620915 0.7549019607843137 0.02165032679738562 0.015318627450980392
1 0.19240196078431374 0.8007046568627451 0.02369281045751634 0.01991421568627451
1 0.4354575163398693 0.7814031862745098 0.018790849673202614 0.014399509803921568
1 0.7963643790849673 0.7719056372549019 0.024918300653594773 0.018075980392156864
1 0.5435049019607843 0.7945772058823529 0.024918300653594773 0.018075980392156864
1 0.15747549019607843 0.7564338235294118 0.025735294117647058 0.018995098039215685
1 0.6227532679738562 0.8033088235294118 0.024101307189542485 0.017769607843137254
1 0.6919934640522876 0.8501838235294118 0.028594771241830064 0.02022058823529412
1 0.5949754901960784 0.8383884803921569 0.02900326797385621 0.02297794117647059
1 0.2483394607843137 0.7220174632352941 0.01628676470588235 0.009598651960784313
1 0.32403799019607843 0.6996522671568627 0.018991013071895425 0.010824142156862745
1 0.7927287581699346 0.7263066789215686 0.01519607843137255 0.009598651960784313
1 0.8911785130718954 0.6760615808823529 0.01193218954248366 0.006534926470588235
1 0.8996200980392157 0.6883164828431373 0.011658496732026144 0.006534926470588235
1 0.9159579248366012 0.6868872549019608 0.011654411764705884 0.006740196078431373
1 0.9386948529411765 0.6862745098039216 0.011376633986928106 0.006740196078431373
1 0.9471364379084968 0.6741222426470589 0.011919934640522876 0.00694546568627451
1 0.9499938725490196 0.6702405024509804 0.014366830065359477 0.007760416666666666
1 0.9317504084967321 0.6702405024509804 0.012193627450980392 0.006534926470588235
1 0.9013888888888889 0.6768795955882353 0.012745098039215686 0.007558210784313726
1 0.9391033496732026 0.6862745098039216 0.01301062091503268 0.007352941176470588
1 0.9814460784313725 0.6807598039215687 0.010277777777777778 0.006127450980392157
1 0.8898182189542484 0.6855591299019608 0.011662581699346405 0.006534926470588235
1 0.91609477124183 0.6709558823529411 0.011928104575163398 0.006740196078431373
