1 0.18484477124183007 0.5752144607843137 0.012663398692810458 0.008272058823529412
1 0.40187295751633983 0.5832674632352941 0.011262254901960785 0.007833946078431372
1 0.5857843137254902 0.5948223039215687 0.013071895424836602 0.008272058823529412
1 0.1656454248366013 0.5764399509803921 0.013480392156862746 0.008884803921568627
1 0.7616421568627451 0.7182904411764706 0.01919934640522876 0.013786764705882353
1 0.661968954248366 0.5952818627450981 0.017565359477124183 0.011029411764705883
1 0.9689542483660131 0.8674938725490197 0.03022875816993464 0.021752450980392156
1 0.25980392156862747 0.6079963235294118 0.012254901960784314 0.008272058823529412
1 0.22201797385620914 0.5865502450980392 0.013480392156862746 0.008884803921568627
1 0.3576388888888889 0.5847120098039216 0.01184640522875817 0.008272058823529412
1 0.5502450980392157 0.8635110294117647 0.0196078431372549 0.015625
1 0.4904003267973856 0.6076899509803921 0.016748366013071895 0.011948529411764705
1 0.24387254901960784 0.6084558823529411 0.013071895424836602 0.007965686274509803
1 0.34354575163398693 0.5880821078431373 0.013888888888888888 0.008272058823529412
1 0.4738562091503268 0.8362438725490197 0.017973856209150325 0.012561274509803922
1 0.33639705882352944 0.5746017156862745 0.01511437908496732 0.01011029411764706
1 0.3176062091503268 0.59375 0.012663398692810458 0.007965686274509803
1 0.17401960784313725 0.6331188725490197 0.013071895424836602 0.008272058823529412
1 0.040236928104575166 0.6672794117647058 0.01511437908496732 0.010416666666666666
1 0.47630718954248363 0.8246017156862745 0.017973856209150325 0.013786764705882353
1 0.4362745098039216 0.6276041666666666 0.012254901960784314 0.008272058823529412
1 0.6926062091503268 0.6862745098039216 0.016748366013071895 0.012254901960784314
1 0.24162581699346405 0.6461397058823529 0.012663398692810458 0.009191176470588236
1 0.004901960784313725 0.7155330882352942 0.00980392156862745 0.013174019607843137
1 0.3533496732026144 0.6200980392156863 0.013071895424836602 0.00980392156862745
1 0.2694035947712418 0.6629901960784313 0.012663398692810458 0.00857843137254902
1 0.20649509803921567 0.6536458333333334 0.012663398692810458 0.008272058823529412
1 0.3097283496732026 0.6089154411764706 0.012430555555555556 0.0070465686274509805
1 0.3220996732026144 0.6421568627450981 0.013480392156862746 0.00980392156862745
1 0.010416666666666666 0.8187806372549019 0.017565359477124183 0.014399509803921568
1 0.18116830065359477 0.663296568627451 0.01511437908496732 0.00980392156862745
1 0.099468954248366 0.7162990196078431 0.01838235294117647 0.012254901960784314
1 0.10825163398692811 0.8216911764705882 0.01715686274509804 0.012254901960784314
1 0.26762459150326795 0.6438863357843138 0.014824346405228757 0.00958639705882353
1 0.22099673202614378 0.6531862745098039 0.013071895424836602 0.00857843137254902
1 0.5755718954248366 0.6158088235294118 0.015522875816993464 0.011642156862745098
1 0.14726307189542484 0.6940870098039216 0.015931372549019607 0.010723039215686275
1 0.6452205882352942 0.6839767156862745 0.020833333333333332 0.014399509803921568
1 0.5892565359477124 0.7000612745098039 0.015931372549019607 0.011642156862745098
1 0.23651960784313725 0.7140012254901961 0.017973856209150325 0.013174019607843137
1 0.40441176470588236 0.8236825980392157 0.022058823529411766 0.015625
1 0.40991625816993466 0.5851501225490197 0.009375 0.0054718137254901955
1 0.2648978758169935 0.648875612745098 0.013455882352941175 0.008535539215686274
