1 0.13690359477124184 0.699952512254902 0.014820261437908497 0.00958639705882353
1 0.9912173202614379 0.9822303921568627 0.017565359477124183 0.017769607843137254
1 0.34191176470588236 0.7752757352941176 0.017973856209150325 0.013174019607843137
1 0.3464052287581699 0.7861519607843137 0.0196078431372549 0.012254901960784314
1 0.5998774509803921 0.9016544117647058 0.01838235294117647 0.011029411764705883
1 0.5665849673202614 0.8046875 0.022058823529411766 0.014399509803921568
1 0.059640522875817 0.7936580882352942 0.02042483660130719 0.012561274509803922
1 0.47630718954248363 0.8916973039215687 0.015522875816993464 0.011948529411764705
1 0.5424836601307189 0.8726577818627451 0.016339869281045753 0.01185968137254902
1 0.5091911764705882 0.8023897058823529 0.020016339869281044 0.014093137254901961
1 0.20652369281045752 0.8326332720588235 0.020073529411764705 0.012693014705882353
1 0.47630718954248363 0.7521446078431373 0.018790849673202614 0.012867647058823529
1 0.5524918300653595 0.8809742647058824 0.01838235294117647 0.012561274509803922
1 0.40951797385620914 0.7009803921568627 0.01919934640522876 0.012254901960784314
1 0.702001633986928 0.7290134803921569 0.01511437908496732 0.01133578431372549
1 0.9385212418300654 0.8178615196078431 0.01511437908496732 0.01011029411764706
1 0.39950980392156865 0.805453431372549 0.017973856209150325 0.012867647058823529
1 0.46568627450980393 0.9004289215686274 0.0196078431372549 0.012867647058823529
1 0.10437091503267974 0.8129595588235294 0.023284313725490197 0.013174019607843137
1 0.8063725490196079 0.9005821078431373 0.017973856209150325 0.012561274509803922
1 0.20833333333333334 0.8993566176470589 0.02369281045751634 0.014399509803921568
1 0.17565359477124182 0.6994485294117647 0.016339869281045753 0.010416666666666666
1 0.9924428104575164 0.8964460784313726 0.01511437908496732 0.016544117647058824
1 0.6311274509803921 0.8803615196078431 0.016339869281045753 0.011948529411764705
1 0.00755718954248366 0.7097120098039216 0.014297385620915032 0.012561274509803922
1 0.3897058823529412 0.8699448529411765 0.02042483660130719 0.013174019607843137
1 0.6578839869281046 0.7440257352941176 0.017565359477124183 0.011948529411764705
1 0.13909313725490197 0.6926639093137255 0.012663398692810458 0.008489583333333333
1 0.1809640522875817 0.7268688725490197 0.014705882352941176 0.009497549019607842
1 0.5704656862745098 0.8802083333333334 0.020016339869281044 0.014705882352941176
1 0.25040849673202614 0.8371629901960784 0.022058823529411766 0.015625
1 0.4021650326797386 0.7375919117647058 0.01838235294117647 0.01011029411764706
1 0.09818627450980393 0.7359941789215686 0.012549019607843137 0.00814031862745098
1 0.380718954248366 0.8500306372549019 0.021241830065359478 0.014399509803921568
1 0.9587418300653595 0.7809436274509803 0.0196078431372549 0.011029411764705883
1 0.7867647058823529 0.8754595588235294 0.01715686274509804 0.011948529411764705
1 0.17063521241830065 0.8616727941176471 0.019375 0.014399509803921568
1 0.08231209150326797 0.7311580882352942 0.015931372549019607 0.01133578431372549
1 0.9679330065359477 0.858609068627451 0.020833333333333332 0.015012254901960785
1 0.0959967320261438 0.6865808823529411 0.01715686274509804 0.010416666666666666
1 0.8833741830065359 0.7780330882352942 0.016748366013071895 0.011948529411764705
1 0.43770424836601307 0.7697610294117647 0.02165032679738562 0.013786764705882353
1 0.8954248366013072 0.7562806372549019 0.015522875816993464 0.01011029411764706
1 0.8459967320261438 0.8541666666666666 0.02287581699346405 0.014705882352941176
1 0.9183006535947712 0.803921568627451 0.0196078431372549 0.012867647058823529
1 0.43137254901960786 0.8200061274509803 0.022058823529411766 0.015012254901960785
1 0.369281045751634 0.7613357843137255 0.018790849673202614 0.012254901960784314
1 0.2595996732026144 0.8854166666666666 0.02165032679738562 0.015318627450980392
1 0.10743464052287582 0.6862745098039216 0.015522875816993464 0.010416666666666666
1 0.0872140522875817 0.7219669117647058 0.017565359477124183 0.012561274509803922
1 0.014093137254901961 0.7823223039215687 0.01838235294117647 0.011948529411764705
1 0.4536356209150327 0.7647058823529411 0.01838235294117647 0.013480392156862746
1 0.12724673202614378 0.7086397058823529 0.016748366013071895 0.011029411764705883
1 0.04616013071895425 0.7447916666666666 0.01715686274509804 0.011029411764705883
1 0.07312091503267974 0.7512254901960784 0.018790849673202614 0.011642156862745098
1 0.21142565359477125 0.8837316176470589 0.02170751633986928 0.016237745098039217
1 0.21650326797385622 0.8141850490196079 0.02287581699346405 0.016237745098039217
1 0.07495915032679738 0.8765318627450981 0.0298202614379085 0.01838235294117647
1 0.48304738562091504 0.9753370098039216 0.024918300653594773 0.019301470588235295
1 0.05718954248366013 0.7242647058823529 0.0196078431372549 0.013480392156862746
1 0.08517156862745098 0.7876838235294118 0.02246732026143791 0.015931372549019607
1 0.09722222222222222 0.8673406862745098 0.02369281045751634 0.015318627450980392
1 0.2824754901960784 0.8800551470588235 0.024101307189542485 0.017463235294117647
1 0.38643790849673204 0.8129595588235294 0.02369281045751634 0.017463235294117647
1 0.7050653594771242 0.9059436274509803 0.021241830065359478 0.015931372549019607
1 0.02389705882352941 0.774203431372549 0.02165032679738562 0.013480392156862746
1 0.3090277777777778 0.8771446078431373 0.02246732026143791 0.01838235294117647
1 0.4548611111111111 0.8412990196078431 0.024101307189542485 0.01715686274509804
1 0.5988562091503268 0.8912377450980392 0.02287581699346405 0.016544117647058824
1 0.8670343137254902 0.9727328431372549 0.02900326797385621 0.022058823529411766
1 0.22569444444444445 0.8304227941176471 0.02246732026143791 0.016237745098039217
1 0.0934579248366013 0.8943887867647058 0.030870098039215685 0.02100796568627451
1 0.4076797385620915 0.9765625 0.03104575163398693 0.023590686274509803
1 0.36499183006535946 0.9048713235294118 0.025735294117647058 0.020526960784313725
1 0.8574346405228758 0.9284620098039216 0.02696078431372549 0.020526960784313725
