1 0.6985294117647058 0.6704963235294118 0.011437908496732025 0.008272058823529412
1 0.39501633986928103 0.9808517156862745 0.0196078431372549 0.013174019607843137
1 0.17853962418300653 0.7480085784313726 0.011491013071895425 0.008884803921568627
1 0.8141339869281046 0.6691176470588235 0.012254901960784314 0.007965686274509803
1 0.6872957516339869 0.6582414215686274 0.01184640522875817 0.008884803921568627
1 0.5220588235294118 0.710171568627451 0.017973856209150325 0.011642156862745098
1 0.42830882352941174 0.7078737745098039 0.013480392156862746 0.008272058823529412
1 0.38419117647058826 0.7576593137254902 0.014297385620915032 0.009191176470588236
1 0.8555964052287581 0.7084865196078431 0.013480392156862746 0.008272058823529412
1 0.8519199346405228 0.6936274509803921 0.01184640522875817 0.007965686274509803
1 0.5424836601307189 0.735140931372549 0.014705882352941176 0.01011029411764706
1 0.5451388888888888 0.7143075980392157 0.020833333333333332 0.012561274509803922
1 0.007965686274509803 0.6924019607843137 0.012663398692810458 0.009191176470588236
1 0.07475490196078431 0.8013174019607843 0.016339869281045753 0.012561274509803922
1 0.3596813725490196 0.7550551470588235 0.01511437908496732 0.010723039215686275
1 0.18484477124183007 0.7109375 0.015931372549019607 0.01133578431372549
1 0.5173611111111112 0.8560049019607843 0.020016339869281044 0.014093137254901961
1 0.6946997549019608 0.8028293504901961 0.01766748366013072 0.01129595588235294
1 0.30310457516339867 0.7231924019607843 0.0196078431372549 0.010723039215686275
1 0.3059640522875817 0.8840379901960784 0.021241830065359478 0.012561274509803922
1 0.05800653594771242 0.6824448529411765 0.014705882352941176 0.008884803921568627
1 0.14215686274509803 0.7354473039215687 0.017973856209150325 0.01133578431372549
1 0.3574346405228758 0.7210477941176471 0.013888888888888888 0.008884803921568627
1 0.5135049019607842 0.8465456495098039 0.0221078431372549 0.015395220588235295
1 0.08333333333333333 0.7619485294117647 0.017973856209150325 0.011029411764705883
1 0.19477736928104575 0.7298376225490196 0.014554738562091505 0.011145833333333334
1 0.05065359477124183 0.7518382352941176 0.0196078431372549 0.011642156862745098
1 0.7587826797385621 0.6931678921568627 0.013480392156862746 0.008884803921568627
1 0.2569444444444444 0.7279411764705882 0.0196078431372549 0.012867647058823529
1 0.7595996732026143 0.6689644607843137 0.013480392156862746 0.008884803921568627
1 0.3214869281045752 0.8743872549019608 0.0196078431372549 0.014093137254901961
1 0.3737745098039216 0.7452512254901961 0.016339869281045753 0.010723039215686275
1 0.03855187908496732 0.7532552083333334 0.01582924836601307 0.009574142156862746
1 0.733251633986928 0.6698835784313726 0.012254901960784314 0.008884803921568627
1 0.32393790849673204 0.7225796568627451 0.013888888888888888 0.010723039215686275
1 0.29064542483660133 0.7401960784313726 0.01511437908496732 0.011029411764705883
1 0.45608660130718953 0.7734375 0.015931372549019607 0.011948529411764705
1 0.02287581699346405 0.7212009803921569 0.016339869281045753 0.011642156862745098
1 0.9279003267973857 0.8339460784313726 0.016748366013071895 0.012867647058823529
1 0.8788807189542484 0.6894914215686274 0.014297385620915032 0.009497549019607842
1 0.1827001633986928 0.741000306372549 0.0181781045751634 0.011412377450980392
1 0.7857434640522876 0.7150735294117647 0.012663398692810458 0.00857843137254902
1 0.7230392156862745 0.6780024509803921 0.013071895424836602 0.00857843137254902
1 0.27798202614379086 0.7264093137254902 0.02246732026143791 0.017769607843137254
1 0.2894199346405229 0.8112745098039216 0.017565359477124183 0.014093137254901961
1 0.31086601307189543 0.7316176470588235 0.014705882352941176 0.010416666666666666
1 0.7197712418300654 0.7175245098039216 0.015522875816993464 0.010416666666666666
1 0.7803574346405229 0.7667172181372549 0.018231209150326798 0.011988357843137256
1 0.9099264705882353 0.7478553921568627 0.02246732026143791 0.012254901960784314
1 0.514501633986928 0.7915134803921569 0.020833333333333332 0.013174019607843137
1 0.016033496732026142 0.743374693627451 0.018995098039215685 0.011259191176470588
1 0.304125816993464 0.7398897058823529 0.015931372549019607 0.011642156862745098
1 0.07005718954248366 0.7680759803921569 0.01919934640522876 0.013480392156862746
1 0.4652777777777778 0.7814031862745098 0.017973856209150325 0.01133578431372549
1 0.721609477124183 0.8068321078431373 0.01919934640522876 0.013786764705882353
1 0.09987745098039216 0.7524509803921569 0.020016339869281044 0.013480392156862746
1 0.4528186274509804 0.8451286764705882 0.023284313725490197 0.01685049019607843
1 0.49387254901960786 0.8423713235294118 0.02369281045751634 0.018075980392156864
1 0.19690563725490196 0.7371522671568628 0.016360294117647056 0.011681985294117648
1 0.008176062091503268 0.7388556985294118 0.016352124183006536 0.012637867647058824
