1 0.33108660130718953 0.6706495098039216 0.012663398692810458 0.007352941176470588
1 0.8502859477124183 0.6743259803921569 0.01184640522875817 0.007965686274509803
1 0.06740196078431372 0.6887254901960784 0.010620915032679739 0.007965686274509803
1 0.6821895424836601 0.7210477941176471 0.013071895424836602 0.008884803921568627
1 0.511437908496732 0.758578431372549 0.018790849673202614 0.012867647058823529
1 0.11744281045751634 0.6741727941176471 0.01184640522875817 0.007659313725490196
1 0.6405228758169934 0.6547181372549019 0.014705882352941176 0.011029411764705883
1 0.5044934640522876 0.8270526960784313 0.018790849673202614 0.013786764705882353
1 0.9599673202614379 0.6507352941176471 0.013071895424836602 0.007965686274509803
1 0.14195261437908496 0.6547181372549019 0.01184640522875817 0.007965686274509803
1 0.3888888888888889 0.7651654411764706 0.016339869281045753 0.010723039215686275
1 0.3088235294117647 0.6537990196078431 0.013888888888888888 0.00857843137254902
1 0.2479575163398693 0.6505821078431373 0.015522875816993464 0.009497549019607842
1 0.8562091503267973 0.6827512254901961 0.014705882352941176 0.009497549019607842
1 0.4826388888888889 0.7129289215686274 0.016748366013071895 0.009191176470588236
1 0.8033088235294118 0.6639093137254902 0.013480392156862746 0.007965686274509803
1 0.6558415032679739 0.6948529411764706 0.014297385620915032 0.00980392156862745
1 0.6491013071895425 0.6625306372549019 0.013071895424836602 0.009497549019607842
1 0.12724673202614378 0.6783088235294118 0.011029411764705883 0.007352941176470588
1 0.14052287581699346 0.7654718137254902 0.014705882352941176 0.01011029411764706
1 0.7013888888888888 0.8082107843137255 0.016339869281045753 0.012254901960784314
1 0.36736928104575167 0.6770143995098039 0.012516339869281046 0.00782781862745098
1 0.09170751633986927 0.6878063725490197 0.011029411764705883 0.007352941176470588
1 0.7922794117647058 0.6580882352941176 0.013480392156862746 0.00857843137254902
1 0.4526143790849673 0.7144607843137255 0.013888888888888888 0.009191176470588236
1 0.5953839869281046 0.7697610294117647 0.013480392156862746 0.010723039215686275
1 0.5316584967320261 0.7778799019607843 0.015931372549019607 0.012254901960784314
1 0.6995506535947712 0.7262561274509803 0.01511437908496732 0.009497549019607842
1 0.22855392156862744 0.6931678921568627 0.01511437908496732 0.010723039215686275
1 0.7001633986928104 0.7426470588235294 0.013888888888888888 0.009191176470588236
1 0.7984068627450981 0.7821691176470589 0.01838235294117647 0.014093137254901961
1 0.24305555555555555 0.6922487745098039 0.014705882352941176 0.010723039215686275
1 0.704452614379085 0.6925551470588235 0.013480392156862746 0.01011029411764706
1 0.9940767973856209 0.7251838235294118 0.01184640522875817 0.01838235294117647
1 0.09926470588235294 0.8399203431372549 0.01715686274509804 0.013786764705882353
1 0.9093137254901961 0.6639093137254902 0.014705882352941176 0.009191176470588236
1 0.36213235294117646 0.6732674632352942 0.012663398692810458 0.0076868872549019605
1 0.6127450980392157 0.7170649509803921 0.015522875816993464 0.01011029411764706
1 0.37479575163398693 0.7405024509803921 0.01919934640522876 0.011029411764705883
1 0.32516339869281047 0.6830024509803923 0.015522875816993464 0.009387254901960785
1 0.38174019607843135 0.6858149509803921 0.017565359477124183 0.01133578431372549
1 0.571078431372549 0.7642463235294118 0.024509803921568627 0.013174019607843137
1 0.7450980392156863 0.7164522058823529 0.015522875816993464 0.01133578431372549
1 0.37030228758169936 0.6671262254901961 0.013480392156862746 0.01011029411764706
1 0.9383169934640523 0.874234068627451 0.02042483660130719 0.014399509803921568
1 0.4554738562091503 0.7686887254901961 0.018790849673202614 0.013480392156862746
1 0.6721813725490197 0.6792279411764706 0.01919934640522876 0.012254901960784314
1 0.9342320261437909 0.6836703431372549 0.014705882352941176 0.01011029411764706
1 0.5069444444444444 0.7628676470588235 0.02369281045751634 0.01715686274509804
1 0.49060457516339867 0.7749693627450981 0.024509803921568627 0.014399509803921568
1 0.7467320261437909 0.8000919117647058 0.02042483660130719 0.015012254901960785
1 0.6535947712418301 0.8560049019607843 0.02287581699346405 0.016544117647058824
1 0.5743464052287581 0.7743566176470589 0.022058823529411766 0.013174019607843137
1 0.852328431372549 0.7460171568627451 0.01838235294117647 0.011642156862745098
1 0.41421568627450983 0.7158394607843137 0.01715686274509804 0.011948529411764705
1 0.4456699346405229 0.8167892156862745 0.016339869281045753 0.012867647058823529
1 0.9276960784313726 0.8391544117647058 0.022058823529411766 0.014093137254901961
1 0.4477124183006536 0.8354779411764706 0.018790849673202614 0.013480392156862746
1 0.6231617647058824 0.8500306372549019 0.024101307189542485 0.017463235294117647
1 0.3500816993464052 0.8350183823529411 0.018790849673202614 0.014399509803921568
1 0.9593545751633987 0.7057291666666666 0.01919934640522876 0.011948529411764705
1 0.5095996732026143 0.8100490196078431 0.024918300653594773 0.016544117647058824
1 0.9605800653594772 0.8874080882352942 0.02246732026143791 0.016237745098039217
1 0.3805147058823529 0.859375 0.020833333333333332 0.014705882352941176
1 0.659109477124183 0.7809436274509803 0.024101307189542485 0.016544117647058824
1 0.6954656862745098 0.8821997549019608 0.028186274509803922 0.021752450980392156
