1 0.3792892156862745 0.8484987745098039 0.015931372549019607 0.010723039215686275
1 0.803921568627451 0.8161764705882353 0.017973856209150325 0.011642156862745098
1 0.7418995098039216 0.7398131127450981 0.018929738562091503 0.010876225490196078
1 0.8956290849673203 0.7931985294117647 0.016748366013071895 0.012254901960784314
1 0.2204861111111111 0.7172441789215687 0.014501633986928105 0.01046875
1 0.22406045751633988 0.6971001838235295 0.01511437908496732 0.010621936274509804
1 0.8760212418300654 0.8477328431372549 0.01838235294117647 0.013480392156862746
1 0.8888888888888888 0.8350183823529411 0.0196078431372549 0.013174019607843137
1 0.2506127450980392 0.7097120098039216 0.015931372549019607 0.012561274509803922
1 0.6928104575163399 0.7625612745098039 0.0196078431372549 0.013480392156862746
1 0.8968545751633987 0.7022058823529411 0.014297385620915032 0.009191176470588236
1 0.4050245098039216 0.8492647058823529 0.015931372549019607 0.012867647058823529
1 0.5265522875816994 0.8382352941176471 0.021241830065359478 0.014093137254901961
1 0.45911560457516337 0.9108195465686274 0.024440359477124182 0.017104779411764706
1 0.991421568627451 0.7481617647058824 0.014705882352941176 0.013480392156862746
1 0.9048202614379085 0.8930759803921569 0.021241830065359478 0.013480392156862746
1 0.8069852941176471 0.9718137254901961 0.027369281045751634 0.02144607843137255
1 0.12990196078431374 0.9264705882352942 0.02369281045751634 0.016544117647058824
1 0.4411764705882353 0.8356311274509803 0.018790849673202614 0.013174019607843137
1 0.8569934640522876 0.7167325367647058 0.014640522875816995 0.00944546568627451
1 0.29758986928104575 0.8964460784313726 0.02246732026143791 0.016544117647058824
1 0.5849673202614379 0.8621323529411765 0.02287581699346405 0.015318627450980392
1 0.9428104575163399 0.7326899509803921 0.015522875816993464 0.009497549019607842
1 0.6552287581699346 0.8405330882352942 0.015522875816993464 0.011948529411764705
1 0.8658088235294118 0.7342218137254902 0.015931372549019607 0.010723039215686275
1 0.6198937908496732 0.8121936274509803 0.01919934640522876 0.013480392156862746
1 0.6560457516339869 0.9059436274509803 0.022058823529411766 0.015318627450980392
1 0.2440767973856209 0.8241421568627451 0.023284313725490197 0.016544117647058824
1 0.8931781045751634 0.7893688725490197 0.01838235294117647 0.011948529411764705
1 0.8457924836601307 0.7944240196078431 0.015931372549019607 0.00980392156862745
1 0.6680964052287581 0.8414522058823529 0.017565359477124183 0.013174019607843137
1 0.0959967320261438 0.8503370098039216 0.021241830065359478 0.013786764705882353
1 0.4048202614379085 0.9116115196078431 0.02042483660130719 0.016237745098039217
1 0.9579248366013072 0.8082107843137255 0.01715686274509804 0.012254901960784314
1 0.9932598039215687 0.7962622549019608 0.013480392156862746 0.014093137254901961
1 0.539828431372549 0.7965686274509803 0.01838235294117647 0.013480392156862746
1 0.5700571895424836 0.8089767156862745 0.01919934640522876 0.015012254901960785
1 0.9485294117647058 0.7412683823529411 0.017973856209150325 0.011948529411764705
1 0.9011437908496732 0.8193933823529411 0.022058823529411766 0.014399509803921568
1 0.5614787581699346 0.8921568627450981 0.02165032679738562 0.015931372549019607
1 0.7604166666666666 0.8184742647058824 0.023284313725490197 0.017463235294117647
1 0.08169934640522876 0.8556985294117647 0.02042483660130719 0.013480392156862746
1 0.06331699346405228 0.9719669117647058 0.02369281045751634 0.018075980392156864
1 0.4599673202614379 0.8792892156862745 0.02369281045751634 0.01838235294117647
1 0.8645506535947712 0.7151501225490197 0.015049019607843139 0.009957107843137254
