1 0.03349673202614379 0.4329044117647059 0.013071895424836602 0.007352941176470588
1 0.06964869281045752 0.43734681372549017 0.010212418300653595 0.008272058823529412
1 0.07945261437908496 0.4378063725490196 0.013480392156862746 0.009191176470588236
1 0.013071895424836602 0.4384191176470588 0.008986928104575163 0.007352941176470588
1 0.02389705882352941 0.43995098039215685 0.010212418300653595 0.006740196078431373
1 0.0026552287581699347 0.4401041666666667 0.0053104575163398695 0.007659313725490196
1 0.041666666666666664 0.4411764705882353 0.013071895424836602 0.010416666666666666
1 0.16911764705882354 0.5965073529411765 0.0196078431372549 0.017769607843137254
1 0.6750408496732027 0.6141237745098039 0.025735294117647058 0.024816176470588234
1 0.7638888888888888 0.6256127450980392 0.026143790849673203 0.02267156862745098
1 0.5102124183006536 0.6922487745098039 0.025326797385620915 0.02297794117647059
