1 0.8163807189542484 0.31755514705882354 0.015931372549019607 0.012561274509803922
1 0.960171568627451 0.3180147058823529 0.01184640522875817 0.007965686274509803
1 0.9787581699346405 0.3196997549019608 0.016339869281045753 0.013174019607843137
1 0.7181372549019608 0.3235294117647059 0.02042483660130719 0.011642156862745098
1 0.5194035947712419 0.3313419117647059 0.020833333333333332 0.008884803921568627
1 0.8014705882352942 0.3443627450980392 0.021241830065359478 0.01838235294117647
1 0.7120098039215687 0.35355392156862747 0.01715686274509804 0.014093137254901961
1 0.7714460784313726 0.3840379901960784 0.024101307189542485 0.020526960784313725
1 0.7275326797385621 0.40456495098039214 0.021241830065359478 0.015012254901960785
1 0.579248366013072 0.4163602941176471 0.02042483660130719 0.014705882352941176
1 0.6605392156862745 0.4306066176470588 0.018790849673202614 0.015625
1 0.27941176470588236 0.4333639705882353 0.029411764705882353 0.020526960784313725
1 0.733251633986928 0.43504901960784315 0.02369281045751634 0.015318627450980392
1 0.9509803921568627 0.4518995098039216 0.03022875816993464 0.025122549019607844
1 0.983251633986928 0.4597120098039216 0.02287581699346405 0.019301470588235295
1 0.7397875816993464 0.4638480392156863 0.022058823529411766 0.01838235294117647
1 0.7973856209150327 0.4756433823529412 0.022058823529411766 0.018075980392156864
1 0.8476307189542484 0.47579656862745096 0.027777777777777776 0.014093137254901961
1 0.6791258169934641 0.4811580882352941 0.027369281045751634 0.021752450980392156
1 0.5390114379084967 0.49954044117647056 0.01511437908496732 0.013174019607843137
1 0.9358660130718954 0.5015318627450981 0.026143790849673203 0.01838235294117647
1 0.8617238562091504 0.5029105392156863 0.02900326797385621 0.024816176470588234
1 0.7040441176470589 0.5099571078431373 0.016748366013071895 0.018075980392156864
1 0.006127450980392157 0.5194546568627451 0.012254901960784314 0.01685049019607843
1 0.641748366013072 0.28308823529411764 0.008169934640522876 0.0055147058823529415
1 0.8178104575163399 0.2838541666666667 0.0196078431372549 0.011948529411764705
1 0.7181372549019608 0.2847732843137255 0.014705882352941176 0.012561274509803922
1 0.6809640522875817 0.2849264705882353 0.008986928104575163 0.009191176470588236
1 0.7649101307189542 0.28630514705882354 0.01184640522875817 0.008884803921568627
1 0.7079248366013072 0.29610906862745096 0.012254901960784314 0.0070465686274509805
1 0.6066176470588235 0.3002450980392157 0.00980392156862745 0.004901960784313725
1 0.7318218954248366 0.30254289215686275 0.00857843137254902 0.004595588235294118
1 0.9793709150326797 0.30514705882352944 0.015931372549019607 0.00980392156862745
1 0.5706699346405228 0.3053002450980392 0.011437908496732025 0.0070465686274509805
