1 0.7218137254901961 0.6354166666666666 0.014705882352941176 0.009191176470588236
1 0.9841176470588234 0.6159175857843138 0.010718954248366013 0.006344975490196078
1 0.9859068627450981 0.7196691176470589 0.01919934640522876 0.010416666666666666
1 0.9884293300653596 0.6134742647058824 0.011172385620915033 0.0063602941176470595
1 0.7722630718954249 0.7754289215686274 0.015931372549019607 0.00980392156862745
1 0.9605453431372549 0.613780637254902 0.01014297385620915 0.0063602941176470595
1 0.34211601307189543 0.6691176470588235 0.013480392156862746 0.007965686274509803
1 0.7761437908496732 0.7248774509803921 0.014705882352941176 0.00980392156862745
1 0.26205065359477125 0.6380208333333334 0.01511437908496732 0.009497549019607842
1 0.9524101307189542 0.6594669117647058 0.01184640522875817 0.007659313725490196
1 0.9505718954248366 0.7516850490196079 0.016339869281045753 0.01011029411764706
1 0.17647058823529413 0.7873774509803921 0.0196078431372549 0.010416666666666666
1 0.4750816993464052 0.6757046568627451 0.013888888888888888 0.01011029411764706
1 0.8139297385620915 0.6634589460784315 0.014297385620915032 0.008290441176470587
1 0.6909722222222222 0.649203431372549 0.014297385620915032 0.009191176470588236
1 0.8254636437908496 0.6625030637254902 0.015306372549019608 0.009442401960784315
1 0.5304330065359477 0.6767769607843137 0.01511437908496732 0.010416666666666666
1 0.18627450980392157 0.6943933823529411 0.013071895424836602 0.008272058823529412
1 0.3972630718954248 0.6614583333333334 0.016748366013071895 0.010416666666666666
1 0.15801674836601307 0.7064552696078431 0.021098856209150325 0.012787990196078432
1 0.8907271241830066 0.7729779411764706 0.024101307189542485 0.013480392156862746
1 0.14154411764705882 0.6668198529411765 0.013480392156862746 0.007659313725490196
1 0.24877450980392157 0.6861213235294118 0.014705882352941176 0.009497549019607842
1 0.44955065359477125 0.6731004901960784 0.013480392156862746 0.010416666666666666
1 0.2855392156862745 0.6613051470588235 0.012254901960784314 0.008884803921568627
1 0.29840686274509803 0.6963848039215687 0.01511437908496732 0.009191176470588236
1 0.9009395424836601 0.6752450980392157 0.013480392156862746 0.00857843137254902
1 0.5680147058823529 0.7319240196078431 0.016748366013071895 0.011642156862745098
1 0.8666258169934641 0.6107536764705882 0.015931372549019607 0.008884803921568627
1 0.9011437908496732 0.7366727941176471 0.021241830065359478 0.013174019607843137
1 0.5896650326797386 0.7677696078431373 0.01511437908496732 0.011642156862745098
1 0.6133578431372549 0.7418811274509803 0.015931372549019607 0.010723039215686275
1 0.828202614379085 0.6557996323529413 0.015882352941176472 0.010128676470588236
1 0.946078431372549 0.6810661764705882 0.016339869281045753 0.010416666666666666
1 0.6787173202614379 0.6649816176470589 0.020833333333333332 0.013174019607843137
1 0.309640522875817 0.7460171568627451 0.016339869281045753 0.012867647058823529
1 0.17034313725490197 0.7127757352941176 0.013888888888888888 0.008884803921568627
1 0.3946078431372549 0.7227328431372549 0.014705882352941176 0.00980392156862745
1 0.1576797385620915 0.6753982843137255 0.013071895424836602 0.008884803921568627
1 0.9776899509803922 0.6172870710784314 0.01420343137254902 0.008471200980392156
1 0.9138071895424836 0.625 0.013071895424836602 0.00857843137254902
1 0.0806781045751634 0.7121629901960784 0.012663398692810458 0.01011029411764706
1 0.5984477124183006 0.7584252450980392 0.015522875816993464 0.011948529411764705
1 0.3329248366013072 0.6819852941176471 0.013071895424836602 0.00857843137254902
1 0.9562908496732027 0.6911764705882353 0.017973856209150325 0.012254901960784314
1 0.46834150326797386 0.78125 0.020833333333333332 0.012254901960784314
1 0.8935375816993465 0.6193229166666667 0.014199346405228757 0.008866421568627452
1 0.2890114379084967 0.7818627450980392 0.017565359477124183 0.012254901960784314
1 0.8762254901960784 0.6536458333333334 0.013888888888888888 0.008884803921568627
1 0.8570261437908496 0.6387867647058824 0.013888888888888888 0.009191176470588236
1 0.4977532679738562 0.7385110294117647 0.020016339869281044 0.012561274509803922
1 0.8899101307189542 0.6688112745098039 0.014297385620915032 0.010416666666666666
1 0.9303513071895425 0.6858149509803921 0.015931372549019607 0.010723039215686275
1 0.963031045751634 0.7869178921568627 0.01919934640522876 0.01133578431372549
1 0.9395424836601307 0.6228553921568627 0.015522875816993464 0.00980392156862745
1 0.03574346405228758 0.7743566176470589 0.01838235294117647 0.013174019607843137
1 0.827001633986928 0.7643995098039216 0.017565359477124183 0.011642156862745098
1 0.4097222222222222 0.7198223039215687 0.016339869281045753 0.012561274509803922
1 0.9299428104575164 0.7532169117647058 0.020016339869281044 0.014399509803921568
1 0.8629493464052288 0.7363664215686274 0.01919934640522876 0.012561274509803922
1 0.31638071895424835 0.7109375 0.017565359477124183 0.011948529411764705
1 0.8527369281045751 0.6204044117647058 0.014297385620915032 0.00980392156862745
1 0.8488562091503268 0.7818627450980392 0.018790849673202614 0.012867647058823529
1 0.6272467320261438 0.7596507352941176 0.020016339869281044 0.013174019607843137
1 0.28737745098039214 0.6870404411764706 0.014297385620915032 0.01011029411764706
1 0.8590196078431372 0.7734375 0.021143790849673202 0.015625
1 0.1017156862745098 0.7121629901960784 0.016339869281045753 0.010723039215686275
1 0.2824754901960784 0.6977634803921569 0.015931372549019607 0.01133578431372549
1 0.2207924836601307 0.7441789215686274 0.01838235294117647 0.012254901960784314
1 0.4152369281045752 0.7602634803921569 0.020833333333333332 0.013786764705882353
1 0.056781045751633986 0.6729473039215687 0.016339869281045753 0.01133578431372549
1 0.5046977124183006 0.7294730392156863 0.020016339869281044 0.012867647058823529
1 0.20874183006535948 0.7944240196078431 0.022058823529411766 0.015318627450980392
1 0.3190359477124183 0.7504595588235294 0.018790849673202614 0.012561274509803922
1 0.25612745098039214 0.7120098039215687 0.01715686274509804 0.011029411764705883
1 0.2959558823529412 0.7611825980392157 0.01838235294117647 0.012561274509803922
1 0.136437908496732 0.7568933823529411 0.02042483660130719 0.013174019607843137
1 0.36703431372549017 0.8016237745098039 0.027369281045751634 0.018075980392156864
1 0.6382761437908496 0.7783394607843137 0.02165032679738562 0.01685049019607843
1 0.4070669934640523 0.7772671568627451 0.02246732026143791 0.01715686274509804
1 0.8628370098039215 0.7654273897058823 0.020608660130718954 0.013697916666666667
