1 0.12111928104575163 0.4319852941176471 0.01184640522875817 0.007965686274509803
1 0.1315359477124183 0.43213848039215685 0.017973856209150325 0.010723039215686275
1 0.733047385620915 0.4368872549019608 0.01919934640522876 0.014093137254901961
1 0.8086192810457516 0.4368872549019608 0.016748366013071895 0.011642156862745098
1 0.4360702614379085 0.43949142156862747 0.020833333333333332 0.01685049019607843
1 0.8214869281045751 0.4420955882352941 0.014705882352941176 0.013480392156862746
1 0.735498366013072 0.44332107843137253 0.020016339869281044 0.015318627450980392
1 0.7920751633986928 0.4450061274509804 0.018790849673202614 0.013786764705882353
1 0.573937908496732 0.4494485294117647 0.021241830065359478 0.00857843137254902
1 0.1270424836601307 0.4528186274509804 0.0196078431372549 0.011029411764705883
1 0.5488153594771242 0.45358455882352944 0.01919934640522876 0.013786764705882353
1 0.6595179738562091 0.45557598039215685 0.020833333333333332 0.009191176470588236
1 0.6640114379084967 0.45909926470588236 0.01511437908496732 0.01011029411764706
1 0.4244281045751634 0.4632352941176471 0.017973856209150325 0.014705882352941176
1 0.9466911764705882 0.46338848039215685 0.020833333333333332 0.013786764705882353
1 0.6397058823529411 0.46691176470588236 0.022058823529411766 0.00857843137254902
1 0.9419934640522876 0.46706495098039214 0.017973856209150325 0.015625
1 0.9344362745098039 0.4725796568627451 0.020833333333333332 0.012561274509803922
1 0.5600490196078431 0.4730392156862745 0.013888888888888888 0.011642156862745098
1 0.5604575163398693 0.47794117647058826 0.013888888888888888 0.012254901960784314
1 0.6924019607843137 0.4788602941176471 0.02696078431372549 0.015318627450980392
1 0.15788398692810457 0.4805453431372549 0.016748366013071895 0.016237745098039217
1 0.2963643790849673 0.4811580882352941 0.015931372549019607 0.014399509803921568
1 0.9569035947712419 0.48360906862745096 0.009395424836601307 0.015012254901960785
1 0.2252859477124183 0.48575367647058826 0.017565359477124183 0.017463235294117647
1 0.8784722222222222 0.48713235294117646 0.017565359477124183 0.016544117647058824
1 0.8529411764705882 0.4872855392156863 0.021241830065359478 0.012561274509803922
1 0.6977124183006536 0.4878982843137255 0.026143790849673203 0.015625
1 0.05106209150326797 0.48973651960784315 0.027777777777777776 0.018688725490196078
1 0.42320261437908496 0.49264705882352944 0.01715686274509804 0.015318627450980392
1 0.7879901960784313 0.49525122549019607 0.022058823529411766 0.016237745098039217
1 0.5696486928104575 0.5110294117647058 0.01919934640522876 0.015318627450980392
1 0.20833333333333334 0.5127144607843137 0.013888888888888888 0.014399509803921568
1 0.37479575163398693 0.5191482843137255 0.025735294117647058 0.018075980392156864
1 0.5941584967320261 0.5193014705882353 0.024101307189542485 0.013480392156862746
1 0.1096813725490196 0.5214460784313726 0.02165032679738562 0.012254901960784314
1 0.13786764705882354 0.5265012254901961 0.020833333333333332 0.013174019607843137
1 0.6544117647058824 0.5277267156862745 0.02369281045751634 0.01991421568627451
1 0.2687908496732026 0.5307904411764706 0.0196078431372549 0.012561274509803922
1 0.6468545751633987 0.5333946078431373 0.020833333333333332 0.01838235294117647
1 0.15747549019607843 0.5347732843137255 0.023284313725490197 0.011948529411764705
1 0.5555555555555556 0.5350796568627451 0.016339869281045753 0.015012254901960785
1 0.02165032679738562 0.5389093137254902 0.022058823529411766 0.017769607843137254
1 0.2973856209150327 0.5458026960784313 0.025326797385620915 0.01133578431372549
1 0.3449754901960784 0.5459558823529411 0.020833333333333332 0.015318627450980392
1 0.2651143790849673 0.5482536764705882 0.018790849673202614 0.018688725490196078
1 0.9842728758169934 0.5549938725490197 0.020016339869281044 0.018075980392156864
1 0.27675653594771243 0.5556066176470589 0.024101307189542485 0.015012254901960785
1 0.733047385620915 0.5560661764705882 0.020016339869281044 0.01838235294117647
1 0.48856209150326796 0.5770526960784313 0.013888888888888888 0.015012254901960785
1 0.2761437908496732 0.5859375 0.018790849673202614 0.01685049019607843
1 0.5912990196078431 0.5890012254901961 0.023284313725490197 0.013786764705882353
1 0.25755718954248363 0.5894607843137255 0.02165032679738562 0.017769607843137254
1 0.03329248366013072 0.5955882352941176 0.0363562091503268 0.022058823529411766
1 0.23958333333333334 0.5962009803921569 0.024101307189542485 0.017769607843137254
1 0.4395424836601307 0.5984987745098039 0.018790849673202614 0.017463235294117647
1 0.30106209150326796 0.5994178921568627 0.017973856209150325 0.015625
1 0.5275735294117647 0.6109068627450981 0.01838235294117647 0.01838235294117647
1 0.31985294117647056 0.6199448529411765 0.0196078431372549 0.017463235294117647
1 0.4178921568627451 0.6560968137254902 0.014705882352941176 0.015012254901960785
1 0.4158496732026144 0.6605392156862745 0.014705882352941176 0.014705882352941176
1 0.7091503267973857 0.6680453431372549 0.026143790849673203 0.023590686274509803
