1 0.6568627450980392 0.8259803921568627 0.018790849673202614 0.012867647058823529
1 0.09538398692810457 0.7049632352941176 0.013480392156862746 0.00980392156862745
1 0.8417075163398693 0.7455575980392157 0.01184640522875817 0.008272058823529412
1 0.7759395424836601 0.7378982843137255 0.012663398692810458 0.009497549019607842
1 0.5959967320261438 0.8025428921568627 0.022058823529411766 0.014399509803921568
1 0.8302696078431373 0.7905943627450981 0.016748366013071895 0.012561274509803922
1 0.31862745098039214 0.7135416666666666 0.011437908496732025 0.00857843137254902
1 0.3082107843137255 0.7136948529411765 0.013480392156862746 0.009497549019607842
1 0.34967320261437906 0.7199754901960784 0.012254901960784314 0.009191176470588236
1 0.19934640522875818 0.7484681372549019 0.013888888888888888 0.010416666666666666
1 0.24571078431372548 0.7752757352941176 0.013480392156862746 0.010723039215686275
1 0.5006127450980392 0.8463541666666666 0.01838235294117647 0.011948529411764705
1 0.23672385620915032 0.8457414215686274 0.015931372549019607 0.010723039215686275
1 0.9636437908496732 0.8731617647058824 0.018790849673202614 0.012254901960784314
1 0.2687908496732026 0.7271752450980392 0.013071895424836602 0.008884803921568627
1 0.45608660130718953 0.7651654411764706 0.01511437908496732 0.010723039215686275
1 0.00980392156862745 0.8314950980392157 0.016339869281045753 0.012254901960784314
1 0.7757352941176471 0.7190563725490197 0.013888888888888888 0.009191176470588236
1 0.4223856209150327 0.7598039215686274 0.01715686274509804 0.011642156862745098
1 0.7832924836601307 0.8399203431372549 0.015931372549019607 0.011948529411764705
1 0.24428104575163398 0.7215073529411765 0.015522875816993464 0.011029411764705883
1 0.8937908496732027 0.7907475490196079 0.0196078431372549 0.012867647058823529
1 0.3672385620915033 0.8201593137254902 0.016339869281045753 0.011642156862745098
1 0.616421568627451 0.8337928921568627 0.0196078431372549 0.014399509803921568
1 0.6836192810457516 0.8204656862745098 0.020016339869281044 0.014705882352941176
1 0.6752450980392157 0.7611825980392157 0.021241830065359478 0.015012254901960785
1 0.9393382352941176 0.7426470588235294 0.015931372549019607 0.011029411764705883
1 0.8729575163398693 0.8327205882352942 0.0196078431372549 0.012867647058823529
1 0.9887663398692811 0.7552083333333334 0.01838235294117647 0.012867647058823529
1 0.6268382352941176 0.8160232843137255 0.02246732026143791 0.016237745098039217
1 0.09334150326797386 0.9290747549019608 0.02246732026143791 0.017463235294117647
1 0.07516339869281045 0.9348958333333334 0.02042483660130719 0.017463235294117647
1 0.9136029411764706 0.8684129901960784 0.01838235294117647 0.013174019607843137
1 0.23427287581699346 0.9159007352941176 0.024101307189542485 0.018075980392156864
1 0.7289624183006536 0.8794424019607843 0.02246732026143791 0.015625
