1 0.2743055555555556 0.6674325980392157 0.017565359477124183 0.019301470588235295
1 0.3639705882352941 0.671109068627451 0.010620915032679739 0.011948529411764705
1 0.3539624183006536 0.6878063725490197 0.015931372549019607 0.015318627450980392
1 0.3372140522875817 0.6943933823529411 0.01838235294117647 0.013174019607843137
1 0.7093545751633987 0.6962316176470589 0.024918300653594773 0.018075980392156864
1 0.35294117647058826 0.7072610294117647 0.013888888888888888 0.013174019607843137
1 0.6544117647058824 0.7166053921568627 0.025326797385620915 0.015931372549019607
1 0.40155228758169936 0.7333026960784313 0.018790849673202614 0.016237745098039217
1 0.02022058823529412 0.7360600490196079 0.02165032679738562 0.01685049019607843
1 0.2681781045751634 0.7449448529411765 0.017565359477124183 0.016237745098039217
1 0.33312908496732024 0.7591911764705882 0.016748366013071895 0.01838235294117647
1 0.19464869281045752 0.7621017156862745 0.017565359477124183 0.01685049019607843
1 0.5018382352941176 0.7693014705882353 0.02165032679738562 0.020833333333333332
1 0.26123366013071897 0.7958026960784313 0.02165032679738562 0.01991421568627451
1 0.25306372549019607 0.8206188725490197 0.025735294117647058 0.022365196078431373
1 0.13480392156862744 0.8249080882352942 0.0196078431372549 0.017463235294117647
1 0.2800245098039216 0.8472732843137255 0.01919934640522876 0.017463235294117647
1 0.05800653594771242 0.8579963235294118 0.018790849673202614 0.01685049019607843
1 0.19076797385620914 0.8795955882352942 0.016339869281045753 0.014705882352941176
