1 0.6235702614379085 0.9555759803921569 0.023284313725490197 0.01838235294117647
1 0.4528186274509804 0.7757352941176471 0.02165032679738562 0.014093137254901961
1 0.8713235294117647 0.7296262254901961 0.014705882352941176 0.01011029411764706
1 0.4319852941176471 0.8449754901960784 0.02165032679738562 0.015931372549019607
1 0.4840686274509804 0.6845894607843137 0.014705882352941176 0.01011029411764706
1 0.6926062091503268 0.8322610294117647 0.02246732026143791 0.014399509803921568
1 0.12295751633986927 0.8144914215686274 0.024509803921568627 0.015625
1 0.9372957516339869 0.7686887254901961 0.020016339869281044 0.013480392156862746
1 0.8901143790849673 0.7529105392156863 0.0196078431372549 0.01133578431372549
1 0.9093137254901961 0.664828431372549 0.016339869281045753 0.00980392156862745
1 0.948937908496732 0.8458946078431373 0.025326797385620915 0.01838235294117647
1 0.34415849673202614 0.8762254901960784 0.025735294117647058 0.01715686274509804
1 0.4542483660130719 0.7647058823529411 0.02287581699346405 0.015931372549019607
1 0.9428104575163399 0.7758884803921569 0.02287581699346405 0.015625
1 0.4389297385620915 0.9701286764705882 0.024101307189542485 0.018688725490196078
1 0.9748774509803921 0.8667279411764706 0.028186274509803922 0.0196078431372549
