1 0.6041666666666666 0.7513786764705882 0.012254901960784314 0.008272058823529412
1 0.8870506535947712 0.6672794117647058 0.013480392156862746 0.007965686274509803
1 0.8387193627450981 0.6215747549019608 0.010772058823529412 0.00724264705882353
1 0.26919934640522875 0.6681985294117647 0.013071895424836602 0.009191176470588236
1 0.11131535947712418 0.6263786764705882 0.01511437908496732 0.009497549019607842
1 0.7344771241830066 0.8146446078431373 0.016339869281045753 0.011029411764705883
1 0.6029411764705882 0.9027267156862745 0.022058823529411766 0.013174019607843137
1 0.7383578431372549 0.6145833333333334 0.011029411764705883 0.007965686274509803
1 0.7377450980392157 0.9517463235294118 0.0196078431372549 0.018075980392156864
1 0.10661764705882353 0.7538296568627451 0.017973856209150325 0.014399509803921568
1 0.12969771241830066 0.8386948529411765 0.03145424836601307 0.017463235294117647
1 0.8754084967320261 0.7222732843137255 0.013888888888888888 0.008272058823529412
1 0.0051062091503267975 0.6916360294117647 0.010212418300653595 0.014399509803921568
1 0.7988153594771242 0.8969056372549019 0.020016339869281044 0.013174019607843137
1 0.778780637254902 0.6579212622549019 0.013443627450980392 0.008857230392156863
1 0.7450980392156863 0.6758578431372549 0.016339869281045753 0.010416666666666666
1 0.9099264705882353 0.8909313725490197 0.017565359477124183 0.013480392156862746
1 0.119281045751634 0.7123161764705882 0.015522875816993464 0.010416666666666666
1 0.8120915032679739 0.8886335784313726 0.01715686274509804 0.01133578431372549
1 0.41891339869281047 0.7527573529411765 0.014297385620915032 0.010416666666666666
1 0.766952614379085 0.6300551470588235 0.012663398692810458 0.008272058823529412
1 0.8667749183006535 0.6613051470588235 0.012144607843137254 0.008272058823529412
1 0.18974673202614378 0.7178308823529411 0.015931372549019607 0.011029411764705883
1 0.4383169934640523 0.7463235294117647 0.017973856209150325 0.011642156862745098
1 0.7565359477124183 0.6587009803921569 0.012254901960784314 0.00857843137254902
1 0.17422385620915032 0.8903186274509803 0.02165032679738562 0.015318627450980392
1 0.09640522875816994 0.6167279411764706 0.014705882352941176 0.00980392156862745
1 0.6889297385620915 0.8910845588235294 0.024101307189542485 0.01685049019607843
1 0.758578431372549 0.8871017156862745 0.02369281045751634 0.015625
1 0.5326797385620915 0.8772977941176471 0.01715686274509804 0.011948529411764705
1 0.7781862745098039 0.6714154411764706 0.014705882352941176 0.01011029411764706
1 0.6899509803921569 0.7526041666666666 0.013888888888888888 0.009497549019607842
1 0.2741013071895425 0.6841299019607843 0.013071895424836602 0.009191176470588236
1 0.9111519607843137 0.6660539215686274 0.012663398692810458 0.00857843137254902
1 0.3402777777777778 0.8151041666666666 0.01715686274509804 0.010723039215686275
1 0.8002450980392157 0.6155024509803921 0.013888888888888888 0.010416666666666666
1 0.5620915032679739 0.8923100490196079 0.022058823529411766 0.014399509803921568
1 0.4863153594771242 0.8874080882352942 0.016748366013071895 0.011948529411764705
1 0.7865604575163399 0.6793811274509803 0.012663398692810458 0.008884803921568627
1 0.22875816993464052 0.6962316176470589 0.018790849673202614 0.012561274509803922
1 0.3684640522875817 0.7349877450980392 0.016339869281045753 0.011642156862745098
1 0.7265114379084967 0.7893688725490197 0.01838235294117647 0.011948529411764705
1 0.35866013071895425 0.6850490196078431 0.014705882352941176 0.00980392156862745
1 0.34844771241830064 0.8311887254901961 0.021241830065359478 0.015318627450980392
1 0.7551062091503268 0.8174019607843137 0.013480392156862746 0.010416666666666666
1 0.41360294117647056 0.8362438725490197 0.015931372549019607 0.011948529411764705
1 0.11887254901960784 0.766390931372549 0.02696078431372549 0.016237745098039217
1 0.8216911764705882 0.6821384803921569 0.015931372549019607 0.01011029411764706
1 0.3053513071895425 0.6936274509803921 0.013480392156862746 0.010416666666666666
1 0.8874591503267973 0.6565563725490197 0.01511437908496732 0.010416666666666666
1 0.4765114379084967 0.7680759803921569 0.015931372549019607 0.00980392156862745
1 0.775531045751634 0.8962928921568627 0.020016339869281044 0.013786764705882353
1 0.32741013071895425 0.8944546568627451 0.020016339869281044 0.015012254901960785
1 0.5375816993464052 0.7547487745098039 0.013888888888888888 0.010723039215686275
1 0.7034313725490197 0.6666666666666666 0.014705882352941176 0.010416666666666666
1 0.8935866013071896 0.6815257352941176 0.013480392156862746 0.008884803921568627
1 0.29391339869281047 0.6741727941176471 0.014297385620915032 0.010723039215686275
1 0.6499183006535948 0.8936887254901961 0.021241830065359478 0.015318627450980392
1 0.6787173202614379 0.6639093137254902 0.014297385620915032 0.00980392156862745
1 0.7894199346405228 0.8817401960784313 0.020016339869281044 0.014093137254901961
1 0.021037581699346407 0.6387867647058824 0.01511437908496732 0.010416666666666666
1 0.1889297385620915 0.6936274509803921 0.01511437908496732 0.00980392156862745
1 0.9589460784313726 0.6344975490196079 0.015931372549019607 0.010416666666666666
1 0.049019607843137254 0.6302083333333334 0.016339869281045753 0.010416666666666666
1 0.03104575163398693 0.6314338235294118 0.01715686274509804 0.011029411764705883
1 0.8110702614379085 0.8782169117647058 0.017565359477124183 0.01133578431372549
1 0.5130718954248366 0.7582720588235294 0.01715686274509804 0.013480392156862746
1 0.7334558823529411 0.6609987745098039 0.016748366013071895 0.011948529411764705
1 0.6060049019607843 0.7720588235294118 0.015931372549019607 0.011642156862745098
1 0.7949346405228758 0.8167892156862745 0.017973856209150325 0.012254901960784314
1 0.6848447712418301 0.7397365196078431 0.015931372549019607 0.011948529411764705
1 0.8541666666666666 0.6605392156862745 0.013071895424836602 0.009191176470588236
1 0.5449346405228758 0.8659620098039216 0.016339869281045753 0.011948529411764705
1 0.6984191176470589 0.6309329044117646 0.013668300653594772 0.008802083333333334
1 0.8711192810457516 0.6329656862745098 0.014297385620915032 0.00857843137254902
1 0.2702205882352941 0.7221200980392157 0.017565359477124183 0.011642156862745098
1 0.8194444444444444 0.625 0.014705882352941176 0.00980392156862745
1 0.45322712418300654 0.719515931372549 0.014297385620915032 0.01011029411764706
1 0.6154003267973857 0.890625 0.02246732026143791 0.014705882352941176
1 0.33026960784313725 0.7863051470588235 0.016748366013071895 0.011948529411764705
1 0.53125 0.7702205882352942 0.014297385620915032 0.010416666666666666
1 0.2122140522875817 0.8334865196078431 0.020833333333333332 0.014399509803921568
1 0.18484477124183007 0.6792279411764706 0.016748366013071895 0.012254901960784314
1 0.8024918300653595 0.7167585784313726 0.01511437908496732 0.01133578431372549
1 0.863562091503268 0.6449142156862745 0.015522875816993464 0.00980392156862745
1 0.7945261437908496 0.8075980392156863 0.0196078431372549 0.012867647058823529
1 0.07874795751633987 0.6598713235294118 0.01779003267973856 0.012144607843137254
1 0.6380718954248366 0.7060355392156863 0.016339869281045753 0.011948529411764705
1 0.5845588235294118 0.8828125 0.02369281045751634 0.015012254901960785
1 0.7361111111111112 0.6980698529411765 0.015522875816993464 0.01011029411764706
1 0.2589869281045752 0.733609068627451 0.018790849673202614 0.013786764705882353
1 0.7069035947712419 0.7530637254901961 0.01511437908496732 0.011642156862745098
1 0.3852124183006536 0.7352941176470589 0.016339869281045753 0.012254901960784314
1 0.7193627450980392 0.8916973039215687 0.02369281045751634 0.016237745098039217
1 0.8905228758169934 0.6985294117647058 0.015522875816993464 0.010416666666666666
1 0.4526143790849673 0.6933210784313726 0.016339869281045753 0.011642156862745098
1 0.471609477124183 0.6937806372549019 0.016748366013071895 0.011948529411764705
1 0.8349673202614379 0.6743259803921569 0.01715686274509804 0.010416666666666666
1 0.6399101307189542 0.7225796568627451 0.016748366013071895 0.010723039215686275
1 0.3112745098039216 0.8089767156862745 0.017973856209150325 0.012561274509803922
1 0.032066993464052285 0.8137254901960784 0.024918300653594773 0.01838235294117647
1 0.4699754901960784 0.7786458333333334 0.020833333333333332 0.013174019607843137
1 0.19852941176470587 0.7371323529411765 0.02287581699346405 0.017769607843137254
1 0.2820669934640523 0.7852328431372549 0.01919934640522876 0.013480392156862746
1 0.8688725490196079 0.6974571078431373 0.016339869281045753 0.01133578431372549
1 0.6805555555555556 0.6285232843137255 0.015522875816993464 0.012561274509803922
1 0.27328431372549017 0.8999693627450981 0.02287581699346405 0.018075980392156864
1 0.6997549019607843 0.7844669117647058 0.0196078431372549 0.013786764705882353
1 0.6558415032679739 0.7092524509803921 0.016748366013071895 0.012867647058823529
1 0.8094362745098039 0.8154105392156863 0.016748366013071895 0.013174019607843137
1 0.9581290849673203 0.7763480392156863 0.020016339869281044 0.014093137254901961
1 0.6033496732026143 0.8743872549019608 0.02287581699346405 0.014705882352941176
1 0.046977124183006536 0.8062193627450981 0.02369281045751634 0.01685049019607843
1 0.4070669934640523 0.8733149509803921 0.020833333333333332 0.013786764705882353
1 0.8284313725490197 0.8869485294117647 0.021241830065359478 0.015318627450980392
1 0.9793709150326797 0.8157169117647058 0.020016339869281044 0.015012254901960785
1 0.2624591503267974 0.7760416666666666 0.020833333333333332 0.015318627450980392
1 0.4818218954248366 0.8118872549019608 0.020833333333333332 0.014093137254901961
1 0.6317401960784313 0.9042585784313726 0.02246732026143791 0.016237745098039217
1 0.409109477124183 0.8857230392156863 0.02165032679738562 0.014093137254901961
1 0.1511437908496732 0.8846507352941176 0.026143790849673203 0.018688725490196078
1 0.8433415032679739 0.7434129901960784 0.01838235294117647 0.013786764705882353
1 0.497140522875817 0.7599571078431373 0.02042483660130719 0.014399509803921568
1 0.8276143790849673 0.7221200980392157 0.0196078431372549 0.013480392156862746
1 0.778390522875817 0.7106311274509803 0.01838235294117647 0.013174019607843137
1 0.8796977124183006 0.8944546568627451 0.025735294117647058 0.017463235294117647
1 0.4548611111111111 0.8808210784313726 0.023284313725490197 0.015931372549019607
1 0.4479166666666667 0.8138786764705882 0.024101307189542485 0.015625
1 0.6578839869281046 0.9114583333333334 0.024101307189542485 0.02022058823529412
1 0.6879084967320261 0.8143382352941176 0.0196078431372549 0.013480392156862746
1 0.5866013071895425 0.8143382352941176 0.025326797385620915 0.016544117647058824
1 0.1474203431372549 0.7597135416666666 0.030951797385620913 0.0182015931372549
