1 0.33639705882352944 0.6323529411764706 0.013480392156862746 0.009191176470588236
1 0.38480392156862747 0.7501531862745098 0.021241830065359478 0.013174019607843137
1 0.39562908496732024 0.7899816176470589 0.020833333333333332 0.013174019607843137
1 0.8198529411764706 0.6012561274509803 0.015522875816993464 0.010723039215686275
1 0.3304738562091503 0.639859068627451 0.018790849673202614 0.011948529411764705
1 0.6348039215686274 0.6704963235294118 0.017973856209150325 0.01133578431372549
1 0.8641748366013072 0.7173713235294118 0.017565359477124183 0.010723039215686275
1 0.7583741830065359 0.8164828431372549 0.017565359477124183 0.012254901960784314
1 0.3972630718954248 0.7397365196078431 0.017565359477124183 0.01133578431372549
1 0.18770424836601307 0.6752450980392157 0.013480392156862746 0.00857843137254902
1 0.49325980392156865 0.7844669117647058 0.017565359477124183 0.01133578431372549
1 0.5265522875816994 0.703125 0.021241830065359478 0.014093137254901961
1 0.09722222222222222 0.6193321078431373 0.014705882352941176 0.009497549019607842
1 0.3368055555555556 0.7035845588235294 0.020016339869281044 0.013174019607843137
1 0.5496323529411765 0.7922794117647058 0.020016339869281044 0.013480392156862746
1 0.6762663398692811 0.7046568627450981 0.017565359477124183 0.012867647058823529
1 0.2883986928104575 0.6582414215686274 0.014705882352941176 0.01011029411764706
1 0.5345179738562091 0.6832107843137255 0.01838235294117647 0.011642156862745098
1 0.5171568627450981 0.7775735294117647 0.021241830065359478 0.014705882352941176
1 0.4097222222222222 0.6737132352941176 0.016339869281045753 0.010416666666666666
1 0.22140522875816993 0.6367953431372549 0.013888888888888888 0.009497549019607842
1 0.4054330065359477 0.7676164215686274 0.02246732026143791 0.013174019607843137
1 0.8104575163398693 0.6697303921568627 0.017973856209150325 0.011642156862745098
1 0.3500816993464052 0.671109068627451 0.015522875816993464 0.010723039215686275
1 0.2034313725490196 0.6767769607843137 0.013071895424836602 0.009191176470588236
1 0.7230392156862745 0.7578125 0.024509803921568627 0.017463235294117647
1 0.42687908496732024 0.782015931372549 0.021241830065359478 0.014399509803921568
1 0.766952614379085 0.7375919117647058 0.01919934640522876 0.013174019607843137
1 0.14910130718954248 0.6178002450980392 0.01715686274509804 0.009497549019607842
1 0.49142156862745096 0.7939644607843137 0.02042483660130719 0.013786764705882353
1 0.3284313725490196 0.6614583333333334 0.017973856209150325 0.012254901960784314
1 0.39950980392156865 0.6364889705882353 0.018790849673202614 0.01133578431372549
1 0.2542892156862745 0.6818321078431373 0.016748366013071895 0.013174019607843137
1 0.008782679738562092 0.7438725490196079 0.015931372549019607 0.011029411764705883
1 0.15236928104575165 0.7147671568627451 0.015522875816993464 0.010416666666666666
1 0.8306781045751634 0.6613051470588235 0.017565359477124183 0.011948529411764705
1 0.19117647058823528 0.6531862745098039 0.016339869281045753 0.012254901960784314
1 0.25102124183006536 0.6548713235294118 0.016748366013071895 0.01133578431372549
1 0.7418300653594772 0.7887561274509803 0.02369281045751634 0.017463235294117647
1 0.735702614379085 0.8359375 0.021241830065359478 0.013786764705882353
1 0.27450980392156865 0.6458333333333334 0.017973856209150325 0.011029411764705883
1 0.8359885620915033 0.6969975490196079 0.020016339869281044 0.012867647058823529
1 0.6460375816993464 0.7446384803921569 0.023284313725490197 0.015625
1 0.7906454248366013 0.6879595588235294 0.02165032679738562 0.014399509803921568
1 0.6053921568627451 0.8884803921568627 0.027777777777777776 0.02267156862745098
1 0.4505718954248366 0.7339154411764706 0.02287581699346405 0.017463235294117647
1 0.35171568627450983 0.7637867647058824 0.024509803921568627 0.015931372549019607
1 0.5843545751633987 0.8172487745098039 0.02246732026143791 0.019301470588235295
1 0.5637254901960784 0.8155637254901961 0.017973856209150325 0.015318627450980392
