1 0.5537173202614379 0.6481311274509803 0.014297385620915032 0.009497549019607842
1 0.212593954248366 0.6690962009803921 0.01505718954248366 0.009761029411764705
1 0.36887254901960786 0.6259191176470589 0.014705882352941176 0.010416666666666666
1 0.14644607843137256 0.6548713235294118 0.013480392156862746 0.008884803921568627
1 0.33473447712418297 0.6445205269607843 0.014240196078431373 0.008403799019607843
1 0.3457924836601307 0.6449142156862745 0.012663398692810458 0.007965686274509803
1 0.3196486928104575 0.6761642156862745 0.013480392156862746 0.009191176470588236
1 0.9077389705882353 0.6129197303921569 0.012373366013071894 0.007702205882352942
1 0.304125816993464 0.7097120098039216 0.01511437908496732 0.01133578431372549
1 0.6541503267973856 0.6427251838235294 0.014183006535947711 0.009102328431372549
1 0.31576797385620914 0.6537990196078431 0.013071895424836602 0.00857843137254902
1 0.10008169934640523 0.7005208333333334 0.015522875816993464 0.008272058823529412
1 0.006127450980392157 0.6778492647058824 0.011437908496732025 0.009497549019607842
1 0.08108660130718955 0.6155024509803921 0.011029411764705883 0.007352941176470588
1 0.9261499183006536 0.6163556985294117 0.011613562091503268 0.006608455882352942
1 0.7671568627450981 0.758578431372549 0.02042483660130719 0.015931372549019607
1 0.5149101307189542 0.6675857843137255 0.01511437908496732 0.00980392156862745
1 0.16441993464052287 0.6315870098039216 0.013480392156862746 0.008272058823529412
1 0.46390727124183007 0.6648498774509805 0.013598856209150327 0.009846813725490197
1 0.5355392156862745 0.632046568627451 0.013888888888888888 0.00980392156862745
1 0.0573937908496732 0.6115196078431373 0.012663398692810458 0.00857843137254902
1 0.0843545751633987 0.6283700980392157 0.012663398692810458 0.007965686274509803
1 0.5131883169934641 0.6003155637254902 0.013304738562091504 0.009454656862745098
1 0.5859885620915033 0.6150428921568627 0.013480392156862746 0.010723039215686275
1 0.6286764705882353 0.7984068627450981 0.024509803921568627 0.01715686274509804
1 0.7830882352941176 0.6464460784313726 0.016339869281045753 0.011029411764705883
1 0.21200980392156862 0.6499693627450981 0.017973856209150325 0.009497549019607842
1 0.5034722222222222 0.6659007352941176 0.013480392156862746 0.01133578431372549
1 0.8527369281045751 0.6185661764705882 0.015931372549019607 0.011642156862745098
1 0.05392156862745098 0.6341911764705882 0.013071895424836602 0.00857843137254902
1 0.8537581699346405 0.6295955882352942 0.015522875816993464 0.011029411764705883
1 0.3633578431372549 0.6401654411764706 0.01511437908496732 0.01133578431372549
1 0.07434640522875817 0.6885723039215687 0.016339869281045753 0.010723039215686275
1 0.21200980392156862 0.6796875 0.014705882352941176 0.010723039215686275
1 0.16687091503267973 0.6963848039215687 0.016748366013071895 0.011642156862745098
1 0.2540849673202614 0.6665134803921569 0.015522875816993464 0.010723039215686275
1 0.3700980392156863 0.7306985294117647 0.018790849673202614 0.013480392156862746
1 0.9031862745098039 0.703890931372549 0.021241830065359478 0.013174019607843137
1 0.7024101307189542 0.7282475490196079 0.020833333333333332 0.015318627450980392
1 0.5843545751633987 0.7775735294117647 0.02165032679738562 0.017769607843137254
1 0.31699346405228757 0.7095588235294118 0.018790849673202614 0.013480392156862746
1 0.7691993464052288 0.7985600490196079 0.022058823529411766 0.018075980392156864
1 0.27062908496732024 0.6862745098039216 0.01838235294117647 0.012254901960784314
1 0.7792075163398693 0.7689950980392157 0.023284313725490197 0.01715686274509804
1 0.9310008169934642 0.6141023284313726 0.01232843137254902 0.007003676470588235
