1 0.403390522875817 0.9076286764705882 0.016748366013071895 0.011948529411764705
1 0.14338235294117646 0.8386948529411765 0.0196078431372549 0.013174019607843137
1 0.765843545751634 0.6836917892156863 0.01289624183006536 0.008314950980392158
1 0.6754493464052288 0.9128370098039216 0.01919934640522876 0.013786764705882353
1 0.32945261437908496 0.7948835784313726 0.02165032679738562 0.011948529411764705
1 0.20220588235294118 0.8166360294117647 0.017973856209150325 0.011948529411764705
1 0.9953022875816994 0.8492647058823529 0.009395424836601307 0.023284313725490197
1 0.6337826797385621 0.6743259803921569 0.013480392156862746 0.009191176470588236
1 0.21977124183006536 0.6720281862745098 0.01715686274509804 0.011948529411764705
1 0.09456699346405228 0.6781556372549019 0.017565359477124183 0.012561274509803922
1 0.494281045751634 0.9186580882352942 0.022058823529411766 0.015012254901960785
1 0.9029820261437909 0.8226102941176471 0.01919934640522876 0.013480392156862746
1 0.36825980392156865 0.7889093137254902 0.01838235294117647 0.012254901960784314
1 0.7481617647058824 0.9238664215686274 0.020833333333333332 0.013786764705882353
1 0.5825163398692811 0.8403799019607843 0.016339869281045753 0.012867647058823529
1 0.49959150326797386 0.7234987745098039 0.01715686274509804 0.012561274509803922
1 0.33782679738562094 0.8259803921568627 0.02042483660130719 0.012254901960784314
1 0.4229983660130719 0.9424019607843137 0.01511437908496732 0.012867647058823529
1 0.4258578431372549 0.8831188725490197 0.023284313725490197 0.015625
1 0.3570261437908497 0.8880208333333334 0.02287581699346405 0.013786764705882353
1 0.5108251633986928 0.859375 0.016748366013071895 0.012867647058823529
1 0.8235294117647058 0.9344362745098039 0.022058823529411766 0.014705882352941176
1 0.215890522875817 0.7795649509803921 0.020016339869281044 0.012561274509803922
1 0.548202614379085 0.8926164215686274 0.018790849673202614 0.013174019607843137
1 0.2920751633986928 0.7090992647058824 0.015522875816993464 0.009497549019607842
1 0.00428921568627451 0.8566176470588235 0.00857843137254902 0.020833333333333332
1 0.0055147058823529415 0.7994791666666666 0.011029411764705883 0.017463235294117647
1 0.34906045751633985 0.8043811274509803 0.020016339869281044 0.013174019607843137
1 0.35723039215686275 0.6757046568627451 0.016748366013071895 0.01133578431372549
1 0.5639297385620915 0.8651960784313726 0.023284313725490197 0.014093137254901961
1 0.6119281045751634 0.8244485294117647 0.02042483660130719 0.015318627450980392
1 0.12214052287581699 0.7426470588235294 0.018790849673202614 0.012867647058823529
1 0.8680555555555556 0.8558517156862745 0.016339869281045753 0.011948529411764705
1 0.3860294117647059 0.7112438725490197 0.017973856209150325 0.011948529411764705
1 0.28737745098039214 0.7193627450980392 0.015931372549019607 0.011029411764705883
1 0.7083333333333334 0.6838235294117647 0.013888888888888888 0.00980392156862745
1 0.471609477124183 0.7084865196078431 0.015931372549019607 0.01133578431372549
1 0.2005718954248366 0.7887561274509803 0.0196078431372549 0.013174019607843137
1 0.6554330065359477 0.8753063725490197 0.01511437908496732 0.012254901960784314
1 0.7026143790849673 0.7011335784313726 0.016339869281045753 0.010723039215686275
1 0.12969771241830066 0.6750919117647058 0.01919934640522876 0.013786764705882353
1 0.9109477124183006 0.7136948529411765 0.015522875816993464 0.008272058823529412
1 0.21875 0.8261335784313726 0.02246732026143791 0.015012254901960785
1 0.33578431372549017 0.8088235294117647 0.0196078431372549 0.013480392156862746
1 0.4854983660130719 0.8484987745098039 0.01511437908496732 0.010723039215686275
1 0.6985294117647058 0.8907781862745098 0.024509803921568627 0.01685049019607843
1 0.12765522875816993 0.764859068627451 0.020833333333333332 0.014399509803921568
1 0.8008864379084967 0.7930897671568627 0.017622549019607844 0.011424632352941177
1 0.5929330065359477 0.6806066176470589 0.017565359477124183 0.011948529411764705
1 0.7916666666666666 0.6977634803921569 0.013888888888888888 0.01011029411764706
1 0.9242238562091504 0.6449142156862745 0.01511437908496732 0.009191176470588236
1 0.9072712418300654 0.8540134803921569 0.0196078431372549 0.012561274509803922
1 0.08986928104575163 0.7241115196078431 0.021241830065359478 0.013786764705882353
1 0.7334558823529411 0.8613664215686274 0.024918300653594773 0.016237745098039217
1 0.3290441176470588 0.6723345588235294 0.017565359477124183 0.010723039215686275
1 0.28799019607843135 0.6865808823529411 0.015522875816993464 0.011029411764705883
1 0.15645424836601307 0.8901439950980392 0.022058823529411766 0.015582107843137254
1 0.2173202614379085 0.7904411764705882 0.0196078431372549 0.015318627450980392
1 0.23733660130718953 0.7909007352941176 0.022058823529411766 0.019301470588235295
1 0.2769607843137255 0.7106311274509803 0.01715686274509804 0.01011029411764706
1 0.5678104575163399 0.8543198529411765 0.024509803921568627 0.017463235294117647
1 0.19076797385620914 0.7823223039215687 0.02287581699346405 0.014399509803921568
1 0.8962418300653595 0.8353247549019608 0.0196078431372549 0.014399509803921568
1 0.8584558823529411 0.8466605392156863 0.02165032679738562 0.015625
1 0.4409722222222222 0.8419117647058824 0.023284313725490197 0.014093137254901961
1 0.35866013071895425 0.8579963235294118 0.025326797385620915 0.017463235294117647
1 0.4354575163398693 0.8769914215686274 0.021241830065359478 0.014399509803921568
1 0.8776552287581699 0.6377144607843137 0.015931372549019607 0.010723039215686275
1 0.9217728758169934 0.7140012254901961 0.016748366013071895 0.009497549019607842
1 0.13909313725490197 0.8831188725490197 0.023284313725490197 0.015625
1 0.5475898692810458 0.7613357843137255 0.017565359477124183 0.012867647058823529
1 0.43443627450980393 0.821078431372549 0.017565359477124183 0.012254901960784314
1 0.37030228758169936 0.8645833333333334 0.020833333333333332 0.015931372549019607
1 0.9121732026143791 0.6890318627450981 0.014705882352941176 0.00980392156862745
1 0.840890522875817 0.9508272058823529 0.02165032679738562 0.017463235294117647
1 0.9215686274509803 0.8082107843137255 0.02287581699346405 0.014705882352941176
1 0.7367238562091504 0.7041973039215687 0.01511437908496732 0.01133578431372549
1 0.6721813725490197 0.8785232843137255 0.01838235294117647 0.015012254901960785
1 0.7992238562091504 0.9113051470588235 0.02165032679738562 0.01685049019607843
1 0.5300245098039216 0.7515318627450981 0.02246732026143791 0.016544117647058824
1 0.4638480392156863 0.8028492647058824 0.01838235294117647 0.013174019607843137
1 0.8462009803921569 0.9030330882352942 0.020016339869281044 0.015012254901960785
1 0.8263888888888888 0.6812193627450981 0.01715686274509804 0.01011029411764706
1 0.39705882352941174 0.8956801470588235 0.021241830065359478 0.016237745098039217
1 0.4293300653594771 0.7469362745098039 0.0196078431372549 0.014093137254901961
1 0.5100081699346405 0.8405330882352942 0.020016339869281044 0.015012254901960785
1 0.1198937908496732 0.8558517156862745 0.026552287581699346 0.017463235294117647
1 0.6593729575163398 0.7015716911764706 0.016458333333333332 0.00914828431372549
1 0.8014705882352942 0.7859987745098039 0.0196078431372549 0.016237745098039217
1 0.8654003267973857 0.6731004901960784 0.017565359477124183 0.011642156862745098
1 0.7706290849673203 0.6668198529411765 0.01919934640522876 0.01133578431372549
1 0.3562091503267974 0.8745404411764706 0.02369281045751634 0.016237745098039217
1 0.08251633986928104 0.7522977941176471 0.02369281045751634 0.015625
1 0.5218545751633987 0.8177083333333334 0.01919934640522876 0.013480392156862746
1 0.11294934640522876 0.7270220588235294 0.02165032679738562 0.016544117647058824
1 0.6000816993464052 0.764859068627451 0.02287581699346405 0.014399509803921568
1 0.7250816993464052 0.7722120098039216 0.021241830065359478 0.013786764705882353
1 0.5716911764705882 0.7876838235294118 0.01838235294117647 0.012867647058823529
1 0.9728349673202614 0.6936274509803921 0.01511437908496732 0.010416666666666666
1 0.8417075163398693 0.8423713235294118 0.024918300653594773 0.015012254901960785
1 0.7348856209150327 0.8481924019607843 0.024509803921568627 0.017463235294117647
1 0.3570261437908497 0.7434129901960784 0.017973856209150325 0.011948529411764705
1 0.775531045751634 0.6790747549019608 0.01919934640522876 0.011948529411764705
1 0.40298202614379086 0.7954963235294118 0.02246732026143791 0.015625
1 0.84375 0.8278186274509803 0.02246732026143791 0.015931372549019607
1 0.1656454248366013 0.7224264705882353 0.02165032679738562 0.014093137254901961
1 0.9266748366013072 0.8341207107843138 0.02246732026143791 0.013829656862745099
1 0.764501633986928 0.6994485294117647 0.015931372549019607 0.011029411764705883
1 0.792687908496732 0.860140931372549 0.023284313725490197 0.01685049019607843
1 0.8237336601307189 0.8978247549019608 0.024101307189542485 0.017463235294117647
1 0.8805147058823529 0.8396139705882353 0.020016339869281044 0.014399509803921568
1 0.1403186274509804 0.7366727941176471 0.02165032679738562 0.015012254901960785
1 0.684640522875817 0.7674632352941176 0.024509803921568627 0.015318627450980392
1 0.747140522875817 0.8933823529411765 0.024509803921568627 0.01838235294117647
1 0.44076797385620914 0.9373468137254902 0.027777777777777776 0.020526960784313725
1 0.17790032679738563 0.8875612745098039 0.024918300653594773 0.01838235294117647
1 0.766748366013072 0.8555453431372549 0.024509803921568627 0.018688725490196078
1 0.7896241830065359 0.9319852941176471 0.026143790849673203 0.01838235294117647
1 0.8915441176470589 0.8154105392156863 0.020833333333333332 0.015012254901960785
1 0.6166258169934641 0.9181985294117647 0.028186274509803922 0.020833333333333332
1 0.6629146241830065 0.6979610906862745 0.012920751633986928 0.007441789215686274
