1 0.9530228758169934 0.7621017156862745 0.01715686274509804 0.01133578431372549
1 0.10355392156862746 0.7694546568627451 0.01511437908496732 0.013786764705882353
1 0.11274509803921569 0.7743566176470589 0.013071895424836602 0.013174019607843137
1 0.07005718954248366 0.7772671568627451 0.01919934640522876 0.011642156862745098
1 0.29554738562091504 0.782015931372549 0.01919934640522876 0.012561274509803922
1 0.11274509803921569 0.7844669117647058 0.013071895424836602 0.013174019607843137
1 0.2747140522875817 0.7895220588235294 0.012663398692810458 0.011029411764705883
1 0.35927287581699346 0.8020833333333334 0.020016339869281044 0.011642156862745098
1 0.10457516339869281 0.8046875 0.013888888888888888 0.01133578431372549
1 0.3241421568627451 0.8223039215686274 0.034722222222222224 0.024509803921568627
1 0.07230392156862746 0.8285845588235294 0.018790849673202614 0.014399509803921568
1 0.03901143790849673 0.8360906862745098 0.012663398692810458 0.015318627450980392
1 0.07598039215686274 0.8374693627450981 0.022058823529411766 0.01133578431372549
1 0.08619281045751634 0.8426776960784313 0.02287581699346405 0.01133578431372549
1 0.4131944444444444 0.8587622549019608 0.024918300653594773 0.02144607843137255
1 0.13174019607843138 0.8648897058823529 0.020833333333333332 0.016544117647058824
1 0.07128267973856209 0.8661151960784313 0.03390522875816993 0.02389705882352941
1 0.26776960784313725 0.882046568627451 0.0428921568627451 0.025122549019607844
1 0.05371732026143791 0.8838848039215687 0.03390522875816993 0.025122549019607844
1 0.897671568627451 0.9301470588235294 0.024101307189542485 0.014705882352941176
1 0.02920751633986928 0.9433210784313726 0.04044117647058824 0.028799019607843136
1 0.8696895424836601 0.9499080882352942 0.029411764705882353 0.016237745098039217
1 0.022263071895424837 0.977328431372549 0.039624183006535946 0.023284313725490197
1 0.4493464052287582 0.9917279411764706 0.04084967320261438 0.016544117647058824
