1 0.7089460784313726 0.7143075980392157 0.01511437908496732 0.009497549019607842
1 0.4534313725490196 0.7015931372549019 0.014705882352941176 0.011029411764705883
1 0.6472630718954249 0.7477022058823529 0.024918300653594773 0.01991421568627451
1 0.13316993464052287 0.7034313725490197 0.013888888888888888 0.009191176470588236
1 0.8476307189542484 0.7889093137254902 0.017973856209150325 0.010416666666666666
1 0.11866830065359477 0.7326899509803921 0.01184640522875817 0.007659313725490196
1 0.12888071895424835 0.7118566176470589 0.012663398692810458 0.008272058823529412
1 0.17933006535947713 0.7078737745098039 0.017973856209150325 0.01133578431372549
1 0.49325980392156865 0.7434129901960784 0.024918300653594773 0.017463235294117647
1 0.07945261437908496 0.7712928921568627 0.020833333333333332 0.013786764705882353
1 0.10151143790849673 0.7441789215686274 0.01184640522875817 0.00857843137254902
1 0.7475490196078431 0.8200061274509803 0.018790849673202614 0.011948529411764705
1 0.9948937908496732 0.6692708333333334 0.010212418300653595 0.011948529411764705
1 0.8831699346405228 0.8267463235294118 0.021241830065359478 0.014399509803921568
1 0.3619281045751634 0.8000919117647058 0.022058823529411766 0.015012254901960785
1 0.7714460784313726 0.6950061274509803 0.01511437908496732 0.011948529411764705
1 0.7724673202614379 0.7997855392156863 0.0196078431372549 0.013174019607843137
1 0.8745915032679739 0.7389705882352942 0.013071895424836602 0.00980392156862745
1 0.9948937908496732 0.6905637254901961 0.010212418300653595 0.011642156862745098
1 0.20098039215686275 0.6714154411764706 0.013071895424836602 0.008272058823529412
1 0.7461192810457516 0.7912071078431373 0.016748366013071895 0.011948529411764705
1 0.8243464052287581 0.8206188725490197 0.02287581699346405 0.015625
1 0.20649509803921567 0.7763480392156863 0.01919934640522876 0.012867647058823529
1 0.9103349673202614 0.7846200980392157 0.016748366013071895 0.011029411764705883
1 0.7185457516339869 0.8057598039215687 0.018790849673202614 0.012254901960784314
1 0.1815767973856209 0.7113970588235294 0.01511437908496732 0.009191176470588236
1 0.1576797385620915 0.6922487745098039 0.013071895424836602 0.008884803921568627
1 0.8745915032679739 0.789828431372549 0.02369281045751634 0.013480392156862746
1 0.516952614379085 0.7902879901960784 0.03390522875816993 0.023590686274509803
1 0.04125816993464052 0.6593137254901961 0.015522875816993464 0.010416666666666666
1 0.672998366013072 0.7797181372549019 0.020016339869281044 0.012867647058823529
1 0.17626633986928106 0.8774509803921569 0.02246732026143791 0.013480392156862746
1 0.6456290849673203 0.7536764705882353 0.02246732026143791 0.015931372549019607
1 0.28145424836601307 0.7617953431372549 0.022058823529411766 0.015625
1 0.8731617647058824 0.7679227941176471 0.017565359477124183 0.011948529411764705
1 0.058823529411764705 0.7571997549019608 0.017973856209150325 0.01133578431372549
1 0.7150735294117647 0.8264399509803921 0.023284313725490197 0.015625
1 0.21466503267973855 0.6767769607843137 0.013480392156862746 0.00857843137254902
1 0.8425245098039216 0.8463541666666666 0.020833333333333332 0.017463235294117647
1 0.02062908496732026 0.7444852941176471 0.020016339869281044 0.012867647058823529
1 0.027369281045751634 0.6786151960784313 0.013888888888888888 0.00857843137254902
1 0.247140522875817 0.7113970588235294 0.018790849673202614 0.011029411764705883
1 0.8002450980392157 0.8305759803921569 0.024509803921568627 0.015318627450980392
1 0.011233660130718954 0.6879595588235294 0.014297385620915032 0.01011029411764706
1 0.8986928104575164 0.8259803921568627 0.02287581699346405 0.015318627450980392
1 0.9558823529411765 0.7225796568627451 0.022058823529411766 0.011948529411764705
1 0.7933006535947712 0.7123161764705882 0.02042483660130719 0.013480392156862746
1 0.2434640522875817 0.6770833333333334 0.013888888888888888 0.007965686274509803
1 0.6188725490196079 0.7564338235294118 0.026143790849673203 0.014093137254901961
1 0.17626633986928106 0.7018995098039216 0.016748366013071895 0.010416666666666666
1 0.8243464052287581 0.8484987745098039 0.024509803921568627 0.01991421568627451
1 0.1352124183006536 0.7006740196078431 0.013888888888888888 0.009191176470588236
1 0.826797385620915 0.7801776960784313 0.02042483660130719 0.013174019607843137
1 0.625 0.7840073529411765 0.0196078431372549 0.015931372549019607
1 0.6797385620915033 0.8403799019607843 0.02369281045751634 0.018995098039215685
1 0.8419117647058824 0.9015012254901961 0.03022875816993464 0.022365196078431373
1 0.727328431372549 0.8772977941176471 0.030637254901960783 0.02297794117647059
