1 0.855187908496732 0.7041973039215687 0.01184640522875817 0.008272058823529412
1 0.9714052287581699 0.6643688725490197 0.013888888888888888 0.008884803921568627
1 0.9613970588235294 0.7801776960784313 0.014297385620915032 0.009497549019607842
1 0.8839869281045751 0.7299325980392157 0.013071895424836602 0.008884803921568627
1 0.928921568627451 0.6666666666666666 0.013071895424836602 0.007965686274509803
1 0.8398692810457516 0.7323835784313726 0.013888888888888888 0.01011029411764706
1 0.8285334967320261 0.6885217524509804 0.014093137254901961 0.009396446078431374
1 0.14950980392156862 0.8889399509803921 0.017973856209150325 0.012561274509803922
1 0.8786764705882353 0.8161764705882353 0.018790849673202614 0.014093137254901961
1 0.9883578431372549 0.7837009803921569 0.01838235294117647 0.013480392156862746
1 0.3539624183006536 0.9077818627450981 0.017565359477124183 0.014093137254901961
1 0.9099264705882353 0.8449754901960784 0.024101307189542485 0.01715686274509804
1 0.9358496732026144 0.7145113357843137 0.013856209150326797 0.00867953431372549
