1 0.8772467320261438 0.5934436274509803 0.01184640522875817 0.007965686274509803
1 0.10110294117647059 0.655484068627451 0.01184640522875817 0.008272058823529412
1 0.31576797385620914 0.6262254901960784 0.010620915032679739 0.007352941176470588
1 0.8429330065359477 0.6092218137254902 0.012663398692810458 0.007659313725490196
1 0.8952205882352942 0.5926776960784313 0.011029411764705883 0.007659313725490196
1 0.16441993464052287 0.647671568627451 0.015931372549019607 0.010416666666666666
1 0.8539624183006536 0.5911458333333334 0.01511437908496732 0.008884803921568627
1 0.9266748366013072 0.585171568627451 0.014297385620915032 0.007965686274509803
1 0.3247549019607843 0.6488970588235294 0.012254901960784314 0.009191176470588236
1 0.09722222222222222 0.7012867647058824 0.015522875816993464 0.010416666666666666
1 0.12091503267973856 0.6541053921568627 0.012254901960784314 0.00857843137254902
1 0.3486519607843137 0.6421568627450981 0.014297385620915032 0.009191176470588236
1 0.5645424836601307 0.6220894607843137 0.014705882352941176 0.009497549019607842
1 0.09456699346405228 0.6465992647058824 0.013480392156862746 0.009497549019607842
1 0.29187091503267976 0.6378676470588235 0.012663398692810458 0.007965686274509803
1 0.14440359477124182 0.6283700980392157 0.013480392156862746 0.009191176470588236
1 0.5228758169934641 0.6484375 0.015522875816993464 0.011948529411764705
1 0.9291258169934641 0.6282169117647058 0.014297385620915032 0.008884803921568627
1 0.9029820261437909 0.6337316176470589 0.012663398692810458 0.008272058823529412
1 0.7154820261437909 0.6253063725490197 0.013480392156862746 0.011029411764705883
1 0.9499591503267973 0.6294424019607843 0.014297385620915032 0.008884803921568627
1 0.9579248366013072 0.6118259803921569 0.013888888888888888 0.00857843137254902
1 0.8878676470588235 0.6378676470588235 0.014297385620915032 0.00980392156862745
1 0.012867647058823529 0.7109375 0.016748366013071895 0.01133578431372549
1 0.31086601307189543 0.6473651960784313 0.012254901960784314 0.009191176470588236
1 0.061070261437908495 0.6654411764705882 0.017565359477124183 0.011642156862745098
1 0.1627859477124183 0.7020526960784313 0.016748366013071895 0.01011029411764706
1 0.08946078431372549 0.6317401960784313 0.014705882352941176 0.009191176470588236
1 0.9268790849673203 0.6017156862745098 0.013888888888888888 0.00857843137254902
1 0.5036764705882353 0.6770833333333334 0.015522875816993464 0.011029411764705883
1 0.8837826797385621 0.6144301470588235 0.013480392156862746 0.009497549019607842
1 0.8445669934640523 0.625765931372549 0.01511437908496732 0.010723039215686275
1 0.8773774509803922 0.6083716299019608 0.014558823529411765 0.00779718137254902
1 0.9413807189542484 0.6371017156862745 0.013480392156862746 0.009497549019607842
1 0.14501633986928106 0.6943933823529411 0.015522875816993464 0.010723039215686275
1 0.10886437908496732 0.6387867647058824 0.013480392156862746 0.009191176470588236
1 0.153390522875817 0.6400122549019608 0.01511437908496732 0.00980392156862745
1 0.15461601307189543 0.6643688725490197 0.01511437908496732 0.01011029411764706
1 0.8602941176470589 0.6262254901960784 0.013888888888888888 0.009191176470588236
1 0.11131535947712418 0.6878063725490197 0.015931372549019607 0.011029411764705883
1 0.8819444444444444 0.6528799019607843 0.015522875816993464 0.00980392156862745
1 0.5379901960784313 0.6899509803921569 0.016339869281045753 0.011029411764705883
1 0.6533169934640523 0.6348177083333334 0.012516339869281046 0.007993259803921569
1 0.16952614379084968 0.6285232843137255 0.015522875816993464 0.01011029411764706
1 0.03880718954248366 0.7161458333333334 0.018790849673202614 0.01133578431372549
1 0.7820669934640523 0.6524203431372549 0.01511437908496732 0.010723039215686275
1 0.8402777777777778 0.6306678921568627 0.015522875816993464 0.01011029411764706
1 0.8727532679738562 0.6467524509803921 0.014297385620915032 0.010416666666666666
1 0.6096813725490197 0.7723651960784313 0.020833333333333332 0.013480392156862746
1 0.11213235294117647 0.7123161764705882 0.01838235294117647 0.012254901960784314
1 0.08946078431372549 0.6752450980392157 0.017973856209150325 0.011642156862745098
1 0.21507352941176472 0.7409620098039216 0.024918300653594773 0.01685049019607843
1 0.258374183006536 0.7699142156862745 0.023284313725490197 0.015931372549019607
