1 0.9529330065359478 0.6464292279411765 0.013709150326797386 0.009157475490196078
1 0.8641748366013072 0.7905943627450981 0.01919934640522876 0.012561274509803922
1 0.9616932189542483 0.6469056372549019 0.014072712418300654 0.009497549019607842
1 0.8339460784313726 0.8285845588235294 0.020016339869281044 0.013174019607843137
1 0.840890522875817 0.8091299019607843 0.020016339869281044 0.014705882352941176
1 0.8570261437908496 0.7840073529411765 0.0196078431372549 0.014093137254901961
1 0.12397875816993464 0.8002450980392157 0.01838235294117647 0.012254901960784314
1 0.14583333333333334 0.7944240196078431 0.02042483660130719 0.015318627450980392
1 0.4479166666666667 0.8488051470588235 0.01919934640522876 0.015012254901960785
1 0.8680555555555556 0.8806678921568627 0.022058823529411766 0.016237745098039217
1 0.32107843137254904 0.7807904411764706 0.022058823529411766 0.017463235294117647
