1 0.6858660130718954 0.7293198529411765 0.013071895424836602 0.009497549019607842
1 0.5845588235294118 0.8455882352941176 0.0196078431372549 0.012254901960784314
1 0.6352124183006536 0.7135416666666666 0.018790849673202614 0.012867647058823529
1 0.9859068627450981 0.8693321078431373 0.027369281045751634 0.021752450980392156
1 0.5829248366013072 0.9646139705882353 0.022058823529411766 0.014399509803921568
1 0.681781045751634 0.9004289215686274 0.021241830065359478 0.011642156862745098
1 0.5410539215686274 0.8259803921568627 0.017565359477124183 0.011029411764705883
1 0.2704248366013072 0.8432904411764706 0.01715686274509804 0.01133578431372549
1 0.860702614379085 0.7386642156862745 0.018790849673202614 0.012867647058823529
1 0.3261846405228758 0.8079044117647058 0.01919934640522876 0.012867647058823529
1 0.39950980392156865 0.7250306372549019 0.018790849673202614 0.013174019607843137
1 0.7914624183006536 0.9319852941176471 0.01511437908496732 0.011029411764705883
1 0.5518790849673203 0.8524816176470589 0.016339869281045753 0.010723039215686275
1 0.8333333333333334 0.9358149509803921 0.0196078431372549 0.013174019607843137
1 0.9669117647058824 0.8932291666666666 0.024509803921568627 0.015625
1 0.37173202614379086 0.8207720588235294 0.016339869281045753 0.010416666666666666
1 0.9609885620915033 0.8488051470588235 0.017565359477124183 0.011948529411764705
1 0.6968954248366013 0.8137254901960784 0.014705882352941176 0.010416666666666666
1 0.7912581699346405 0.8828125 0.0196078431372549 0.013174019607843137
1 0.3382352941176471 0.9322916666666666 0.028594771241830064 0.02022058823529412
1 0.6350081699346405 0.8529411764705882 0.01838235294117647 0.013480392156862746
1 0.5657679738562091 0.8967524509803921 0.017973856209150325 0.012254901960784314
1 0.12397875816993464 0.8595281862745098 0.01838235294117647 0.012561274509803922
1 0.3147467320261438 0.7356004901960784 0.020016339869281044 0.012254901960784314
1 0.863562091503268 0.9589460784313726 0.0196078431372549 0.012254901960784314
1 0.7540849673202614 0.8967524509803921 0.014705882352941176 0.011029411764705883
1 0.20383986928104575 0.7385110294117647 0.015522875816993464 0.01011029411764706
1 0.9642565359477124 0.8385416666666666 0.020016339869281044 0.013480392156862746
1 0.8619281045751634 0.8815870098039216 0.022058823529411766 0.012561274509803922
1 0.7267156862745098 0.7406556372549019 0.014705882352941176 0.010723039215686275
1 0.815359477124183 0.8501838235294118 0.016339869281045753 0.011029411764705883
1 0.5667892156862745 0.7760416666666666 0.01838235294117647 0.012254901960784314
1 0.761437908496732 0.8759191176470589 0.017973856209150325 0.012867647058823529
1 0.7040441176470589 0.6810661764705882 0.014297385620915032 0.00980392156862745
1 0.6491013071895425 0.8719362745098039 0.014705882352941176 0.011029411764705883
1 0.7226307189542484 0.6839767156862745 0.014705882352941176 0.009497549019607842
1 0.49897875816993464 0.8520220588235294 0.014297385620915032 0.00980392156862745
1 0.8382352941176471 0.9249387254901961 0.015522875816993464 0.011642156862745098
1 0.7169117647058824 0.9064031862745098 0.018790849673202614 0.012561274509803922
1 0.7792075163398693 0.9911151960784313 0.020833333333333332 0.014093137254901961
1 0.6623774509803921 0.8843443627450981 0.01919934640522876 0.013786764705882353
1 0.6564542483660131 0.7490808823529411 0.01715686274509804 0.012254901960784314
1 0.8715277777777778 0.8682598039215687 0.020016339869281044 0.015318627450980392
1 0.7138480392156863 0.8468137254901961 0.015931372549019607 0.010416666666666666
1 0.7189542483660131 0.8092830882352942 0.021241830065359478 0.011948529411764705
1 0.8660130718954249 0.813265931372549 0.02287581699346405 0.013786764705882353
1 0.11233660130718955 0.8769914215686274 0.016339869281045753 0.01133578431372549
1 0.7085375816993464 0.9197303921568627 0.02165032679738562 0.014093137254901961
1 0.84375 0.6827512254901961 0.01511437908496732 0.008884803921568627
1 0.5968137254901961 0.9030330882352942 0.0196078431372549 0.014399509803921568
1 0.24897875816993464 0.7224264705882353 0.01838235294117647 0.011642156862745098
1 0.27328431372549017 0.8826593137254902 0.017973856209150325 0.013480392156862746
1 0.12397875816993464 0.8181678921568627 0.024101307189542485 0.015012254901960785
1 0.9901960784313726 0.9048713235294118 0.0196078431372549 0.015012254901960785
1 0.2988153594771242 0.8837316176470589 0.020016339869281044 0.015012254901960785
1 0.16789215686274508 0.9316789215686274 0.024509803921568627 0.015318627450980392
1 0.3335375816993464 0.7022058823529411 0.016748366013071895 0.011642156862745098
1 0.43157679738562094 0.9701286764705882 0.020016339869281044 0.014399509803921568
1 0.258374183006536 0.811734068627451 0.024101307189542485 0.017463235294117647
1 0.5422794117647058 0.8420649509803921 0.024101307189542485 0.014399509803921568
1 0.5061274509803921 0.8393075980392157 0.0196078431372549 0.013786764705882353
1 0.8633578431372549 0.6735600490196079 0.014297385620915032 0.01011029411764706
1 0.8997140522875817 0.6695772058823529 0.017565359477124183 0.01011029411764706
1 0.5073529411764706 0.7855392156862745 0.01715686274509804 0.012254901960784314
1 0.9850898692810458 0.8576899509803921 0.02900326797385621 0.01991421568627451
1 0.25183823529411764 0.8687193627450981 0.01919934640522876 0.012561274509803922
1 0.6587009803921569 0.8463541666666666 0.020833333333333332 0.014399509803921568
1 0.2747140522875817 0.897671568627451 0.01838235294117647 0.014705882352941176
1 0.5222630718954249 0.8042279411764706 0.020833333333333332 0.013480392156862746
1 0.983251633986928 0.7893688725490197 0.02042483660130719 0.014399509803921568
1 0.5279820261437909 0.8630514705882353 0.020833333333333332 0.014093137254901961
1 0.9354575163398693 0.8446691176470589 0.024509803921568627 0.014705882352941176
1 0.985498366013072 0.8881740196078431 0.026552287581699346 0.0196078431372549
1 0.9321895424836601 0.7714460784313726 0.022058823529411766 0.014093137254901961
1 0.8459967320261438 0.6982230392156863 0.01715686274509804 0.012867647058823529
1 0.7990196078431373 0.9169730392156863 0.022058823529411766 0.015318627450980392
1 0.8886846405228758 0.9659926470588235 0.02246732026143791 0.015318627450980392
1 0.9225898692810458 0.7014399509803921 0.015931372549019607 0.01011029411764706
1 0.9513888888888888 0.7015931372549019 0.018790849673202614 0.011642156862745098
1 0.30861928104575165 0.7705269607843137 0.01838235294117647 0.012254901960784314
1 0.7291666666666666 0.7610294117647058 0.016339869281045753 0.011642156862745098
1 0.7538807189542484 0.7590379901960784 0.015931372549019607 0.011948529411764705
1 0.872140522875817 0.7106311274509803 0.016339869281045753 0.01133578431372549
1 0.5743464052287581 0.8350183823529411 0.021241830065359478 0.014399509803921568
1 0.8208741830065359 0.875765931372549 0.02246732026143791 0.01685049019607843
1 0.9050245098039216 0.6825980392156863 0.016748366013071895 0.00980392156862745
1 0.3654003267973856 0.7313112745098039 0.020016339869281044 0.014093137254901961
1 0.803921568627451 0.8307291666666666 0.021241830065359478 0.014399509803921568
1 0.7418300653594772 0.7435661764705882 0.017973856209150325 0.012867647058823529
1 0.9007352941176471 0.8697916666666666 0.026143790849673203 0.01838235294117647
1 0.24040032679738563 0.7545955882352942 0.01919934640522876 0.013480392156862746
1 0.8799019607843137 0.9330575980392157 0.024509803921568627 0.018075980392156864
1 0.9722222222222222 0.7964154411764706 0.02287581699346405 0.015625
1 0.5808823529411765 0.9105392156862745 0.02287581699346405 0.018995098039215685
1 0.2749183006535948 0.7922794117647058 0.02042483660130719 0.015318627450980392
1 0.914828431372549 0.9799325980392157 0.030637254901960783 0.02297794117647059
1 0.75 0.9739583333333334 0.032679738562091505 0.025735294117647058
1 0.7226307189542484 0.8754595588235294 0.02369281045751634 0.018688725490196078
1 0.47671568627450983 0.8788296568627451 0.026143790849673203 0.01991421568627451
1 0.3304738562091503 0.9436274509803921 0.026143790849673203 0.01838235294117647
1 0.5367647058823529 0.9829963235294118 0.025326797385620915 0.021139705882352942
1 0.3400735294117647 0.922640931372549 0.028186274509803922 0.021139705882352942
1 0.3876266339869281 0.821078431372549 0.012998366013071895 0.00980392156862745
1 0.631703431372549 0.6858149509803921 0.014223856209150327 0.008884803921568627
1 0.6018872549019608 0.6744791666666666 0.015049019607843139 0.008272058823529412
1 0.9155821078431372 0.6852022058823529 0.010902777777777779 0.0070465686274509805
1 0.9329411764705883 0.702359068627451 0.01130718954248366 0.008884803921568627
