1 0.4285130718954248 0.9613970588235294 0.021241830065359478 0.014705882352941176
1 0.5896139705882353 0.7230775122549019 0.013378267973856208 0.009267769607843137
1 0.5690359477124183 0.8771446078431373 0.015522875816993464 0.010416666666666666
1 0.9783496732026143 0.9505208333333334 0.02287581699346405 0.014399509803921568
1 0.5499632352941176 0.8944546568627451 0.019044117647058822 0.010723039215686275
1 0.8098447712418301 0.9499080882352942 0.02246732026143791 0.015625
1 0.1323529411764706 0.8275122549019608 0.025326797385620915 0.015931372549019607
1 0.673202614379085 0.9137561274509803 0.02287581699346405 0.013786764705882353
1 0.6574754901960784 0.734375 0.01919934640522876 0.013480392156862746
1 0.5834599673202614 0.7135799632352942 0.019044117647058822 0.01171875
1 0.7146650326797386 0.8543198529411765 0.024918300653594773 0.016237745098039217
1 0.5780228758169934 0.8131127450980392 0.02287581699346405 0.015931372549019607
1 0.26776960784313725 0.9255330882352941 0.024101307189542485 0.017732843137254903
1 0.8685661764705882 0.8556219362745098 0.0247140522875817 0.015778186274509803
1 0.7062908496732027 0.7219669117647058 0.022058823529411766 0.015625
1 0.50921772875817 0.7241115196078431 0.019252450980392157 0.014399509803921568
1 0.05767565359477124 0.8652925857843138 0.023031045751633988 0.01734987745098039
1 0.7428513071895425 0.7944240196078431 0.026552287581699346 0.017769607843137254
1 0.8706086601307189 0.8455300245098039 0.0247140522875817 0.01520220588235294
