1 0.1012704248366013 0.46982230392156865 0.016266339869281044 0.01011029411764706
1 0.08946078431372549 0.46706495098039214 0.018790849673202614 0.01133578431372549
1 0.03165849673202614 0.5661764705882353 0.026552287581699346 0.02022058823529412
1 0.9262663398692811 0.766390931372549 0.04125816993464052 0.024816176470588234
1 0.8378267973856209 0.5035232843137255 0.021241830065359478 0.015012254901960785
1 0.6776960784313726 0.522671568627451 0.0196078431372549 0.012867647058823529
1 0.3974673202614379 0.7306985294117647 0.04084967320261438 0.02696078431372549
1 0.05494281045751634 0.6654411764705882 0.039624183006535946 0.025735294117647058
1 0.6652369281045751 0.5925245098039216 0.030637254901960783 0.020833333333333332
1 0.14052287581699346 0.7313112745098039 0.04738562091503268 0.030637254901960783
1 0.3014705882352941 0.7555147058823529 0.0457516339869281 0.03125
1 0.11866830065359477 0.6521139705882353 0.0363562091503268 0.024816176470588234
1 0.8306781045751634 0.7369791666666666 0.04044117647058824 0.03155637254901961
1 0.1434313725490196 0.4739031862745098 0.01888888888888889 0.010306372549019609
1 0.3424203431372549 0.47434895833333335 0.013272058823529413 0.007521446078431373
1 0.7788459967320261 0.47688265931372553 0.018476307189542483 0.008912377450980393
