1 0.870390114379085 0.6352144607843138 0.010388071895424837 0.00633578431372549
1 0.8642279411764706 0.6336749387254902 0.010318627450980392 0.005707720588235294
1 0.8063725490196079 0.6688112745098039 0.012254901960784314 0.007965686274509803
1 0.46977124183006536 0.6337316176470589 0.010620915032679739 0.0070465686274509805
1 0.6785130718954249 0.7333026960784313 0.016339869281045753 0.01133578431372549
1 0.20431372549019608 0.6444301470588235 0.010751633986928105 0.007610294117647059
1 0.4583333333333333 0.6331188725490197 0.011437908496732025 0.007659313725490196
1 0.4963235294117647 0.6897977941176471 0.013888888888888888 0.009497549019607842
1 0.35641339869281047 0.7818627450980392 0.014297385620915032 0.00980392156862745
1 0.7032271241830066 0.7189031862745098 0.01511437908496732 0.01133578431372549
1 0.8758169934640523 0.6374800857843138 0.012254901960784314 0.00657781862745098
1 0.4470996732026144 0.6547181372549019 0.016748366013071895 0.010416666666666666
1 0.8858251633986928 0.6306678921568627 0.014297385620915032 0.01011029411764706
1 0.2193627450980392 0.6842830882352942 0.014705882352941176 0.01011029411764706
1 0.6921977124183006 0.6787683823529411 0.01511437908496732 0.009497549019607842
1 0.30494281045751637 0.6620710784313726 0.014297385620915032 0.00980392156862745
1 0.207312091503268 0.7054227941176471 0.012663398692810458 0.008884803921568627
1 0.06576797385620915 0.7365196078431373 0.01715686274509804 0.011642156862745098
1 0.7189542483660131 0.7198223039215687 0.016339869281045753 0.012561274509803922
1 0.9264705882352942 0.7118566176470589 0.01715686274509804 0.011948529411764705
1 0.8651960784313726 0.6908700980392157 0.016339869281045753 0.011642156862745098
1 0.049223856209150325 0.7838541666666666 0.026552287581699346 0.01685049019607843
