1 0.5551470588235294 0.6919424019607843 0.02369281045751634 0.015625
1 0.6981209150326797 0.6887254901960784 0.018790849673202614 0.012254901960784314
1 0.7448937908496732 0.41360294117647056 0.014297385620915032 0.00857843137254902
1 0.6854575163398693 0.42356004901960786 0.012254901960784314 0.008272058823529412
1 0.7387663398692811 0.41712622549019607 0.012663398692810458 0.008884803921568627
1 0.8319035947712419 0.5263480392156863 0.015931372549019607 0.00980392156862745
1 0.41625816993464054 0.3961397058823529 0.013071895424836602 0.009191176470588236
1 0.35314542483660133 0.5238970588235294 0.014297385620915032 0.010416666666666666
1 0.6158088235294118 0.40517769607843135 0.01184640522875817 0.008272058823529412
1 0.8598856209150327 0.3642769607843137 0.016339869281045753 0.00980392156862745
1 0.315359477124183 0.48483455882352944 0.014705882352941176 0.01133578431372549
1 0.8378615196078432 0.40872702205882355 0.013141339869281047 0.008630514705882353
1 0.7773692810457516 0.40042892156862747 0.013071895424836602 0.00857843137254902
1 0.9464869281045751 0.4722732843137255 0.01715686274509804 0.01133578431372549
1 0.6627859477124183 0.44669117647058826 0.014297385620915032 0.00980392156862745
1 0.7769607843137255 0.4114583333333333 0.013071895424836602 0.00857843137254902
1 0.5784313725490197 0.3943014705882353 0.013071895424836602 0.00857843137254902
1 0.6041666666666666 0.5061274509803921 0.012254901960784314 0.009191176470588236
1 0.5849673202614379 0.41390931372549017 0.011437908496732025 0.007965686274509803
1 0.7577614379084967 0.42723651960784315 0.013071895424836602 0.008272058823529412
1 0.5772058823529411 0.44485294117647056 0.013071895424836602 0.00857843137254902
1 0.3278186274509804 0.41881127450980393 0.016748366013071895 0.011642156862745098
1 0.7103758169934641 0.45925245098039214 0.013071895424836602 0.009191176470588236
1 0.9891748366013072 0.5458026960784313 0.01919934640522876 0.013174019607843137
1 0.5561683006535948 0.4149816176470588 0.017565359477124183 0.013786764705882353
1 0.7281454248366013 0.5490196078431373 0.016748366013071895 0.011029411764705883
1 0.6558415032679739 0.4499080882352941 0.01184640522875817 0.008272058823529412
1 0.6358251633986928 0.49693627450980393 0.014297385620915032 0.011029411764705883
1 0.7593954248366013 0.5314031862745098 0.014705882352941176 0.009497549019607842
1 0.8118872549019608 0.38357843137254904 0.01511437908496732 0.00980392156862745
1 0.6345996732026143 0.5670955882352942 0.015931372549019607 0.011642156862745098
1 0.8180147058823529 0.4250919117647059 0.015931372549019607 0.010723039215686275
1 0.4556781045751634 0.40088848039215685 0.01511437908496732 0.01011029411764706
1 0.6370506535947712 0.40793504901960786 0.012663398692810458 0.008272058823529412
1 0.7346813725490197 0.5307904411764706 0.016748366013071895 0.01133578431372549
1 0.8061683006535948 0.3944546568627451 0.013480392156862746 0.008884803921568627
1 0.7438725490196079 0.6009497549019608 0.01715686274509804 0.01133578431372549
1 0.5110294117647058 0.4209558823529412 0.013071895424836602 0.009191176470588236
1 0.6754493464052288 0.4074754901960784 0.01184640522875817 0.00857843137254902
1 0.4266748366013072 0.4241727941176471 0.013480392156862746 0.01011029411764706
1 0.6556372549019608 0.5623468137254902 0.015522875816993464 0.010723039215686275
1 0.37969771241830064 0.4019607843137255 0.020833333333333332 0.014705882352941176
1 0.4332107843137255 0.3990502450980392 0.015931372549019607 0.010723039215686275
1 0.6378676470588235 0.44424019607843135 0.012663398692810458 0.00857843137254902
1 0.71875 0.4446997549019608 0.013480392156862746 0.009497549019607842
1 0.3500816993464052 0.4958639705882353 0.014705882352941176 0.01133578431372549
1 0.7275326797385621 0.41911764705882354 0.013888888888888888 0.00857843137254902
1 0.2930964052287582 0.44424019607843135 0.017565359477124183 0.015318627450980392
1 0.5112336601307189 0.4814644607843137 0.014297385620915032 0.009497549019607842
1 0.2696078431372549 0.4681372549019608 0.015522875816993464 0.011029411764705883
1 0.5322712418300654 0.43826593137254904 0.012254901960784314 0.009497549019607842
1 0.7283496732026143 0.5341605392156863 0.01715686274509804 0.011948529411764705
1 0.7912581699346405 0.4566482843137255 0.014705882352941176 0.009497549019607842
1 0.7765522875816994 0.5292585784313726 0.015522875816993464 0.01133578431372549
1 0.5087826797385621 0.4404105392156863 0.013480392156862746 0.009497549019607842
1 0.7863562091503268 0.5099571078431373 0.015522875816993464 0.011948529411764705
1 0.6215277777777778 0.5084252450980392 0.020833333333333332 0.013786764705882353
1 0.3680555555555556 0.4802389705882353 0.015522875816993464 0.010723039215686275
1 0.6997549019607843 0.5254289215686274 0.0196078431372549 0.012867647058823529
1 0.465890522875817 0.4195772058823529 0.01919934640522876 0.013174019607843137
1 0.5565767973856209 0.4820772058823529 0.014297385620915032 0.008884803921568627
1 0.6156045751633987 0.5874693627450981 0.02042483660130719 0.014399509803921568
1 0.6111111111111112 0.569546568627451 0.021241830065359478 0.014093137254901961
1 0.22630718954248366 0.42325367647058826 0.0196078431372549 0.013786764705882353
1 0.7575571895424836 0.5065870098039216 0.016748366013071895 0.010723039215686275
1 0.6423611111111112 0.5487132352941176 0.01838235294117647 0.014093137254901961
1 0.5208333333333334 0.4609375 0.013888888888888888 0.01011029411764706
1 0.6664624183006536 0.5078125 0.016748366013071895 0.01133578431372549
1 0.2704248366013072 0.5189950980392157 0.01715686274509804 0.012254901960784314
1 0.7316176470588235 0.5958946078431373 0.016339869281045753 0.011642156862745098
1 0.6811683006535948 0.5180759803921569 0.016748366013071895 0.011642156862745098
1 0.7342728758169934 0.5056678921568627 0.016748366013071895 0.011948529411764705
1 0.6233660130718954 0.6936274509803921 0.021241830065359478 0.016544117647058824
1 0.17524509803921567 0.5935968137254902 0.02287581699346405 0.015012254901960785
1 0.7749183006535948 0.47579656862745096 0.017973856209150325 0.012254901960784314
1 0.6045751633986928 0.6894914215686274 0.02287581699346405 0.01685049019607843
1 0.46548202614379086 0.6361825980392157 0.020016339869281044 0.014399509803921568
1 0.4644607843137255 0.47120098039215685 0.02042483660130719 0.014705882352941176
1 0.525531045751634 0.5433517156862745 0.020016339869281044 0.015012254901960785
1 0.3180147058823529 0.6400122549019608 0.023284313725490197 0.01715686274509804
1 0.4597630718954248 0.6024816176470589 0.02165032679738562 0.016237745098039217
1 0.7475531045751634 0.5348498774509803 0.0147140522875817 0.008425245098039215
1 0.7992463235294118 0.5408501838235295 0.01352532679738562 0.008170955882352941
