1 0.19526143790849673 0.9856004901960784 0.02042483660130719 0.014093137254901961
1 0.15849673202614378 0.928921568627451 0.02287581699346405 0.014093137254901961
1 0.9201388888888888 0.8509497549019608 0.026552287581699346 0.01685049019607843
1 0.2113970588235294 0.8609068627450981 0.020016339869281044 0.015318627450980392
1 0.19219771241830066 0.8699448529411765 0.020833333333333332 0.013174019607843137
1 0.4783496732026144 0.7815563725490197 0.024509803921568627 0.015931372549019607
1 0.7011846405228758 0.7715992647058824 0.024918300653594773 0.018688725490196078
1 0.47467320261437906 0.8322610294117647 0.02042483660130719 0.014399509803921568
1 0.5116421568627451 0.9260110294117647 0.024101307189542485 0.018688725490196078
1 0.0951797385620915 0.914828431372549 0.03022875816993464 0.02144607843137255
1 0.8794934640522876 0.8527879901960784 0.02287581699346405 0.018688725490196078
1 0.24979575163398693 0.7480085784313726 0.025735294117647058 0.018688725490196078
1 0.4319852941176471 0.8043811274509803 0.02165032679738562 0.014399509803921568
1 0.4526143790849673 0.7549019607843137 0.02042483660130719 0.015931372549019607
1 0.5112336601307189 0.7452512254901961 0.02165032679738562 0.016237745098039217
1 0.471609477124183 0.7536764705882353 0.020833333333333332 0.016544117647058824
1 0.14133986928104575 0.8916973039215687 0.026143790849673203 0.01991421568627451
