1 0.04219362745098039 0.5277098651960784 0.027197712418300653 0.018042279411764707
1 0.3406311274509804 0.4671155024509804 0.02031454248366013 0.013275122549019608
1 0.37126429738562094 0.38299938725490196 0.01622140522875817 0.012935049019607842
1 0.4012173202614379 0.41503216911764707 0.018937908496732027 0.013275122549019608
1 0.4490951797385621 0.8242447916666666 0.05750408496732026 0.03268075980392157
1 0.0754125816993464 0.8475628063725491 0.04625 0.02723345588235294
1 0.8631004901960784 0.828704044117647 0.044828431372549014 0.026893382352941177
1 0.9233680555555557 0.6743933823529411 0.028925653594771242 0.019742647058823528
1 0.7075735294117648 0.6578155637254902 0.0344281045751634 0.0190625
1 0.6960028594771243 0.39808057598039215 0.01945669934640523 0.014298406862745099
1 0.6358700980392157 0.38596200980392154 0.017655228758169935 0.010894607843137255
1 0.7413643790849673 0.3811948529411765 0.018676470588235294 0.010551470588235294
1 0.5657536764705882 0.3815012254901961 0.02039624183006536 0.010551470588235294
