1 0.05616830065359477 0.6920955882352942 0.011029411764705883 0.007352941176470588
1 0.9354575163398693 0.7769607843137255 0.02369281045751634 0.014093137254901961
1 0.2479575163398693 0.6544117647058824 0.013888888888888888 0.009191176470588236
1 0.0821078431372549 0.6969975490196079 0.013071895424836602 0.00857843137254902
1 0.32169117647058826 0.7057291666666666 0.013480392156862746 0.01011029411764706
1 0.616421568627451 0.7787990196078431 0.02042483660130719 0.013480392156862746
1 0.17994281045751634 0.6999080882352942 0.01184640522875817 0.008272058823529412
1 0.47058823529411764 0.9433210784313726 0.018790849673202614 0.013480392156862746
1 0.1934232026143791 0.7256433823529411 0.015931372549019607 0.008884803921568627
1 0.1227532679738562 0.6847426470588235 0.01184640522875817 0.00857843137254902
1 0.016952614379084966 0.7199754901960784 0.014297385620915032 0.00857843137254902
1 0.1002859477124183 0.7297794117647058 0.01511437908496732 0.00857843137254902
1 0.1409313725490196 0.7061887254901961 0.011437908496732025 0.00857843137254902
1 0.0843545751633987 0.727328431372549 0.012663398692810458 0.00857843137254902
1 0.12316176470588236 0.7400428921568627 0.013480392156862746 0.008272058823529412
1 0.3547794117647059 0.7925857843137255 0.01511437908496732 0.011029411764705883
1 0.04779411764705882 0.7466299019607843 0.014705882352941176 0.010416666666666666
1 0.9705882352941176 0.8642769607843137 0.027777777777777776 0.01715686274509804
1 0.7250816993464052 0.9685968137254902 0.03104575163398693 0.01991421568627451
1 0.3022875816993464 0.8103553921568627 0.014705882352941176 0.011642156862745098
1 0.04370915032679738 0.7705269607843137 0.022058823529411766 0.012254901960784314
1 0.9080882352941176 0.7732843137254902 0.025326797385620915 0.017769607843137254
1 0.19934640522875818 0.7919730392156863 0.018790849673202614 0.014093137254901961
1 0.4889705882352941 0.914828431372549 0.02369281045751634 0.023284313725490197
1 0.44138071895424835 0.9564950980392157 0.025735294117647058 0.02022058823529412
1 0.7497875816993465 0.7294944852941176 0.015098039215686275 0.009846813725490197
