1 0.05044934640522876 0.6410845588235294 0.00857843137254902 0.005821078431372549
1 0.046772875816993464 0.6482843137254902 0.010212418300653595 0.006127450980392157
1 0.028799019607843136 0.6551776960784313 0.016748366013071895 0.008272058823529412
1 0.04718137254901961 0.6560968137254902 0.010212418300653595 0.006433823529411764
1 0.06597222222222222 0.6580882352941176 0.014297385620915032 0.00428921568627451
1 0.03227124183006536 0.6709558823529411 0.01715686274509804 0.00857843137254902
1 0.03002450980392157 0.6996017156862745 0.01511437908496732 0.007659313725490196
1 0.7569444444444444 0.7291666666666666 0.0196078431372549 0.014093137254901961
1 0.23529411764705882 0.7371323529411765 0.02042483660130719 0.013480392156862746
1 0.1358251633986928 0.7458639705882353 0.020833333333333332 0.018075980392156864
1 0.21915849673202614 0.7506127450980392 0.024101307189542485 0.009191176470588236
1 0.06270424836601307 0.7538296568627451 0.020833333333333332 0.013174019607843137
1 0.30637254901960786 0.7549019607843137 0.029411764705882353 0.02144607843137255
1 0.247140522875817 0.7565870098039216 0.024509803921568627 0.011948529411764705
1 0.3792892156862745 0.7677696078431373 0.024918300653594773 0.020833333333333332
1 0.3508986928104575 0.7683823529411765 0.02042483660130719 0.014093137254901961
1 0.20710784313725492 0.7703737745098039 0.0196078431372549 0.01011029411764706
1 0.3312908496732026 0.7709865196078431 0.025326797385620915 0.011948529411764705
1 0.8525326797385621 0.7725183823529411 0.02369281045751634 0.015625
1 0.16523692810457516 0.7833946078431373 0.027369281045751634 0.009191176470588236
1 0.8531454248366013 0.7859987745098039 0.02246732026143791 0.014399509803921568
1 0.9285130718954249 0.7876838235294118 0.024509803921568627 0.013480392156862746
1 0.4987745098039216 0.7910539215686274 0.0196078431372549 0.014705882352941176
1 0.3709150326797386 0.7951899509803921 0.025326797385620915 0.014399509803921568
1 0.20383986928104575 0.7988664215686274 0.018790849673202614 0.014399509803921568
1 0.4446486928104575 0.8057598039215687 0.026552287581699346 0.017769607843137254
1 0.16115196078431374 0.8141850490196079 0.01838235294117647 0.010723039215686275
1 0.18341503267973855 0.8238357843137255 0.025326797385620915 0.012254901960784314
1 0.0988562091503268 0.8252144607843137 0.02369281045751634 0.015012254901960785
1 0.46343954248366015 0.8316482843137255 0.013480392156862746 0.013174019607843137
1 0.4660947712418301 0.8379289215686274 0.01715686274509804 0.015318627450980392
1 0.49264705882352944 0.8383884803921569 0.0196078431372549 0.010723039215686275
1 0.8308823529411765 0.8396139705882353 0.02042483660130719 0.01133578431372549
1 0.9438316993464052 0.8412990196078431 0.020833333333333332 0.013480392156862746
1 0.2806372549019608 0.8417585784313726 0.022058823529411766 0.01133578431372549
1 0.4679330065359477 0.850796568627451 0.02165032679738562 0.009191176470588236
1 0.6260212418300654 0.8530943627450981 0.03308823529411765 0.02297794117647059
1 0.14665032679738563 0.8685661764705882 0.025326797385620915 0.013480392156862746
