1 0.775531045751634 0.7418811274509803 0.012663398692810458 0.008884803921568627
1 0.5290032679738562 0.7628676470588235 0.015522875816993464 0.009191176470588236
1 0.8911356209150327 0.6187193627450981 0.012663398692810458 0.008272058823529412
1 0.31086601307189543 0.764859068627451 0.021241830065359478 0.015625
1 0.6907679738562091 0.7420343137254902 0.016339869281045753 0.011029411764705883
1 0.8498774509803921 0.5825674019607843 0.013480392156862746 0.007659313725490196
1 0.7886029411764706 0.7447916666666666 0.013480392156862746 0.00980392156862745
1 0.9720179738562091 0.6061580882352942 0.014297385620915032 0.009497549019607842
1 0.5627042483660131 0.7567401960784313 0.01919934640522876 0.011642156862745098
1 0.9321895424836601 0.6167279411764706 0.013071895424836602 0.00857843137254902
1 0.8966503267973857 0.8272058823529411 0.022058823529411766 0.015318627450980392
1 0.8361928104575164 0.7265625 0.016339869281045753 0.01011029411764706
1 0.46772875816993464 0.8255208333333334 0.02287581699346405 0.016237745098039217
1 0.3145424836601307 0.7715992647058824 0.022058823529411766 0.014399509803921568
1 0.6727941176470589 0.7772671568627451 0.02287581699346405 0.014705882352941176
1 0.9342320261437909 0.6741727941176471 0.013071895424836602 0.009497549019607842
1 0.9948937908496732 0.7089460784313726 0.010212418300653595 0.014705882352941176
1 0.6154003267973857 0.7956495098039216 0.020016339869281044 0.013480392156862746
1 0.3008578431372549 0.7421875 0.01919934640522876 0.013786764705882353
1 0.8190359477124183 0.7029718137254902 0.017973856209150325 0.01133578431372549
1 0.04513888888888889 0.7225796568627451 0.020833333333333332 0.01133578431372549
1 0.8227124183006536 0.7268688725490197 0.015522875816993464 0.010723039215686275
1 0.8933823529411765 0.6395526960784313 0.015522875816993464 0.010723039215686275
1 0.014297385620915032 0.7040441176470589 0.017973856209150325 0.011029411764705883
1 0.34824346405228757 0.7991727941176471 0.020016339869281044 0.015012254901960785
1 0.823937908496732 0.8000919117647058 0.017973856209150325 0.013174019607843137
1 0.8794934640522876 0.7305453431372549 0.0196078431372549 0.014399509803921568
1 0.644812091503268 0.7737438725490197 0.025735294117647058 0.016237745098039217
1 0.8627450980392157 0.6505821078431373 0.02042483660130719 0.014399509803921568
1 0.7032271241830066 0.8158700980392157 0.02246732026143791 0.01715686274509804
1 0.43709150326797386 0.7935049019607843 0.027777777777777776 0.020833333333333332
