1 0.5598447712418301 0.5317095588235294 0.024918300653594773 0.015012254901960785
1 0.5812908496732027 0.6461397058823529 0.024509803921568627 0.015318627450980392
1 0.3658353758169935 0.4525888480392157 0.013533496732026145 0.009344362745098039
1 0.32965686274509803 0.46338848039215685 0.018790849673202614 0.01011029411764706
1 0.3684640522875817 0.4643075980392157 0.01715686274509804 0.010723039215686275
1 0.7193627450980392 0.6537990196078431 0.02696078431372549 0.0196078431372549
1 0.1227532679738562 0.49417892156862747 0.020016339869281044 0.012254901960784314
1 0.7393790849673203 0.6058517156862745 0.032679738562091505 0.022365196078431373
1 0.702001633986928 0.6655943627450981 0.03880718954248366 0.030943627450980393
1 0.7685866013071896 0.5963541666666666 0.0298202614379085 0.01991421568627451
1 0.6683006535947712 0.6761642156862745 0.03758169934640523 0.02696078431372549
1 0.8993055555555556 0.6527267156862745 0.039624183006535946 0.024816176470588234
1 0.37749183006535947 0.4548483455882353 0.011519607843137254 0.006510416666666667
