1 0.4752859477124183 0.7849264705882353 0.01838235294117647 0.012254901960784314
1 0.5615073529411765 0.7830438112745098 0.015988562091503268 0.009715073529411766
1 0.8169934640522876 0.6443014705882353 0.013071895424836602 0.009191176470588236
1 0.09803921568627451 0.6825980392156863 0.014705882352941176 0.010416666666666666
1 0.5049019607843137 0.7601102941176471 0.0196078431372549 0.011642156862745098
1 0.20036764705882354 0.6374080882352942 0.01511437908496732 0.008272058823529412
1 0.09675653594771243 0.6437331495098039 0.012140522875816993 0.007441789215686274
1 0.41830065359477125 0.7323835784313726 0.013888888888888888 0.01011029411764706
1 0.577001633986928 0.7800245098039216 0.014297385620915032 0.009191176470588236
1 0.11151960784313726 0.9074754901960784 0.02369281045751634 0.014705882352941176
1 0.8637663398692811 0.6689644607843137 0.015931372549019607 0.008884803921568627
1 0.24393586601307188 0.6797702205882353 0.013198529411764706 0.007212009803921568
1 0.6881127450980392 0.7902006740196079 0.02246732026143791 0.01606311274509804
1 0.9536356209150327 0.7331495098039216 0.015931372549019607 0.00980392156862745
1 0.8455882352941176 0.6366421568627451 0.013071895424836602 0.00857843137254902
1 0.13909313725490197 0.6963848039215687 0.014297385620915032 0.00980392156862745
1 0.37459150326797386 0.7250306372549019 0.015522875816993464 0.010723039215686275
1 0.1875 0.6349571078431373 0.013071895424836602 0.009497549019607842
1 0.5784313725490197 0.7621017156862745 0.015522875816993464 0.010723039215686275
1 0.400531045751634 0.7461703431372549 0.014297385620915032 0.010723039215686275
1 0.511437908496732 0.7922794117647058 0.017973856209150325 0.012254901960784314
1 0.9444444444444444 0.6292892156862745 0.014705882352941176 0.009191176470588236
1 0.8069852941176471 0.6806066176470589 0.014297385620915032 0.009497549019607842
1 0.024305555555555556 0.8541666666666666 0.01838235294117647 0.015931372549019607
1 0.5835375816993464 0.7253370098039216 0.016748366013071895 0.01133578431372549
1 0.9238153594771242 0.7166053921568627 0.015931372549019607 0.012254901960784314
1 0.8059640522875817 0.663296568627451 0.013071895424836602 0.009191176470588236
1 0.8425245098039216 0.6642156862745098 0.014297385620915032 0.009191176470588236
1 0.49407679738562094 0.7869178921568627 0.020016339869281044 0.011948529411764705
1 0.010212418300653595 0.6686580882352942 0.016339869281045753 0.01133578431372549
1 0.125 0.7141544117647058 0.01715686274509804 0.012254901960784314
1 0.9183006535947712 0.8394607843137255 0.018790849673202614 0.011029411764705883
1 0.4229983660130719 0.7996323529411765 0.017565359477124183 0.011642156862745098
1 0.4082924836601307 0.7037377450980392 0.01511437908496732 0.011029411764705883
1 0.5171568627450981 0.7971813725490197 0.018790849673202614 0.011642156862745098
1 0.27755718954248365 0.6868167892156862 0.013447712418300655 0.0084375
1 0.9820261437908496 0.7380514705882353 0.01715686274509804 0.010416666666666666
1 0.8627450980392157 0.6858149509803921 0.021241830065359478 0.013174019607843137
1 0.9221813725490197 0.8314950980392157 0.017565359477124183 0.012254901960784314
1 0.0053104575163398695 0.9128370098039216 0.010620915032679739 0.021752450980392156
1 0.7655228758169934 0.7310049019607843 0.018790849673202614 0.013480392156862746
1 0.8186274509803921 0.6351102941176471 0.013071895424836602 0.009191176470588236
1 0.9642565359477124 0.6822916666666666 0.016748366013071895 0.00980392156862745
1 0.9515931372549019 0.7213541666666666 0.015931372549019607 0.010723039215686275
1 0.19158496732026145 0.7290134803921569 0.0196078431372549 0.013786764705882353
1 0.16176470588235295 0.6809129901960784 0.013888888888888888 0.009497549019607842
1 0.13786764705882354 0.6426164215686274 0.014297385620915032 0.008884803921568627
1 0.2167075163398693 0.7719056372549019 0.01511437908496732 0.01133578431372549
1 0.6350081699346405 0.9419424019607843 0.025735294117647058 0.019301470588235295
1 0.9383169934640523 0.7159926470588235 0.017973856209150325 0.013480392156862746
1 0.8515114379084967 0.6787683823529411 0.016748366013071895 0.01011029411764706
1 0.9050245098039216 0.8322610294117647 0.020016339869281044 0.015012254901960785
1 0.5316584967320261 0.7408088235294118 0.020016339869281044 0.014093137254901961
1 0.2834967320261438 0.6966911764705882 0.015522875816993464 0.010416666666666666
1 0.5055147058823529 0.7477022058823529 0.017565359477124183 0.011948529411764705
1 0.3960375816993464 0.7149203431372549 0.016748366013071895 0.01133578431372549
1 0.14215686274509803 0.7138480392156863 0.017973856209150325 0.012254901960784314
1 0.8623366013071896 0.7666973039215687 0.021241830065359478 0.015625
