1 0.9936683006535948 0.5834865196078431 0.012663398692810458 0.01011029411764706
1 0.10212418300653595 0.5975796568627451 0.010620915032679739 0.0070465686274509805
1 0.1301062091503268 0.678921568627451 0.011029411764705883 0.007352941176470588
1 0.2636846405228758 0.6516544117647058 0.01184640522875817 0.007965686274509803
1 0.1198937908496732 0.6282169117647058 0.011029411764705883 0.0070465686274509805
1 0.32046568627450983 0.6375612745098039 0.012663398692810458 0.00857843137254902
1 0.06597222222222222 0.6014093137254902 0.011029411764705883 0.006740196078431373
1 0.7218137254901961 0.6916360294117647 0.013071895424836602 0.008884803921568627
1 0.9463500816993464 0.6346767769607843 0.012798202614379084 0.00771139705882353
1 0.8049428104575164 0.6634497549019608 0.014297385620915032 0.008272058823529412
1 0.985498366013072 0.6228553921568627 0.013480392156862746 0.009191176470588236
1 0.23246732026143793 0.7478814338235295 0.018856209150326795 0.012306985294117648
1 0.7843137254901961 0.6539522058823529 0.010620915032679739 0.0070465686274509805
1 0.020833333333333332 0.6852022058823529 0.015522875816993464 0.009497549019607842
1 0.1605044934640523 0.5893841911764706 0.010551470588235294 0.006587009803921569
1 0.04370915032679738 0.5966605392156863 0.012254901960784314 0.007659313725490196
1 0.30575980392156865 0.6924019607843137 0.012663398692810458 0.00857843137254902
1 0.004697712418300653 0.6193321078431373 0.009395424836601307 0.008884803921568627
1 0.2866625816993464 0.7199754901960784 0.01613562091503268 0.010416666666666666
1 0.951797385620915 0.6416973039215687 0.016339869281045753 0.009497549019607842
1 0.5982434640522876 0.6516544117647058 0.01511437908496732 0.00980392156862745
1 0.21742238562091504 0.7456081495098039 0.018995098039215685 0.012049632352941176
1 0.8850081699346405 0.6580882352941176 0.014297385620915032 0.009191176470588236
1 0.988562091503268 0.6887254901960784 0.017973856209150325 0.012254901960784314
1 0.5471813725490197 0.7294730392156863 0.014297385620915032 0.00980392156862745
1 0.2696078431372549 0.6361825980392157 0.011437908496732025 0.008884803921568627
1 0.06372549019607843 0.6749387254901961 0.011437908496732025 0.00857843137254902
1 0.977328431372549 0.7495404411764706 0.01838235294117647 0.011948529411764705
1 0.8850755718954249 0.6272472426470589 0.016066176470588233 0.009396446078431374
1 0.9456699346405228 0.6518075980392157 0.014705882352941176 0.009497549019607842
1 0.09191176470588236 0.5960477941176471 0.012254901960784314 0.0070465686274509805
1 0.9452614379084967 0.617953431372549 0.013071895424836602 0.00857843137254902
1 0.13419117647058823 0.6948529411764706 0.01511437908496732 0.009191176470588236
1 0.03880718954248366 0.6472120098039216 0.016339869281045753 0.009497549019607842
1 0.957312091503268 0.5922181372549019 0.01511437908496732 0.00857843137254902
1 0.9803921568627451 0.5966605392156863 0.013071895424836602 0.008272058823529412
1 0.02062908496732026 0.6210171568627451 0.012663398692810458 0.00857843137254902
1 0.4284109477124183 0.6189751838235295 0.012867647058823529 0.009396446078431374
1 0.01184640522875817 0.6948023897058824 0.01715686274509804 0.011541053921568628
1 0.19669117647058823 0.7103247549019608 0.013480392156862746 0.010723039215686275
1 0.1417483660130719 0.7084865196078431 0.016339869281045753 0.010723039215686275
1 0.9017565359477124 0.6165747549019608 0.013480392156862746 0.009497549019607842
1 0.020833333333333332 0.6994485294117647 0.016339869281045753 0.010416666666666666
1 0.9599673202614379 0.6204044117647058 0.013071895424836602 0.00857843137254902
1 0.13786764705882354 0.6112132352941176 0.013480392156862746 0.00857843137254902
1 0.4323937908496732 0.7590379901960784 0.015931372549019607 0.01133578431372549
1 0.17892156862745098 0.7365196078431373 0.016339869281045753 0.010416666666666666
1 0.9440359477124183 0.5957414215686274 0.014705882352941176 0.008272058823529412
1 0.09558823529411764 0.6159620098039216 0.013071895424836602 0.008884803921568627
1 0.8694852941176471 0.6112132352941176 0.013480392156862746 0.009191176470588236
1 0.8901143790849673 0.6182598039215687 0.013071895424836602 0.00857843137254902
1 0.1750408496732026 0.6473651960784313 0.014297385620915032 0.00980392156862745
1 0.8519199346405228 0.6363357843137255 0.013480392156862746 0.009191176470588236
1 0.11233660130718955 0.6496629901960784 0.013888888888888888 0.01011029411764706
1 0.6129493464052288 0.7228860294117647 0.020833333333333332 0.014399509803921568
1 0.08741830065359477 0.7140012254901961 0.017973856209150325 0.01133578431372549
1 0.198937908496732 0.7398897058823529 0.015522875816993464 0.010416666666666666
1 0.23202614379084968 0.741421568627451 0.01715686274509804 0.012254901960784314
1 0.40155228758169936 0.6965379901960784 0.014705882352941176 0.01011029411764706
1 0.9922385620915033 0.6297487745098039 0.015522875816993464 0.011948529411764705
1 0.2595996732026144 0.7040441176470589 0.017565359477124183 0.012254901960784314
1 0.7616421568627451 0.7545955882352942 0.01919934640522876 0.012867647058823529
1 0.5747549019607843 0.7400428921568627 0.01715686274509804 0.012561274509803922
1 0.4352532679738562 0.7398897058823529 0.017565359477124183 0.012867647058823529
1 0.42958333333333326 0.6133072916666666 0.01357843137254902 0.00970281862745098
