1 0.21466503267973855 0.8238357843137255 0.014297385620915032 0.009191176470588236
1 0.26633986928104575 0.8365502450980392 0.016339869281045753 0.010723039215686275
1 0.22651143790849673 0.8604473039215687 0.020016339869281044 0.015625
1 0.06719771241830065 0.9016544117647058 0.024101307189542485 0.020833333333333332
1 0.015318627450980392 0.9607843137254902 0.026552287581699346 0.025735294117647058
1 0.1447140522875817 0.7875306372549019 0.010833333333333334 0.010723039215686275
1 0.3954166666666667 0.8616727941176471 0.02122549019607843 0.01991421568627451
1 0.3736478758169935 0.8574862132352942 0.016903594771241832 0.015830269607843138
1 0.3875857843137255 0.8505407475490196 0.025988562091503267 0.020934436274509804
1 0.5379309640522876 0.8170955882352942 0.017855392156862746 0.015318627450980392
1 0.572453022875817 0.8169929534313726 0.019906045751633985 0.016338848039215686
1 0.4866584967320261 0.7830376838235295 0.02397058823529412 0.018893995098039216
1 0.3809313725490196 0.8009083946078431 0.01758169934640523 0.014806985294117647
1 0.3110191993464052 0.7865088848039216 0.018280228758169936 0.014806985294117647
1 0.3717197712418301 0.7745098039215687 0.021217320261437907 0.015318627450980392
1 0.3307291666666667 0.7859482230392157 0.018484477124183007 0.01736213235294118
1 0.19726919934640524 0.8031050857843137 0.021172385620915033 0.014298406862745099
1 0.19815563725490196 0.787734375 0.020494281045751635 0.014806985294117647
1 0.20748366013071895 0.7761443014705882 0.025261437908496734 0.01736213235294118
1 0.3062152777777778 0.7607230392156863 0.018476307189542483 0.012254901960784314
1 0.6515767973856209 0.814594056372549 0.017205882352941175 0.01276654411764706
1 0.34968545751633984 0.8556479779411765 0.019632352941176472 0.015830269607843138
1 0.3202083333333333 0.8079549632352941 0.02440359477124183 0.011743259803921569
1 0.3213664215686275 0.8170955882352942 0.02508578431372549 0.015318627450980392
1 0.35029820261437905 0.8432904411764706 0.02167483660130719 0.01685049019607843
1 0.4061192810457516 0.8068826593137255 0.018937908496732027 0.016338848039215686
1 0.4951593137254902 0.7284007352941176 0.014828431372549019 0.013786764705882353
1 0.2846752450980392 0.724060968137255 0.020330882352941178 0.014298406862745099
1 0.31973243464052287 0.7328431372549019 0.016915849673202612 0.012254901960784314
1 0.34080678104575163 0.728656556372549 0.019848856209150327 0.014298406862745099
1 0.32905841503267974 0.6838740808823529 0.013508986928104575 0.00867953431372549
1 0.30489174836601307 0.6876531862745098 0.018280228758169936 0.010723039215686275
1 0.36479779411764707 0.6557398897058824 0.01554330065359477 0.011234681372549021
1 0.4099203431372549 0.6462928921568627 0.015102124183006535 0.010723039215686275
1 0.40074142156862746 0.6611519607843137 0.015535130718954248 0.009191176470588236
1 0.3573100490196079 0.672640931372549 0.016907679738562092 0.01685049019607843
1 0.5481209150326797 0.724060968137255 0.016176470588235296 0.014298406862745099
1 0.5871956699346405 0.7159926470588235 0.021613562091503266 0.01838235294117647
1 0.7604452614379085 0.6964874387254902 0.016805555555555556 0.014298406862745099
1 0.7073468137254902 0.6670235906862745 0.01681781045751634 0.011743259803921569
1 0.7795057189542484 0.6778492647058824 0.014076797385620916 0.010723039215686275
1 0.8046936274509804 0.6790242034313726 0.015433006535947712 0.011234681372549021
1 0.7041482843137256 0.7428002450980392 0.01613970588235294 0.013786764705882353
1 0.7118402777777778 0.7672074142156863 0.012732843137254903 0.011743259803921569
1 0.4799795751633987 0.8255208333333334 0.023684640522875815 0.01685049019607843
1 0.47406045751633985 0.8186274509803921 0.023284313725490197 0.01838235294117647
1 0.9399979575163397 0.790798100490196 0.02133578431372549 0.017870710784313727
1 0.26715073529411765 0.6686580882352942 0.013059640522875816 0.01011029411764706
1 0.3400592320261438 0.6522671568627451 0.014268790849673203 0.009191176470588236
1 0.724609885620915 0.6544117647058824 0.009677287581699346 0.007352941176470588
1 0.5508169934640523 0.696078431372549 0.010947712418300655 0.007352941176470588
1 0.8226368464052288 0.6735600490196079 0.010469771241830066 0.008272058823529412
1 0.06669321895424836 0.7850214460784314 0.018190359477124184 0.010606617647058822
1 0.23139093137254904 0.7200704656862745 0.01343545751633987 0.007542892156862746
1 0.09767361111111111 0.7976056985294119 0.013157679738562092 0.009427083333333332
1 0.585265522875817 0.6588189338235295 0.012034313725490197 0.009427083333333332
1 0.5618852124183006 0.6551424632352942 0.008574346405228757 0.0063633578431372545
1 0.543531454248366 0.6568397671568628 0.011082516339869281 0.007306985294117647
1 0.35860702614379086 0.8653844975490196 0.01786764705882353 0.012018995098039215
1 0.32712622549019604 0.6679151348039215 0.01127859477124183 0.008011642156862744
1 0.341203022875817 0.6755744485294117 0.010020424836601307 0.008011642156862744
