1 0.40951797385620914 0.5911458333333334 0.010212418300653595 0.005821078431372549
1 0.547998366013072 0.5972732843137255 0.009395424836601307 0.005208333333333333
1 0.42606209150326796 0.5974264705882353 0.013071895424836602 0.004901960784313725
1 0.5949754901960784 0.5998774509803921 0.014297385620915032 0.007352941176470588
1 0.05718954248366013 0.6015625 0.021241830065359478 0.01133578431372549
1 0.4097222222222222 0.6038602941176471 0.013071895424836602 0.006127450980392157
1 0.07352941176470588 0.6046262254901961 0.014705882352941176 0.01133578431372549
1 0.7712418300653595 0.6050857843137255 0.016339869281045753 0.014093137254901961
1 0.548202614379085 0.6061580882352942 0.010620915032679739 0.005821078431372549
1 0.3939950980392157 0.6073835784313726 0.014297385620915032 0.008884803921568627
1 0.377859477124183 0.6076899509803921 0.010620915032679739 0.005821078431372549
1 0.32250816993464054 0.6107536764705882 0.009395424836601307 0.005821078431372549
1 0.610702614379085 0.6110600490196079 0.013071895424836602 0.005821078431372549
1 0.5512663398692811 0.6136642156862745 0.01184640522875817 0.0055147058823529415
1 0.16687091503267973 0.6138174019607843 0.015931372549019607 0.009497549019607842
1 0.6546160130718954 0.6162683823529411 0.011029411764705883 0.004595588235294118
1 0.4007352941176471 0.6162683823529411 0.012254901960784314 0.006433823529411764
1 0.38929738562091504 0.6171875 0.012254901960784314 0.009497549019607842
1 0.5671977124183006 0.6197916666666666 0.012663398692810458 0.0055147058823529415
1 0.19076797385620914 0.6208639705882353 0.01715686274509804 0.009497549019607842
1 0.36764705882352944 0.6223958333333334 0.012254901960784314 0.005821078431372549
1 0.43790849673202614 0.6256127450980392 0.010620915032679739 0.006127450980392157
1 0.670751633986928 0.6259191176470589 0.013071895424836602 0.007352941176470588
1 0.4738562091503268 0.6260723039215687 0.012254901960784314 0.0070465686274509805
1 0.6497140522875817 0.6268382352941176 0.010212418300653595 0.0055147058823529415
1 0.34354575163398693 0.6380208333333334 0.00980392156862745 0.006433823529411764
1 0.7536764705882353 0.6395526960784313 0.01715686274509804 0.010723039215686275
1 0.0923202614379085 0.6449142156862745 0.018790849673202614 0.015931372549019607
1 0.6695261437908496 0.6478247549019608 0.014705882352941176 0.007659313725490196
1 0.5594362745098039 0.6556372549019608 0.01511437908496732 0.009191176470588236
1 0.41360294117647056 0.6573223039215687 0.012663398692810458 0.0070465686274509805
1 0.24959150326797386 0.6600796568627451 0.015522875816993464 0.011948529411764705
1 0.7455065359477124 0.6602328431372549 0.013888888888888888 0.00857843137254902
1 0.3539624183006536 0.6619178921568627 0.01838235294117647 0.010723039215686275
1 0.5900735294117647 0.6637561274509803 0.01511437908496732 0.009497549019607842
1 0.32230392156862747 0.6662071078431373 0.014705882352941176 0.009497549019607842
1 0.30126633986928103 0.6674325980392157 0.016748366013071895 0.0070465686274509805
1 0.5714869281045751 0.671875 0.012254901960784314 0.007965686274509803
1 0.6237745098039216 0.6735600490196079 0.01715686274509804 0.008884803921568627
1 0.21548202614379086 0.6741727941176471 0.014297385620915032 0.006433823529411764
1 0.5625 0.6767769607843137 0.015522875816993464 0.007352941176470588
1 0.3492647058823529 0.6822916666666666 0.02042483660130719 0.00980392156862745
1 0.1568627450980392 0.6861213235294118 0.021241830065359478 0.008884803921568627
1 0.11499183006535947 0.6881127450980392 0.016748366013071895 0.007352941176470588
1 0.1999591503267974 0.6890318627450981 0.015931372549019607 0.009191176470588236
1 0.6540032679738562 0.6894914215686274 0.017973856209150325 0.010723039215686275
1 0.029411764705882353 0.6916360294117647 0.016339869281045753 0.008884803921568627
1 0.3286356209150327 0.6916360294117647 0.017565359477124183 0.01011029411764706
1 0.3459967320261438 0.6936274509803921 0.0196078431372549 0.011029411764705883
1 0.21609477124183007 0.6968443627450981 0.013071895424836602 0.007659313725490196
1 0.33394607843137253 0.7000612745098039 0.016748366013071895 0.011029411764705883
1 0.08190359477124183 0.7040441176470589 0.020833333333333332 0.00980392156862745
1 0.032883986928104576 0.7121629901960784 0.020833333333333332 0.01133578431372549
1 0.3723447712418301 0.7135416666666666 0.017565359477124183 0.009191176470588236
1 0.5859885620915033 0.7189031862745098 0.01919934640522876 0.013786764705882353
1 0.15931372549019607 0.7244178921568627 0.013071895424836602 0.009497549019607842
1 0.5700571895424836 0.7305453431372549 0.02246732026143791 0.01133578431372549
1 0.4338235294117647 0.7323835784313726 0.022058823529411766 0.019301470588235295
1 0.36703431372549017 0.7489276960784313 0.023284313725490197 0.014399509803921568
1 0.43137254901960786 0.7611825980392157 0.02287581699346405 0.012561274509803922
1 0.3519199346405229 0.7616421568627451 0.02165032679738562 0.012254901960784314
1 0.48590686274509803 0.7830882352941176 0.02165032679738562 0.011029411764705883
