1 0.22487745098039216 0.6959252450980392 0.015931372549019607 0.01133578431372549
1 0.006127450980392157 0.7185968137254902 0.012254901960784314 0.012561274509803922
1 0.41619076797385623 0.6931173406862745 0.018656045751633987 0.013685661764705884
1 0.3486519607843137 0.7178308823529411 0.01511437908496732 0.011642156862745098
1 0.18647875816993464 0.6888786764705882 0.01511437908496732 0.010723039215686275
1 0.2397875816993464 0.7657781862745098 0.01715686274509804 0.011948529411764705
1 0.5343137254901961 0.7392769607843137 0.016339869281045753 0.012254901960784314
1 0.6301062091503268 0.8468137254901961 0.026552287581699346 0.017769607843137254
1 0.545547385620915 0.7369791666666666 0.015931372549019607 0.012561274509803922
1 0.18341503267973855 0.7408088235294118 0.015522875816993464 0.012254901960784314
1 0.14358660130718953 0.6318933823529411 0.016748366013071895 0.01011029411764706
1 0.01491013071895425 0.6852022058823529 0.023284313725490197 0.01685049019607843
1 0.14705882352941177 0.7375919117647058 0.01715686274509804 0.011948529411764705
1 0.13133169934640523 0.6629901960784313 0.015931372549019607 0.010416666666666666
1 0.18443627450980393 0.6505821078431373 0.017565359477124183 0.01133578431372549
1 0.32659313725490197 0.7201286764705882 0.015931372549019607 0.011948529411764705
1 0.4824346405228758 0.8268995098039216 0.022058823529411766 0.013480392156862746
1 0.5449346405228758 0.7778799019607843 0.02042483660130719 0.014705882352941176
1 0.3131127450980392 0.7366727941176471 0.01511437908496732 0.01133578431372549
1 0.4446486928104575 0.7118566176470589 0.01838235294117647 0.013174019607843137
1 0.6746323529411765 0.8468137254901961 0.024918300653594773 0.017769607843137254
1 0.5310457516339869 0.7942708333333334 0.022058823529411766 0.01685049019607843
