1 0.0778186274509804 0.4788602941176471 0.016748366013071895 0.00857843137254902
1 0.12520424836601307 0.4799325980392157 0.01511437908496732 0.008884803921568627
1 0.2963643790849673 0.4834558823529412 0.012663398692810458 0.007352941176470588
1 0.6033496732026143 0.4954044117647059 0.014705882352941176 0.007965686274509803
1 0.3227124183006536 0.4961703431372549 0.013071895424836602 0.006433823529411764
1 0.9775326797385621 0.49785539215686275 0.008986928104575163 0.007965686274509803
1 0.9824346405228758 0.49800857843137253 0.015522875816993464 0.008884803921568627
1 0.37397875816993464 0.5150122549019608 0.017565359477124183 0.011642156862745098
1 0.31842320261437906 0.515625 0.015931372549019607 0.00980392156862745
1 0.9209558823529411 0.5370710784313726 0.02165032679738562 0.00857843137254902
1 0.9938725490196079 0.5407475490196079 0.012254901960784314 0.010416666666666666
1 0.9550653594771242 0.5448835784313726 0.018790849673202614 0.01133578431372549
1 0.8560049019607843 0.5597426470588235 0.01838235294117647 0.011642156862745098
1 0.28574346405228757 0.5612745098039216 0.02165032679738562 0.013480392156862746
1 0.7214052287581699 0.5625 0.0196078431372549 0.012254901960784314
1 0.9191176470588235 0.5726102941176471 0.02042483660130719 0.012867647058823529
1 0.8386437908496732 0.5791973039215687 0.013888888888888888 0.01133578431372549
1 0.2826797385620915 0.5825674019607843 0.018790849673202614 0.010723039215686275
1 0.7265114379084967 0.5836397058823529 0.01919934640522876 0.011029411764705883
1 0.8504901960784313 0.5911458333333334 0.01715686274509804 0.01133578431372549
1 0.827001633986928 0.5925245098039216 0.020016339869281044 0.013480392156862746
1 0.6235702614379085 0.6061580882352942 0.017565359477124183 0.013174019607843137
1 0.9699754901960784 0.6115196078431373 0.02165032679738562 0.010416666666666666
1 0.335375816993464 0.6121323529411765 0.017973856209150325 0.012867647058823529
1 0.6703431372549019 0.6128982843137255 0.018790849673202614 0.013174019607843137
1 0.809640522875817 0.6130514705882353 0.016339869281045753 0.010416666666666666
1 0.9066584967320261 0.6173406862745098 0.015931372549019607 0.00980392156862745
1 0.8754084967320261 0.6184129901960784 0.01715686274509804 0.008884803921568627
1 0.9848856209150327 0.6202512254901961 0.014705882352941176 0.01011029411764706
1 0.9701797385620915 0.6227022058823529 0.02042483660130719 0.014399509803921568
1 0.5680147058823529 0.6265318627450981 0.016748366013071895 0.00980392156862745
1 0.8259803921568627 0.6277573529411765 0.015522875816993464 0.010416666666666666
1 0.8519199346405228 0.6318933823529411 0.01511437908496732 0.012561274509803922
1 0.8886846405228758 0.6318933823529411 0.02246732026143791 0.012561274509803922
1 0.4013480392156863 0.6361825980392157 0.011029411764705883 0.008272058823529412
1 0.8946078431372549 0.641390931372549 0.01715686274509804 0.007659313725490196
1 0.8092320261437909 0.6430759803921569 0.02287581699346405 0.015318627450980392
1 0.24040032679738563 0.6481311274509803 0.016748366013071895 0.013786764705882353
1 0.5095996732026143 0.6508884803921569 0.010212418300653595 0.008272058823529412
1 0.5465686274509803 0.6515012254901961 0.024509803921568627 0.018688725490196078
1 0.8274101307189542 0.6642156862745098 0.013480392156862746 0.00857843137254902
1 0.1294934640522876 0.6651348039215687 0.02287581699346405 0.011029411764705883
1 0.4054330065359477 0.6714154411764706 0.015931372549019607 0.009497549019607842
1 0.9703839869281046 0.6884191176470589 0.02246732026143791 0.017769607843137254
1 0.7716503267973857 0.6891850490196079 0.02287581699346405 0.015625
1 0.8237336601307189 0.7005208333333334 0.020016339869281044 0.011948529411764705
1 0.5006127450980392 0.7303921568627451 0.0298202614379085 0.016544117647058824
1 0.8877083333333334 0.48932751225490195 0.013161764705882352 0.011743259803921569
