1 0.9628267973856209 0.7316176470588235 0.022058823529411766 0.016544117647058824
1 0.8956290849673203 0.7352941176470589 0.017565359477124183 0.013480392156862746
1 0.9720179738562091 0.7411151960784313 0.02900326797385621 0.018995098039215685
1 0.7401960784313726 0.7689950980392157 0.015522875816993464 0.013480392156862746
1 0.23999183006535948 0.7913602941176471 0.01919934640522876 0.018995098039215685
1 0.10069444444444445 0.7953431372549019 0.015931372549019607 0.014705882352941176
1 0.9242238562091504 0.7981004901960784 0.02246732026143791 0.015318627450980392
1 0.14991830065359477 0.8017769607843137 0.016339869281045753 0.015318627450980392
1 0.6325571895424836 0.8019301470588235 0.020833333333333332 0.021752450980392156
1 0.11049836601307189 0.8178615196078431 0.017565359477124183 0.015625
1 0.5582107843137255 0.8244485294117647 0.016748366013071895 0.017769607843137254
1 0.05800653594771242 0.8567708333333334 0.017973856209150325 0.013786764705882353
1 0.35661764705882354 0.9119178921568627 0.021241830065359478 0.019301470588235295
