1 0.09579248366013073 0.9428615196078431 0.024101307189542485 0.016237745098039217
1 0.21691176470588236 0.9682904411764706 0.02287581699346405 0.014399509803921568
1 0.17769607843137256 0.9353553921568627 0.0196078431372549 0.014093137254901961
1 0.33619281045751637 0.9448529411764706 0.02287581699346405 0.014705882352941176
1 0.21384803921568626 0.9584865196078431 0.023284313725490197 0.01685049019607843
1 0.5837418300653595 0.8474264705882353 0.01715686274509804 0.012254901960784314
1 0.9703839869281046 0.9165134803921569 0.020833333333333332 0.014399509803921568
1 0.8703022875816994 0.8511029411764706 0.01511437908496732 0.010416666666666666
1 0.2340686274509804 0.952359068627451 0.021241830065359478 0.015625
1 0.0741421568627451 0.8828125 0.02246732026143791 0.014399509803921568
1 0.9771241830065359 0.9283088235294118 0.02369281045751634 0.015931372549019607
1 0.8880718954248366 0.8825061274509803 0.024509803921568627 0.015625
1 0.8404820261437909 0.9119178921568627 0.017565359477124183 0.013786764705882353
1 0.8621323529411765 0.8082107843137255 0.015931372549019607 0.011029411764705883
1 0.5408496732026143 0.9784007352941176 0.02287581699346405 0.018075980392156864
1 0.9082924836601307 0.8193933823529411 0.01919934640522876 0.011948529411764705
1 0.9887663398692811 0.7818627450980392 0.01838235294117647 0.011642156862745098
1 0.8713235294117647 0.7668504901960784 0.013888888888888888 0.009191176470588236
1 0.8882761437908496 0.7765012254901961 0.01511437908496732 0.01011029411764706
1 0.8400735294117647 0.8627450980392157 0.01838235294117647 0.013480392156862746
1 0.8777103758169935 0.7703737745098039 0.014407679738562093 0.009497549019607842
