1 0.4883578431372549 0.7405024509803921 0.01838235294117647 0.011642156862745098
1 0.8382352941176471 0.6083026960784313 0.014705882352941176 0.01011029411764706
1 0.7534722222222222 0.6600796568627451 0.015931372549019607 0.010723039215686275
1 0.9575163398692811 0.7800245098039216 0.017973856209150325 0.012867647058823529
1 0.7687908496732027 0.8939950980392157 0.022058823529411766 0.01715686274509804
1 0.5447303921568627 0.6338848039215687 0.017565359477124183 0.011642156862745098
1 0.5522875816993464 0.6139705882352942 0.015522875816993464 0.012867647058823529
1 0.5647467320261438 0.8062193627450981 0.02246732026143791 0.015012254901960785
1 0.4542483660130719 0.6501225490196079 0.013888888888888888 0.00980392156862745
1 0.9950980392156863 0.7271752450980392 0.00980392156862745 0.018688725490196078
1 0.2426470588235294 0.78125 0.026143790849673203 0.015318627450980392
1 0.6245915032679739 0.688265931372549 0.021241830065359478 0.013786764705882353
1 0.9287173202614379 0.6681985294117647 0.01838235294117647 0.011029411764705883
1 0.9850898692810458 0.6548713235294118 0.01511437908496732 0.010723039215686275
1 0.40870098039215685 0.7400428921568627 0.026552287581699346 0.016237745098039217
1 0.30044934640522875 0.8524816176470589 0.02900326797385621 0.020526960784313725
1 0.25469771241830064 0.6360294117647058 0.016748366013071895 0.011642156862745098
1 0.5445261437908496 0.6299019607843137 0.015522875816993464 0.010416666666666666
1 0.545547385620915 0.6424632352941176 0.01838235294117647 0.011029411764705883
1 0.6276552287581699 0.7037377450980392 0.02246732026143791 0.015318627450980392
1 0.3645833333333333 0.7835477941176471 0.0298202614379085 0.020526960784313725
1 0.18525326797385622 0.7670036764705882 0.02900326797385621 0.01991421568627451
1 0.8386437908496732 0.6617647058823529 0.021241830065359478 0.014705882352941176
1 0.25469771241830064 0.8431372549019608 0.0363562091503268 0.025122549019607844
1 0.8288398692810458 0.7068014705882353 0.02696078431372549 0.01838235294117647
1 0.5287990196078431 0.7383578431372549 0.02900326797385621 0.02267156862745098
1 0.8137254901960784 0.7642463235294118 0.028594771241830064 0.01991421568627451
