1 0.16830065359477125 0.7144607843137255 0.00980392156862745 0.007352941176470588
1 0.28921568627450983 0.7028186274509803 0.013071895424836602 0.00857843137254902
1 0.21772875816993464 0.7372855392156863 0.012254901960784314 0.008272058823529412
1 0.06658496732026144 0.7437193627450981 0.010620915032679739 0.007659313725490196
1 0.19496936274509805 0.7403048406862746 0.010036764705882353 0.0075704656862745105
1 0.1301062091503268 0.7369791666666666 0.01184640522875817 0.007659313725490196
1 0.1597222222222222 0.7754289215686274 0.016339869281045753 0.00980392156862745
1 0.40461601307189543 0.7075674019607843 0.012663398692810458 0.008272058823529412
1 0.051266339869281044 0.7259497549019608 0.013480392156862746 0.008884803921568627
1 0.2426470588235294 0.750765931372549 0.012254901960784314 0.008272058823529412
1 0.22058823529411764 0.7688419117647058 0.012254901960784314 0.008884803921568627
1 0.6460661764705882 0.7196032475490196 0.014354575163398694 0.00967218137254902
1 0.1889297385620915 0.7181372549019608 0.011029411764705883 0.007352941176470588
1 0.10046160130718955 0.7417064950980392 0.01301470588235294 0.008535539215686274
1 0.21609477124183007 0.7477022058823529 0.014705882352941176 0.008884803921568627
1 0.00755718954248366 0.7282475490196079 0.012663398692810458 0.00980392156862745
1 0.7001633986928104 0.8209252450980392 0.015522875816993464 0.011948529411764705
1 0.7886029411764706 0.7326899509803921 0.013480392156862746 0.01011029411764706
1 0.5194035947712419 0.7902879901960784 0.01919934640522876 0.013786764705882353
1 0.11049836601307189 0.7647058823529411 0.016748366013071895 0.00980392156862745
1 0.08606004901960784 0.7242555147058823 0.013623366013071896 0.008560049019607843
1 0.17973856209150327 0.749234068627451 0.013888888888888888 0.009497549019607842
1 0.005923202614379085 0.7409620098039216 0.01184640522875817 0.009497549019607842
1 0.14052287581699346 0.7519914215686274 0.012254901960784314 0.008272058823529412
1 0.15870098039215685 0.7150735294117647 0.011029411764705883 0.007352941176470588
1 0.13684640522875818 0.7438725490196079 0.013888888888888888 0.00857843137254902
1 0.1815767973856209 0.7400643382352942 0.013480392156862746 0.008927696078431373
1 0.2540849673202614 0.7256433823529411 0.012254901960784314 0.008272058823529412
1 0.19076797385620914 0.7314644607843137 0.012254901960784314 0.008272058823529412
1 0.12683823529411764 0.7950367647058824 0.015931372549019607 0.011642156862745098
1 0.06372549019607843 0.7317708333333334 0.012254901960784314 0.008272058823529412
1 0.04534313725490196 0.7553615196078431 0.012254901960784314 0.008884803921568627
1 0.11213235294117647 0.7418811274509803 0.012663398692810458 0.008884803921568627
1 0.1983251633986928 0.7454258578431373 0.013480392156862746 0.008621323529411765
1 0.1650326797385621 0.7420343137254902 0.012254901960784314 0.009191176470588236
1 0.024101307189542485 0.7538296568627451 0.015522875816993464 0.008884803921568627
1 0.02920751633986928 0.7634803921568627 0.015931372549019607 0.00980392156862745
1 0.21793300653594772 0.7176776960784313 0.012663398692810458 0.008884803921568627
1 0.7845179738562091 0.7714460784313726 0.01838235294117647 0.012254901960784314
1 0.2632761437908497 0.7561274509803921 0.01511437908496732 0.010416666666666666
1 0.05357230392156863 0.7793458946078431 0.015641339869281047 0.009059436274509804
1 0.14848856209150327 0.8060661764705882 0.017565359477124183 0.012254901960784314
1 0.23631535947712418 0.7083333333333334 0.013480392156862746 0.009191176470588236
1 0.04835375816993464 0.7835263480392156 0.017459150326797387 0.010067401960784313
1 0.09361315359477124 0.7412239583333333 0.010755718954248365 0.006344975490196078
1 0.09133782679738563 0.7461488970588235 0.011924019607843138 0.007003676470588235
