1 0.9612193627450981 0.703125 0.015575980392156864 0.011029411764705883
1 0.21262254901960784 0.7670036764705882 0.013480392156862746 0.009497549019607842
1 0.3515114379084967 0.8264399509803921 0.015931372549019607 0.01133578431372549
1 0.24040032679738563 0.6933210784313726 0.015931372549019607 0.009191176470588236
1 0.00980392156862745 0.7245710784313726 0.014705882352941176 0.011029411764705883
1 0.16033496732026145 0.6642156862745098 0.013480392156862746 0.007352941176470588
1 0.2826797385620915 0.8285845588235294 0.0196078431372549 0.012561274509803922
1 0.5210375816993464 0.8981311274509803 0.01838235294117647 0.014399509803921568
1 0.03020424836601307 0.6824249387254901 0.013839869281045752 0.009457720588235295
1 0.1548202614379085 0.6567095588235294 0.011437908496732025 0.007659313725490196
1 0.2749183006535948 0.8186274509803921 0.015522875816993464 0.010416666666666666
1 0.0872140522875817 0.7247242647058824 0.012663398692810458 0.01011029411764706
1 0.5134803921568627 0.9159007352941176 0.024509803921568627 0.01685049019607843
1 0.25183823529411764 0.7058823529411765 0.014297385620915032 0.00980392156862745
1 0.1090686274509804 0.6946997549019608 0.013888888888888888 0.008884803921568627
1 0.5563725490196079 0.7763480392156863 0.02042483660130719 0.012254901960784314
1 0.2580923202614379 0.658203125 0.019452614379084965 0.01248468137254902
1 0.20445261437908496 0.7565870098039216 0.014297385620915032 0.008884803921568627
1 0.5853758169934641 0.8655024509803921 0.0196078431372549 0.012867647058823529
1 0.49959150326797386 0.8452818627450981 0.021241830065359478 0.012867647058823529
1 0.14052287581699346 0.6355698529411765 0.013071895424836602 0.008272058823529412
1 0.17892156862745098 0.6403186274509803 0.012254901960784314 0.00857843137254902
1 0.14583333333333334 0.6927083333333334 0.012254901960784314 0.00857843137254902
1 0.9665032679738562 0.6461397058823529 0.014705882352941176 0.00980392156862745
1 0.17912581699346405 0.6822916666666666 0.014297385620915032 0.00857843137254902
1 0.19321895424836602 0.6409313725490197 0.013071895424836602 0.00857843137254902
1 0.30575980392156865 0.7178308823529411 0.01511437908496732 0.010416666666666666
1 0.2937091503267974 0.7264093137254902 0.015522875816993464 0.010416666666666666
1 0.16523692810457516 0.6420036764705882 0.01184640522875817 0.008272058823529412
1 0.9538398692810458 0.7081801470588235 0.018790849673202614 0.013786764705882353
1 0.5667892156862745 0.8728553921568627 0.020016339869281044 0.014093137254901961
1 0.09477124183006536 0.7438725490196079 0.013888888888888888 0.009191176470588236
1 0.1795343137254902 0.6969975490196079 0.01511437908496732 0.009191176470588236
1 0.21433210784313722 0.7781663602941177 0.015265522875816992 0.01282781862745098
1 0.12254901960784313 0.8034620098039216 0.021241830065359478 0.012561274509803922
1 0.2883986928104575 0.8356311274509803 0.0196078431372549 0.014399509803921568
1 0.19138071895424835 0.7435661764705882 0.01511437908496732 0.010416666666666666
1 0.2207924836601307 0.7164522058823529 0.015931372549019607 0.01011029411764706
1 0.05106209150326797 0.7204350490196079 0.014705882352941176 0.009497549019607842
1 0.12418300653594772 0.6352634803921569 0.013071895424836602 0.009497549019607842
1 0.10600490196078431 0.7323835784313726 0.013480392156862746 0.009497549019607842
1 0.08680555555555555 0.780484068627451 0.01511437908496732 0.010723039215686275
1 0.07495915032679738 0.7284007352941176 0.016748366013071895 0.010723039215686275
1 0.23835784313725492 0.7068014705882353 0.013480392156862746 0.009191176470588236
1 0.06515522875816994 0.7107843137254902 0.01838235294117647 0.011029411764705883
1 0.5363562091503268 0.8185891544117647 0.016339869281045753 0.01095281862745098
1 0.5606617647058824 0.9342830882352942 0.024918300653594773 0.018075980392156864
1 0.4054330065359477 0.8777573529411765 0.02165032679738562 0.015931372549019607
1 0.22916666666666666 0.7783394607843137 0.016339869281045753 0.011948529411764705
1 0.7935049019607843 0.8045343137254902 0.02165032679738562 0.014093137254901961
1 0.23631535947712418 0.7274816176470589 0.014297385620915032 0.01011029411764706
1 0.9720179738562091 0.7481617647058824 0.01919934640522876 0.013480392156862746
1 0.18055555555555555 0.7781862745098039 0.017973856209150325 0.012867647058823529
1 0.13051470588235295 0.8128063725490197 0.02165032679738562 0.013480392156862746
1 0.22651143790849673 0.7480085784313726 0.015931372549019607 0.010723039215686275
1 0.6642156862745098 0.8549325980392157 0.026143790849673203 0.021139705882352942
1 0.3145424836601307 0.7856924019607843 0.02042483660130719 0.013786764705882353
1 0.41768790849673204 0.8670343137254902 0.020833333333333332 0.014705882352941176
1 0.45445261437908496 0.9024203431372549 0.024101307189542485 0.018075980392156864
1 0.21895424836601307 0.8082107843137255 0.018790849673202614 0.014093137254901961
1 0.2622549019607843 0.8002450980392157 0.02369281045751634 0.015931372549019607
1 0.6284722222222222 0.8818933823529411 0.023284313725490197 0.017463235294117647
1 0.013684640522875817 0.8552389705882353 0.025735294117647058 0.01991421568627451
1 0.5400163398692811 0.8119822303921569 0.017941176470588235 0.01244485294117647
1 0.14353962418300653 0.6528615196078431 0.01093545751633987 0.0067034313725490196
