1 0.2806372549019608 0.6628370098039216 0.014705882352941176 0.008884803921568627
1 0.596609477124183 0.9793198529411765 0.025735294117647058 0.01685049019607843
1 0.40788398692810457 0.6487438725490197 0.01184640522875817 0.008272058823529412
1 0.7026143790849673 0.6614583333333334 0.013888888888888888 0.011642156862745098
1 0.8184232026143791 0.9681372549019608 0.03308823529411765 0.02267156862745098
1 0.9421977124183006 0.6655943627450981 0.013480392156862746 0.009497549019607842
1 0.5622957516339869 0.6965379901960784 0.01184640522875817 0.008272058823529412
1 0.3727532679738562 0.6515012254901961 0.011029411764705883 0.007659313725490196
1 0.3872549019607843 0.6392463235294118 0.010620915032679739 0.007659313725490196
1 0.5390114379084967 0.6824448529411765 0.012663398692810458 0.008272058823529412
1 0.4117647058823529 0.7757352941176471 0.013071895424836602 0.009191176470588236
1 0.4485294117647059 0.6527267156862745 0.011437908496732025 0.007659313725490196
1 0.579248366013072 0.8494178921568627 0.01715686274509804 0.01133578431372549
1 0.6306515522875817 0.6444041053921569 0.011303104575163399 0.00694546568627451
1 0.5651552287581699 0.6836703431372549 0.011029411764705883 0.007659313725490196
1 0.7373366013071896 0.7204350490196079 0.013071895424836602 0.008884803921568627
1 0.8398692810457516 0.6890318627450981 0.014705882352941176 0.007965686274509803
1 0.4520016339869281 0.7064950980392157 0.015931372549019607 0.011029411764705883
1 0.9064542483660131 0.6571691176470589 0.011437908496732025 0.007965686274509803
1 0.09436274509803921 0.7014399509803921 0.015522875816993464 0.008272058823529412
1 0.443218954248366 0.7022058823529411 0.018790849673202614 0.011642156862745098
1 0.5287990196078431 0.8247549019607843 0.01511437908496732 0.011029411764705883
1 0.542687908496732 0.6703431372549019 0.012663398692810458 0.007965686274509803
1 0.4227941176470588 0.6343443627450981 0.015522875816993464 0.01011029411764706
1 0.29248366013071897 0.6904105392156863 0.012254901960784314 0.008272058823529412
1 0.5222630718954249 0.7069546568627451 0.012663398692810458 0.009497549019607842
1 0.6343954248366013 0.8000919117647058 0.01715686274509804 0.01133578431372549
1 0.25612745098039214 0.6855085784313726 0.013071895424836602 0.008884803921568627
1 0.04044117647058824 0.789828431372549 0.022058823529411766 0.012867647058823529
1 0.7064950980392157 0.6668198529411765 0.013480392156862746 0.009497549019607842
1 0.28022875816993464 0.6623774509803921 0.014705882352941176 0.00980392156862745
1 0.9930555555555556 0.8141850490196079 0.013888888888888888 0.018075980392156864
1 0.2651143790849673 0.6643688725490197 0.012254901960784314 0.009497549019607842
1 0.9752859477124183 0.6954656862745098 0.016748366013071895 0.009191176470588236
1 0.3425245098039216 0.7450980392156863 0.016748366013071895 0.00980392156862745
1 0.517906454248366 0.8352742034313726 0.01702205882352941 0.013072916666666667
1 0.551062091503268 0.8509497549019608 0.01715686274509804 0.012561274509803922
1 0.4695669934640523 0.7048100490196079 0.015931372549019607 0.011948529411764705
1 0.8596813725490197 0.6757046568627451 0.014297385620915032 0.008884803921568627
1 0.8214869281045751 0.6755514705882353 0.016339869281045753 0.00980392156862745
1 0.9597630718954249 0.7196691176470589 0.013480392156862746 0.00980392156862745
1 0.5079656862745098 0.6760110294117647 0.013480392156862746 0.009497549019607842
1 0.9217728758169934 0.6354166666666666 0.013480392156862746 0.009191176470588236
1 0.9765114379084967 0.6436887254901961 0.014297385620915032 0.009191176470588236
1 0.8543709150326797 0.6639093137254902 0.013480392156862746 0.007965686274509803
1 0.610498366013072 0.7225796568627451 0.014297385620915032 0.01011029411764706
1 0.6286764705882353 0.9595588235294118 0.022058823529411766 0.015318627450980392
1 0.46405228758169936 0.6980698529411765 0.01715686274509804 0.011948529411764705
1 0.3069852941176471 0.6810661764705882 0.012663398692810458 0.009191176470588236
1 0.6828717320261438 0.6843857230392157 0.014436274509803924 0.00970281862745098
1 0.8415032679738562 0.7061887254901961 0.015522875816993464 0.011029411764705883
1 0.41973039215686275 0.6956188725490197 0.014297385620915032 0.01011029411764706
1 0.34477124183006536 0.6420036764705882 0.014705882352941176 0.01011029411764706
1 0.8208741830065359 0.7095588235294118 0.013480392156862746 0.009191176470588236
1 0.3312908496732026 0.9598651960784313 0.02042483660130719 0.014705882352941176
1 0.911968954248366 0.6827512254901961 0.015931372549019607 0.01011029411764706
1 0.4152369281045752 0.7397365196078431 0.01511437908496732 0.010723039215686275
1 0.6970996732026143 0.9093137254901961 0.02165032679738562 0.015318627450980392
1 0.7395833333333334 0.6732536764705882 0.01511437908496732 0.01011029411764706
1 0.8196486928104575 0.6859681372549019 0.017565359477124183 0.010416666666666666
1 0.8966503267973857 0.7544424019607843 0.014705882352941176 0.01011029411764706
1 0.1999591503267974 0.6917892156862745 0.017565359477124183 0.011029411764705883
1 0.2797528594771242 0.6679427083333334 0.016205065359477126 0.009292279411764706
1 0.803921568627451 0.6741727941176471 0.016339869281045753 0.010723039215686275
1 0.2142565359477124 0.8607536764705882 0.01919934640522876 0.014399509803921568
1 0.3116830065359477 0.8435968137254902 0.0196078431372549 0.013174019607843137
1 0.5923202614379085 0.7002144607843137 0.01715686274509804 0.01133578431372549
1 0.7671568627450981 0.8026960784313726 0.01715686274509804 0.011642156862745098
1 0.36356209150326796 0.7486213235294118 0.016339869281045753 0.011948529411764705
1 0.8026960784313726 0.6605392156862745 0.016339869281045753 0.010416666666666666
1 0.7154820261437909 0.7958026960784313 0.020016339869281044 0.014399509803921568
1 0.4930555555555556 0.8072916666666666 0.017973856209150325 0.012867647058823529
1 0.4264705882352941 0.7264093137254902 0.01715686274509804 0.011642156862745098
1 0.8745915032679739 0.6603860294117647 0.015522875816993464 0.010723039215686275
1 0.5337009803921569 0.8161764705882353 0.02165032679738562 0.014705882352941176
1 0.3645833333333333 0.8481924019607843 0.01919934640522876 0.013174019607843137
1 0.4571078431372549 0.8373161764705882 0.021241830065359478 0.014705882352941176
1 0.9097222222222222 0.7610294117647058 0.017973856209150325 0.011642156862745098
1 0.5259395424836601 0.9270833333333334 0.01838235294117647 0.015318627450980392
1 0.5649509803921569 0.8189338235294118 0.017973856209150325 0.012867647058823529
1 0.5561683006535948 0.9087009803921569 0.02246732026143791 0.017769607843137254
1 0.3641748366013072 0.8129595588235294 0.020833333333333332 0.014399509803921568
1 0.9758986928104575 0.7231924019607843 0.018790849673202614 0.013174019607843137
1 0.8043300653594772 0.8521752450980392 0.017973856209150325 0.014399509803921568
1 0.28880718954248363 0.7498468137254902 0.017973856209150325 0.013174019607843137
1 0.7530637254901961 0.7354473039215687 0.01838235294117647 0.011948529411764705
1 0.7369281045751634 0.8524816176470589 0.021241830065359478 0.015625
1 0.1968954248366013 0.8474264705882353 0.0196078431372549 0.014093137254901961
1 0.7851307189542484 0.7579656862745098 0.018790849673202614 0.014093137254901961
1 0.6907679738562091 0.8930759803921569 0.03022875816993464 0.02144607843137255
1 0.6779473039215687 0.6858655024509804 0.012757352941176471 0.00714767156862745
