1 0.6752450980392157 0.7173713235294118 0.018790849673202614 0.011948529411764705
1 0.6237745098039216 0.5926776960784313 0.0196078431372549 0.012561274509803922
1 0.6752450980392157 0.594515931372549 0.01715686274509804 0.012561274509803922
1 0.1607434640522876 0.647671568627451 0.01838235294117647 0.012867647058823529
1 0.10355392156862746 0.6533394607843137 0.016748366013071895 0.010723039215686275
1 0.06433823529411764 0.6343443627450981 0.020016339869281044 0.012561274509803922
1 0.7432598039215687 0.9829963235294118 0.0494281045751634 0.03400735294117647
1 0.5187908496732027 0.5935968137254902 0.017973856209150325 0.013174019607843137
1 0.15747549019607843 0.8170955882352942 0.03308823529411765 0.025122549019607844
1 0.18055555555555555 0.7559742647058824 0.032679738562091505 0.021752450980392156
1 0.38357843137254904 0.7280943627450981 0.027777777777777776 0.021752450980392156
1 0.6464460784313726 0.655484068627451 0.026552287581699346 0.016237745098039217
