1 0.33231209150326796 0.36856617647058826 0.020833333333333332 0.012254901960784314
1 0.32802287581699346 0.38112745098039214 0.02369281045751634 0.009191176470588236
1 0.25796568627450983 0.40824142156862747 0.027369281045751634 0.015625
1 0.5298202614379085 0.4247855392156863 0.022058823529411766 0.015012254901960785
1 0.1309232026143791 0.4401041666666667 0.027369281045751634 0.016237745098039217
1 0.5518790849673203 0.4414828431372549 0.029411764705882353 0.01715686274509804
1 0.21752450980392157 0.4427083333333333 0.03227124183006536 0.015931372549019607
1 0.2875816993464052 0.45036764705882354 0.02287581699346405 0.015931372549019607
1 0.16973039215686275 0.4834558823529412 0.03390522875816993 0.0196078431372549
1 0.627859477124183 0.48575367647058826 0.018790849673202614 0.015625
1 0.08006535947712418 0.5108762254901961 0.03676470588235294 0.020526960784313725
1 0.09211601307189543 0.5303308823529411 0.030637254901960783 0.018995098039215685
1 0.23958333333333334 0.5422794117647058 0.05106209150326797 0.037377450980392156
1 0.032475490196078434 0.5484068627450981 0.0428921568627451 0.024509803921568627
1 0.11233660130718955 0.5595894607843137 0.04738562091503268 0.030943627450980393
1 0.6491013071895425 0.5693933823529411 0.02369281045751634 0.01685049019607843
1 0.43280228758169936 0.5966605392156863 0.04534313725490196 0.029105392156862746
1 0.19669117647058823 0.6092218137254902 0.053513071895424834 0.03768382352941176
