1 0.8029003267973857 0.47732843137254904 0.01511437908496732 0.012867647058823529
1 0.6358251633986928 0.4885110294117647 0.017565359477124183 0.0070465686274509805
1 0.6791258169934641 0.4892769607843137 0.01184640522875817 0.007352941176470588
1 0.7107843137254902 0.49019607843137253 0.017973856209150325 0.007965686274509803
1 0.7706290849673203 0.4934129901960784 0.013480392156862746 0.01011029411764706
1 0.8272058823529411 0.4957107843137255 0.015522875816993464 0.006740196078431373
1 0.7234477124183006 0.5 0.01715686274509804 0.011642156862745098
1 0.6930147058823529 0.5001531862745098 0.017565359477124183 0.008884803921568627
1 0.835171568627451 0.5001531862745098 0.012663398692810458 0.007659313725490196
1 0.5296160130718954 0.5059742647058824 0.02246732026143791 0.017463235294117647
1 0.7391748366013072 0.5075061274509803 0.017565359477124183 0.010723039215686275
1 0.6821895424836601 0.5098039215686274 0.013071895424836602 0.007352941176470588
1 0.3560049019607843 0.5134803921568627 0.014297385620915032 0.011029411764705883
1 0.6901552287581699 0.5183823529411765 0.01919934640522876 0.011642156862745098
1 0.45731209150326796 0.5202205882352942 0.02246732026143791 0.016544117647058824
1 0.9042075163398693 0.5303308823529411 0.015931372549019607 0.014093137254901961
1 0.17381535947712418 0.530484068627451 0.016748366013071895 0.013786764705882353
1 0.11437908496732026 0.5315563725490197 0.01715686274509804 0.007965686274509803
1 0.411968954248366 0.5337009803921569 0.015931372549019607 0.014093137254901961
1 0.10110294117647059 0.5355392156862745 0.013480392156862746 0.007965686274509803
1 0.8306781045751634 0.5379901960784313 0.023284313725490197 0.013480392156862746
1 0.11683006535947713 0.5384497549019608 0.014705882352941176 0.009497549019607842
1 0.9881535947712419 0.5396752450980392 0.02287581699346405 0.022365196078431373
1 0.8100490196078431 0.5416666666666666 0.016339869281045753 0.010416666666666666
1 0.45383986928104575 0.546109068627451 0.013888888888888888 0.011948529411764705
1 0.6828022875816994 0.546109068627451 0.020833333333333332 0.009497549019607842
1 0.7113970588235294 0.5517769607843137 0.023284313725490197 0.02022058823529412
1 0.5222630718954249 0.5534620098039216 0.02246732026143791 0.019301470588235295
1 0.5798611111111112 0.5542279411764706 0.01838235294117647 0.015931372549019607
1 0.07924836601307189 0.5553002450980392 0.016339869281045753 0.015625
1 0.6819852941176471 0.5600490196078431 0.017565359477124183 0.015931372549019607
1 0.6968954248366013 0.5756740196078431 0.022058823529411766 0.014093137254901961
1 0.17483660130718953 0.578125 0.012254901960784314 0.011029411764705883
1 0.15257352941176472 0.5808823529411765 0.01838235294117647 0.00857843137254902
1 0.8980800653594772 0.5840992647058824 0.027369281045751634 0.016237745098039217
1 0.3770424836601307 0.5966605392156863 0.018790849673202614 0.013174019607843137
1 0.7359068627450981 0.6030943627450981 0.02165032679738562 0.018075980392156864
1 0.4125816993464052 0.6079963235294118 0.01715686274509804 0.008884803921568627
1 0.2792075163398693 0.6147365196078431 0.020016339869281044 0.016237745098039217
1 0.13051470588235295 0.6153492647058824 0.01838235294117647 0.016237745098039217
1 0.6309232026143791 0.6170343137254902 0.02165032679738562 0.018995098039215685
1 0.278390522875817 0.6199448529411765 0.016748366013071895 0.014399509803921568
1 0.7062908496732027 0.6204044117647058 0.022058823529411766 0.0196078431372549
1 0.45179738562091504 0.625 0.01715686274509804 0.015318627450980392
1 0.011642156862745098 0.6315870098039216 0.020016339869281044 0.017463235294117647
1 0.5688316993464052 0.6504289215686274 0.01919934640522876 0.012867647058823529
1 0.5249183006535948 0.6515012254901961 0.02287581699346405 0.014399509803921568
1 0.051879084967320264 0.6551776960784313 0.024509803921568627 0.022365196078431373
1 0.9564950980392157 0.6660539215686274 0.028186274509803922 0.024509803921568627
1 0.40093954248366015 0.6744791666666666 0.01919934640522876 0.018075980392156864
1 0.6266339869281046 0.6819852941176471 0.0196078431372549 0.014705882352941176
1 0.027165032679738563 0.6982230392156863 0.020833333333333332 0.01715686274509804
1 0.6047794117647058 0.7233455882352942 0.03227124183006536 0.01838235294117647
1 0.5843545751633987 0.7366727941176471 0.026552287581699346 0.023590686274509803
1 0.4791666666666667 0.7444852941176471 0.03676470588235294 0.02022058823529412
1 0.7779820261437909 0.7495404411764706 0.026552287581699346 0.023590686274509803
1 0.8388480392156863 0.7706801470588235 0.044526143790849675 0.03216911764705882
1 0.2618464052287582 0.7921262254901961 0.026143790849673203 0.022365196078431373
1 0.24040032679738563 0.8005514705882353 0.02246732026143791 0.020833333333333332
1 0.9168709150326797 0.8322610294117647 0.0559640522875817 0.033394607843137254
1 0.04003267973856209 0.8373161764705882 0.022058823529411766 0.01838235294117647
1 0.7638888888888888 0.8396139705882353 0.041666666666666664 0.03462009803921569
1 0.10866013071895425 0.8451286764705882 0.031862745098039214 0.0272671568627451
1 0.7026143790849673 0.8481924019607843 0.03022875816993464 0.02665441176470588
1 0.0806781045751634 0.8526348039215687 0.026552287581699346 0.02022058823529412
1 0.8400735294117647 0.8599877450980392 0.03880718954248366 0.034926470588235295
1 0.8888888888888888 0.9473039215686274 0.03758169934640523 0.03799019607843137
