1 0.6358251633986928 0.6410845588235294 0.014297385620915032 0.009497549019607842
1 0.5996997549019608 0.6068857230392157 0.01394199346405229 0.0072763480392156864
1 0.48161764705882354 0.6537990196078431 0.016339869281045753 0.012867647058823529
1 0.6182598039215687 0.5896139705882353 0.013480392156862746 0.008272058823529412
1 0.8386437908496732 0.6824448529411765 0.016339869281045753 0.01133578431372549
1 0.6133578431372549 0.6058700980392157 0.014297385620915032 0.009534313725490197
1 0.6466503267973857 0.6574754901960784 0.016339869281045753 0.011642156862745098
1 0.713031045751634 0.6518075980392157 0.01919934640522876 0.012561274509803922
1 0.6200980392156863 0.6778492647058824 0.021241830065359478 0.015012254901960785
1 0.8566176470588235 0.7841605392156863 0.027777777777777776 0.01991421568627451
1 0.8368055555555556 0.7685355392156863 0.03227124183006536 0.02420343137254902
1 0.8937908496732027 0.7909007352941176 0.031862745098039214 0.023590686274509803
1 0.659109477124183 0.6757046568627451 0.028186274509803922 0.019301470588235295
1 0.5681597222222222 0.5928691789215687 0.010502450980392158 0.008042279411764705
1 0.7146017156862745 0.8376991421568627 0.02397467320261438 0.01608455882352941
