1 0.011233660130718954 0.5427389705882353 0.01919934640522876 0.017463235294117647
1 0.29248366013071897 0.3708639705882353 0.022058823529411766 0.011948529411764705
1 0.5269607843137255 0.6452205882352942 0.02696078431372549 0.018995098039215685
1 0.45955882352941174 0.37607230392156865 0.02042483660130719 0.011948529411764705
1 0.1068218954248366 0.5733762254901961 0.025735294117647058 0.01685049019607843
1 0.30269607843137253 0.6740196078431373 0.03022875816993464 0.0196078431372549
1 0.3480392156862745 0.3762254901960784 0.016339869281045753 0.011642156862745098
1 0.7312091503267973 0.6377144607843137 0.027777777777777776 0.018688725490196078
1 0.429125816993464 0.3939950980392157 0.02246732026143791 0.014705882352941176
1 0.8549836601307189 0.5119485294117647 0.024509803921568627 0.015931372549019607
1 0.8792892156862745 0.6873468137254902 0.03227124183006536 0.02297794117647059
1 0.16584967320261437 0.6813725490196079 0.04003267973856209 0.026348039215686275
1 0.3909313725490196 0.36580882352941174 0.018790849673202614 0.012867647058823529
1 0.32373366013071897 0.3779105392156863 0.017565359477124183 0.011948529411764705
1 0.40625 0.3671875 0.017565359477124183 0.011948529411764705
1 0.7199754901960784 0.5049019607843137 0.03390522875816993 0.02144607843137255
1 0.7064950980392157 0.6557904411764706 0.03880718954248366 0.029105392156862746
1 0.8073937908496732 0.514859068627451 0.03308823529411765 0.021139705882352942
1 0.9201388888888888 0.6893382352941176 0.05024509803921569 0.030637254901960783
