1 0.2113970588235294 0.32965686274509803 0.026552287581699346 0.018995098039215685
1 0.6190767973856209 0.3307291666666667 0.023284313725490197 0.023590686274509803
1 0.32965686274509803 0.33425245098039214 0.03349673202614379 0.015318627450980392
1 0.9887663398692811 0.33777573529411764 0.02246732026143791 0.0272671568627451
1 0.25 0.3431372549019608 0.031862745098039214 0.014093137254901961
1 0.2565359477124183 0.36151960784313725 0.029411764705882353 0.017769607843137254
1 0.8637663398692811 0.36504289215686275 0.07720588235294118 0.046262254901960786
1 0.9895833333333334 0.3681066176470588 0.020833333333333332 0.04013480392156863
1 0.18361928104575165 0.3900122549019608 0.03799019607843137 0.02022058823529412
1 0.30718954248366015 0.3932291666666667 0.029411764705882353 0.017463235294117647
1 0.2667483660130719 0.3987438725490196 0.03431372549019608 0.024816176470588234
1 0.21160130718954248 0.4053308823529412 0.03104575163398693 0.020833333333333332
1 0.9362745098039216 0.4209558823529412 0.041666666666666664 0.02696078431372549
1 0.9671160130718954 0.4299938725490196 0.034722222222222224 0.02849264705882353
1 0.07761437908496732 0.43275122549019607 0.049836601307189546 0.03155637254901961
1 0.30923202614379086 0.4332107843137255 0.03349673202614379 0.017769607843137254
1 0.3284313725490196 0.4345894607843137 0.03349673202614379 0.018688725490196078
1 0.3329248366013072 0.4525122549019608 0.03104575163398693 0.02144607843137255
1 0.1701388888888889 0.46798406862745096 0.03227124183006536 0.029105392156862746
1 0.38357843137254904 0.4756433823529412 0.05065359477124183 0.03829656862745098
1 0.5449346405228758 0.4771752450980392 0.05473856209150327 0.047487745098039214
1 0.3202614379084967 0.47870710784313725 0.05473856209150327 0.03216911764705882
1 0.3560049019607843 0.4878982843137255 0.056781045751633986 0.03829656862745098
1 0.6182598039215687 0.5407475490196079 0.0625 0.04595588235294118
1 0.11601307189542484 0.5591299019607843 0.04656862745098039 0.03982843137254902
1 0.49897875816993464 0.6908700980392157 0.07312091503267974 0.0428921568627451
1 0.2988153594771242 0.6908700980392157 0.060866013071895424 0.05514705882352941
1 0.289624183006536 0.8394607843137255 0.1119281045751634 0.052083333333333336
1 0.5520833333333334 0.8915441176470589 0.07312091503267974 0.061274509803921566
1 0.27818627450980393 0.2264093137254902 0.02042483660130719 0.00980392156862745
1 0.6907679738562091 0.22855392156862744 0.04738562091503268 0.028186274509803922
1 0.23447712418300654 0.22977941176470587 0.02042483660130719 0.011642156862745098
1 0.1670751633986928 0.23268995098039216 0.0196078431372549 0.01011029411764706
1 0.20915032679738563 0.23284313725490197 0.015522875816993464 0.010416666666666666
1 0.2943218954248366 0.23284313725490197 0.01838235294117647 0.012254901960784314
1 0.7136437908496732 0.2349877450980392 0.04738562091503268 0.02696078431372549
1 0.0778186274509804 0.23912377450980393 0.01919934640522876 0.014399509803921568
1 0.2369281045751634 0.24019607843137256 0.0196078431372549 0.011642156862745098
1 0.42197712418300654 0.24111519607843138 0.032679738562091505 0.027573529411764705
1 0.8335375816993464 0.24341299019607843 0.05923202614379085 0.030943627450980393
1 0.3492647058823529 0.2538296568627451 0.02287581699346405 0.015012254901960785
1 0.5702614379084967 0.25934436274509803 0.04656862745098039 0.02849264705882353
1 0.9505718954248366 0.2619485294117647 0.049836601307189546 0.03676470588235294
1 0.2839052287581699 0.26378676470588236 0.04493464052287582 0.026348039215686275
1 0.7324346405228758 0.2700674019607843 0.03349673202614379 0.018688725490196078
1 0.3167892156862745 0.2711397058823529 0.01838235294117647 0.013480392156862746
1 0.5953839869281046 0.27481617647058826 0.01511437908496732 0.02267156862745098
1 0.0778186274509804 0.2774203431372549 0.03390522875816993 0.02297794117647059
1 0.5786356209150327 0.27971813725490197 0.02900326797385621 0.018995098039215685
1 0.20261437908496732 0.2861519607843137 0.03676470588235294 0.018995098039215685
1 0.40236928104575165 0.3003982843137255 0.029411764705882353 0.018688725490196078
1 0.5095996732026143 0.3008578431372549 0.020833333333333332 0.01715686274509804
1 0.3394607843137255 0.30453431372549017 0.06290849673202614 0.03431372549019608
