1 0.659109477124183 0.4681372549019608 0.01511437908496732 0.010416666666666666
1 0.9697712418300654 0.4492953431372549 0.012254901960784314 0.008884803921568627
1 0.7289624183006536 0.4810049019607843 0.013480392156862746 0.009191176470588236
1 0.9252450980392157 0.41942401960784315 0.011437908496732025 0.007352941176470588
1 0.846609477124183 0.4430147058823529 0.014297385620915032 0.00857843137254902
1 0.8425245098039216 0.4319852941176471 0.01511437908496732 0.009191176470588236
1 0.8682598039215687 0.44515931372549017 0.013480392156862746 0.009191176470588236
1 0.7546977124183006 0.4178921568627451 0.012663398692810458 0.00857843137254902
1 0.8915441176470589 0.4446997549019608 0.012663398692810458 0.008272058823529412
1 0.9487336601307189 0.4497549019607843 0.01184640522875817 0.00857843137254902
1 0.9068627450980392 0.4263174019607843 0.012254901960784314 0.008272058823529412
1 0.9513888888888888 0.4224877450980392 0.012254901960784314 0.007965686274509803
1 0.9910130718954249 0.4209558823529412 0.013071895424836602 0.00980392156862745
1 0.778390522875817 0.49034926470588236 0.01511437908496732 0.010723039215686275
1 0.7773692810457516 0.47702205882352944 0.015522875816993464 0.010416666666666666
1 0.9285130718954249 0.47763480392156865 0.016339869281045753 0.010416666666666666
1 0.5600490196078431 0.4336703431372549 0.0196078431372549 0.013786764705882353
1 0.9113562091503268 0.46246936274509803 0.016339869281045753 0.010723039215686275
1 0.6480800653594772 0.4293811274509804 0.01919934640522876 0.013174019607843137
1 0.7271241830065359 0.5081188725490197 0.017973856209150325 0.011948529411764705
1 0.778390522875817 0.4050245098039216 0.015931372549019607 0.010416666666666666
1 0.9805964052287581 0.47855392156862747 0.01511437908496732 0.010416666666666666
1 0.7800245098039216 0.4253982843137255 0.01511437908496732 0.01133578431372549
1 0.7267156862745098 0.5675551470588235 0.02287581699346405 0.015625
1 0.727328431372549 0.41590073529411764 0.017565359477124183 0.01133578431372549
1 0.6589052287581699 0.4497549019607843 0.022058823529411766 0.014093137254901961
1 0.7935049019607843 0.43014705882352944 0.016748366013071895 0.012867647058823529
1 0.8672385620915033 0.46982230392156865 0.02287581699346405 0.015012254901960785
1 0.9266748366013072 0.6106004901960784 0.024918300653594773 0.016544117647058824
