1 0.7448937908496732 0.7143075980392157 0.02900326797385621 0.018688725490196078
1 0.004697712418300653 0.944546568627451 0.009395424836601307 0.03002450980392157
1 0.28375204248366015 0.7020343137254902 0.016033496732026142 0.011911764705882354
1 0.3374183006535948 0.6901041666666666 0.0196078431372549 0.015625
1 0.9099264705882353 0.6697303921568627 0.02900326797385621 0.01838235294117647
1 0.12111928104575163 0.9393382352941176 0.03227124183006536 0.025735294117647058
1 0.4526143790849673 0.7647058823529411 0.032679738562091505 0.02389705882352941
1 0.6474673202614379 0.9690563725490197 0.05065359477124183 0.042279411764705885
1 0.01919934640522876 0.9076286764705882 0.028594771241830064 0.022365196078431373
1 0.2817177287581699 0.6956387867647059 0.01604983660130719 0.010150122549019609
