1 0.25326797385620914 0.6893382352941176 0.021241830065359478 0.010416666666666666
1 0.23427287581699346 0.7146139705882353 0.0298202614379085 0.013174019607843137
1 0.16237745098039216 0.7688419117647058 0.02246732026143791 0.012561274509803922
1 0.7845179738562091 0.7948835784313726 0.017565359477124183 0.007659313725490196
1 0.24775326797385622 0.8014705882352942 0.030637254901960783 0.015318627450980392
1 0.07904411764705882 0.8141850490196079 0.023284313725490197 0.012561274509803922
1 0.6546160130718954 0.8576899509803921 0.024101307189542485 0.011948529411764705
1 0.7636846405228758 0.8799019607843137 0.024918300653594773 0.014093137254901961
1 0.7091503267973857 0.8874080882352942 0.02696078431372549 0.013174019607843137
1 0.9056372549019608 0.8893995098039216 0.026143790849673203 0.014705882352941176
1 0.8141339869281046 0.8900122549019608 0.022058823529411766 0.014093137254901961
1 0.6744281045751634 0.8918504901960784 0.02042483660130719 0.009191176470588236
1 0.9850898692810458 0.9106924019607843 0.0298202614379085 0.011948529411764705
1 0.7525551470588235 0.9457337622549019 0.027169117647058826 0.016467524509803922
1 0.5833741830065359 0.7241115196078431 0.01723856209150327 0.010723039215686275
