1 0.8286356209150327 0.6706495098039216 0.020833333333333332 0.014093137254901961
1 0.9901960784313726 0.6655943627450981 0.016339869281045753 0.012561274509803922
1 0.9899918300653595 0.7314644607843137 0.017565359477124183 0.013786764705882353
1 0.7318218954248366 0.8178615196078431 0.02165032679738562 0.01685049019607843
1 0.22508169934640523 0.6914828431372549 0.025326797385620915 0.018995098039215685
1 0.019812091503267973 0.6591605392156863 0.024101307189542485 0.015625
1 0.03104575163398693 0.6697303921568627 0.026143790849673203 0.01838235294117647
1 0.797561274509804 0.6477558210784314 0.01587418300653595 0.01058517156862745
1 0.7961131535947712 0.6654963235294117 0.01624591503267974 0.01113970588235294
1 0.8772079248366014 0.6420450367647059 0.011768790849673203 0.008354779411764705
