1 0.8703022875816994 0.6450674019607843 0.013480392156862746 0.008884803921568627
1 0.5410539215686274 0.7055759803921569 0.01919934640522876 0.012254901960784314
1 0.713031045751634 0.6153492647058824 0.011029411764705883 0.007659313725490196
1 0.238562091503268 0.6953125 0.013071895424836602 0.008884803921568627
1 0.5725081699346405 0.649203431372549 0.01184640522875817 0.00857843137254902
1 0.15216503267973855 0.7181372549019608 0.01184640522875817 0.00857843137254902
1 0.754109477124183 0.6889169730392157 0.0155718954248366 0.008348651960784314
1 0.18218954248366012 0.6780024509803921 0.011437908496732025 0.007965686274509803
1 0.13459967320261437 0.6435355392156863 0.01184640522875817 0.0070465686274509805
1 0.42177287581699346 0.6050857843137255 0.01184640522875817 0.007965686274509803
1 0.5863970588235294 0.6564031862745098 0.014297385620915032 0.009497549019607842
1 0.5655637254901961 0.639859068627451 0.01184640522875817 0.0070465686274509805
1 0.9511846405228758 0.866421568627451 0.026552287581699346 0.01715686274509804
1 0.032475490196078434 0.6564031862745098 0.011029411764705883 0.008272058823529412
1 0.9099264705882353 0.657015931372549 0.014297385620915032 0.009497549019607842
1 0.33435457516339867 0.6392463235294118 0.014297385620915032 0.01011029411764706
1 0.06045751633986928 0.6210171568627451 0.012254901960784314 0.007352941176470588
1 0.7583741830065359 0.6740196078431373 0.012663398692810458 0.009191176470588236
1 0.5759129901960784 0.6449142156862745 0.012937091503267974 0.007965686274509803
1 0.7704248366013072 0.6299019607843137 0.014705882352941176 0.00857843137254902
1 0.8004493464052288 0.7135416666666666 0.015931372549019607 0.00857843137254902
1 0.2093545751633987 0.6573223039215687 0.012663398692810458 0.008272058823529412
1 0.28799019607843135 0.6622242647058824 0.016339869281045753 0.01011029411764706
1 0.6386846405228758 0.6583946078431373 0.01511437908496732 0.010416666666666666
1 0.42810457516339867 0.6936274509803921 0.0196078431372549 0.012867647058823529
1 0.5416666666666666 0.6374080882352942 0.015522875816993464 0.010723039215686275
1 0.23733660130718953 0.6737132352941176 0.012254901960784314 0.00980392156862745
1 0.534109477124183 0.671109068627451 0.015931372549019607 0.01011029411764706
1 0.28227124183006536 0.7169117647058824 0.012254901960784314 0.009191176470588236
1 0.2730800653594771 0.7259497549019608 0.012663398692810458 0.008884803921568627
1 0.022263071895424837 0.6225490196078431 0.01511437908496732 0.009191176470588236
1 0.9328022875816994 0.6594669117647058 0.016748366013071895 0.01133578431372549
1 0.8594771241830066 0.6447610294117647 0.013888888888888888 0.008884803921568627
1 0.3647875816993464 0.6401654411764706 0.015522875816993464 0.009497549019607842
1 0.8061683006535948 0.7435661764705882 0.020016339869281044 0.012254901960784314
1 0.5518790849673203 0.6919424019607843 0.01715686274509804 0.010723039215686275
1 0.3952205882352941 0.6830575980392157 0.015931372549019607 0.010723039215686275
1 0.9889705882352942 0.7270220588235294 0.0196078431372549 0.014093137254901961
1 0.42606209150326796 0.7185968137254902 0.0196078431372549 0.013174019607843137
1 0.8390522875816994 0.7913602941176471 0.0196078431372549 0.014093137254901961
1 0.4411764705882353 0.7559742647058824 0.021241830065359478 0.013786764705882353
1 0.5741421568627451 0.8221507352941176 0.02165032679738562 0.014399509803921568
1 0.6294934640522876 0.6928615196078431 0.015522875816993464 0.010723039215686275
1 0.10620915032679738 0.6502757352941176 0.015522875816993464 0.009497549019607842
1 0.9479166666666666 0.7040441176470589 0.016748366013071895 0.011642156862745098
1 0.6325571895424836 0.7705269607843137 0.01838235294117647 0.012867647058823529
1 0.3737745098039216 0.6905637254901961 0.014705882352941176 0.010416666666666666
1 0.7097630718954249 0.7002144607843137 0.01838235294117647 0.01133578431372549
1 0.34763071895424835 0.6421568627450981 0.013888888888888888 0.00980392156862745
1 0.5073529411764706 0.7953431372549019 0.025326797385620915 0.015318627450980392
1 0.6156045751633987 0.6870404411764706 0.01715686274509804 0.012561274509803922
1 0.5189950980392157 0.7146139705882353 0.01919934640522876 0.013786764705882353
1 0.5800653594771242 0.6813725490196079 0.01715686274509804 0.011642156862745098
1 0.3590686274509804 0.6596200980392157 0.015522875816993464 0.011029411764705883
1 0.06964869281045752 0.7041973039215687 0.01919934640522876 0.011948529411764705
1 0.9673202614379085 0.7856924019607843 0.028594771241830064 0.017463235294117647
1 0.7258986928104575 0.7192095588235294 0.018790849673202614 0.013174019607843137
1 0.8094362745098039 0.6737132352941176 0.017565359477124183 0.011029411764705883
1 0.5471813725490197 0.7011335784313726 0.02165032679738562 0.012561274509803922
1 0.8026960784313726 0.8572303921568627 0.025326797385620915 0.018995098039215685
1 0.8176062091503268 0.7598039215686274 0.02165032679738562 0.014705882352941176
