1 0.6991421568627451 0.6847426470588235 0.02165032679738562 0.015318627450980392
1 0.8962418300653595 0.8881740196078431 0.02287581699346405 0.015931372549019607
1 0.5614787581699346 0.6796875 0.014297385620915032 0.009497549019607842
1 0.16462418300653595 0.9898897058823529 0.025326797385620915 0.017769607843137254
1 0.5843545751633987 0.8550857843137255 0.023284313725490197 0.016544117647058824
1 0.9087009803921569 0.6763174019607843 0.017565359477124183 0.01133578431372549
1 0.639297385620915 0.7621017156862745 0.02042483660130719 0.012561274509803922
1 0.6603676470588234 0.8595787377450981 0.024983660130718954 0.01572610294117647
1 0.926062091503268 0.6786151960784313 0.018790849673202614 0.011642156862745098
1 0.05841503267973856 0.765625 0.018790849673202614 0.013480392156862746
1 0.10498366013071896 0.7553615196078431 0.017973856209150325 0.01133578431372549
1 0.41482843137254904 0.7015931372549019 0.020833333333333332 0.013480392156862746
1 0.6227532679738562 0.8592218137254902 0.02900326797385621 0.018075980392156864
1 0.007965686274509803 0.7956495098039216 0.01511437908496732 0.014705882352941176
1 0.5700571895424836 0.8730085784313726 0.023284313725490197 0.014399509803921568
1 0.8707107843137255 0.9535845588235294 0.03145424836601307 0.021752450980392156
1 0.5925245098039216 0.8633578431372549 0.030637254901960783 0.022058823529411766
1 0.4366830065359477 0.7314644607843137 0.021241830065359478 0.015012254901960785
1 0.49407679738562094 0.7582720588235294 0.02165032679738562 0.015931372549019607
1 0.4477124183006536 0.8327205882352942 0.02287581699346405 0.01715686274509804
1 0.6828022875816994 0.8630514705882353 0.0298202614379085 0.02267156862745098
1 0.9603758169934641 0.7244178921568627 0.03594771241830065 0.02542892156862745
1 0.9867238562091504 0.8397671568627451 0.025735294117647058 0.022058823529411766
1 0.6631964869281046 0.8695358455882353 0.024105392156862745 0.014806985294117647
