1 0.6368464052287581 0.7613357843137255 0.0196078431372549 0.012254901960784314
1 0.38255718954248363 0.6605392156862745 0.01184640522875817 0.007965686274509803
1 0.16789215686274508 0.6383272058823529 0.012254901960784314 0.008272058823529412
1 0.02144607843137255 0.6544117647058824 0.012663398692810458 0.00857843137254902
1 0.2696078431372549 0.6420036764705882 0.013071895424836602 0.008884803921568627
1 0.9299428104575164 0.9309129901960784 0.026552287581699346 0.015625
1 0.1301062091503268 0.7011335784313726 0.01511437908496732 0.009497549019607842
1 0.3555964052287582 0.6502757352941176 0.013480392156862746 0.008272058823529412
1 0.11131535947712418 0.6885723039215687 0.016748366013071895 0.010723039215686275
1 0.04718137254901961 0.921875 0.020833333333333332 0.015318627450980392
1 0.09334150326797386 0.8111213235294118 0.020016339869281044 0.013174019607843137
1 0.5290032679738562 0.907015931372549 0.02042483660130719 0.013174019607843137
1 0.6301062091503268 0.7643995098039216 0.017565359477124183 0.011642156862745098
1 0.39705882352941174 0.6579350490196079 0.012254901960784314 0.008272058823529412
1 0.2760763888888889 0.6511780024509805 0.013754084967320262 0.007625612745098039
1 0.318218954248366 0.7236519607843137 0.01715686274509804 0.00980392156862745
1 0.6613562091503268 0.6753982843137255 0.015522875816993464 0.01011029411764706
1 0.010416666666666666 0.6646752450980392 0.01511437908496732 0.010723039215686275
1 0.006944444444444444 0.6904105392156863 0.013071895424836602 0.01133578431372549
1 0.6597222222222222 0.7856924019607843 0.02369281045751634 0.015625
1 0.5002042483660131 0.7279411764705882 0.01838235294117647 0.012867647058823529
1 0.3541666666666667 0.6591605392156863 0.016339869281045753 0.009497549019607842
1 0.25735294117647056 0.6453737745098039 0.013071895424836602 0.009497549019607842
1 0.44669117647058826 0.6784620098039216 0.01184640522875817 0.010723039215686275
1 0.12826797385620914 0.7342218137254902 0.018790849673202614 0.012561274509803922
1 0.1388888888888889 0.6844868259803921 0.015522875816993464 0.010517769607843137
1 0.37173202614379086 0.8075980392156863 0.0196078431372549 0.014093137254901961
1 0.2747140522875817 0.7884497549019608 0.020016339869281044 0.013174019607843137
1 0.14011437908496732 0.7388174019607843 0.021241830065359478 0.011948529411764705
1 0.3839869281045752 0.6738664215686274 0.013071895424836602 0.010723039215686275
1 0.29556985294117644 0.6506158088235294 0.012708333333333334 0.008339460784313725
1 0.1750408496732026 0.8950674019607843 0.026552287581699346 0.018688725490196078
1 0.5155228758169934 0.7380514705882353 0.0196078431372549 0.012254901960784314
1 0.34211601307189543 0.9185049019607843 0.024918300653594773 0.016544117647058824
1 0.3255718954248366 0.7136948529411765 0.016339869281045753 0.01011029411764706
1 0.3000408496732026 0.8147977941176471 0.020016339869281044 0.013174019607843137
1 0.14011437908496732 0.6499693627450981 0.016339869281045753 0.01011029411764706
1 0.3292483660130719 0.7847732843137255 0.018790849673202614 0.013786764705882353
1 0.26266339869281047 0.8722426470588235 0.02369281045751634 0.015931372549019607
1 0.13214869281045752 0.6412377450980392 0.014297385620915032 0.009191176470588236
1 0.08966503267973856 0.6746323529411765 0.015931372549019607 0.010416666666666666
1 0.28574346405228757 0.7202818627450981 0.015931372549019607 0.010416666666666666
1 0.14276960784313725 0.6767769607843137 0.015931372549019607 0.010416666666666666
1 0.5232843137254902 0.6732536764705882 0.018790849673202614 0.01133578431372549
1 0.3319035947712418 0.6536458333333334 0.014297385620915032 0.01011029411764706
1 0.8276143790849673 0.8655024509803921 0.02696078431372549 0.018995098039215685
1 0.3139297385620915 0.7769607843137255 0.020016339869281044 0.013480392156862746
1 0.27879901960784315 0.6694240196078431 0.015931372549019607 0.00980392156862745
1 0.23529411764705882 0.6401654411764706 0.013888888888888888 0.009497549019607842
1 0.05514705882352941 0.6499693627450981 0.013888888888888888 0.008884803921568627
1 0.1156045751633987 0.7599571078431373 0.0196078431372549 0.014399509803921568
1 0.0959967320261438 0.9260110294117647 0.02287581699346405 0.01685049019607843
1 0.29616013071895425 0.6378676470588235 0.016339869281045753 0.00980392156862745
1 0.05228758169934641 0.6634497549019608 0.014705882352941176 0.009497549019607842
1 0.6693218954248366 0.7224264705882353 0.02246732026143791 0.015318627450980392
1 0.0857843137254902 0.7653186274509803 0.02369281045751634 0.015931372549019607
1 0.23529411764705882 0.8307291666666666 0.02369281045751634 0.015625
1 0.34477124183006536 0.8765318627450981 0.026143790849673203 0.01715686274509804
1 0.4319852941176471 0.6608455882352942 0.015931372549019607 0.011642156862745098
1 0.15992647058823528 0.7349877450980392 0.020016339869281044 0.012254901960784314
1 0.09926470588235294 0.7859987745098039 0.022058823529411766 0.014399509803921568
1 0.21323529411764705 0.8232230392156863 0.024509803921568627 0.016544117647058824
1 0.582312091503268 0.7026654411764706 0.01838235294117647 0.013174019607843137
1 0.5514705882352942 0.7087928921568627 0.015522875816993464 0.011948529411764705
1 0.3113194444444444 0.6486075367647058 0.01397875816993464 0.008612132352941176
1 0.32945261437908496 0.8578431372549019 0.025735294117647058 0.016544117647058824
1 0.46200980392156865 0.8229166666666666 0.02287581699346405 0.015931372549019607
1 0.2943218954248366 0.78125 0.02900326797385621 0.0196078431372549
1 0.4097222222222222 0.7958026960784313 0.0196078431372549 0.015625
1 0.3396650326797386 0.735140931372549 0.020016339869281044 0.013174019607843137
1 0.2839052287581699 0.8662683823529411 0.024509803921568627 0.018688725490196078
1 0.5191993464052288 0.7909007352941176 0.02369281045751634 0.01685049019607843
1 0.3533496732026144 0.7628676470588235 0.016339869281045753 0.012867647058823529
1 0.5140931372549019 0.6616115196078431 0.020833333333333332 0.013174019607843137
1 0.710171568627451 0.7461703431372549 0.023284313725490197 0.01685049019607843
1 0.7759395424836601 0.7435661764705882 0.02246732026143791 0.015318627450980392
1 0.1213235294117647 0.8538602941176471 0.02287581699346405 0.01715686274509804
1 0.38848039215686275 0.7781862745098039 0.022058823529411766 0.01715686274509804
1 0.10600490196078431 0.8789828431372549 0.02900326797385621 0.02267156862745098
1 0.2536437908496732 0.6499188112745098 0.015457516339869283 0.008170955882352941
1 0.2370343137254902 0.6512454044117647 0.013284313725490198 0.008373161764705882
1 0.3509272875816994 0.6630928308823529 0.015580065359477124 0.008170955882352941
1 0.42330269607843135 0.6656617647058823 0.014906045751633987 0.009019607843137255
1 0.32214460784313725 0.6486412377450981 0.009485294117647059 0.005615808823529411
1 0.3329023692810458 0.6475015318627452 0.011392973856209151 0.005787377450980393
