1 0.994281045751634 0.6836703431372549 0.011437908496732025 0.008884803921568627
1 0.4117647058823529 0.8783700980392157 0.015522875816993464 0.011642156862745098
1 0.5486111111111112 0.7394301470588235 0.013071895424836602 0.008884803921568627
1 0.5132761437908496 0.7244178921568627 0.013480392156862746 0.009497549019607842
1 0.47487745098039214 0.7239583333333334 0.013480392156862746 0.009191176470588236
1 0.0428921568627451 0.8575367647058824 0.016339869281045753 0.00980392156862745
1 0.06985294117647059 0.7588848039215687 0.016339869281045753 0.010416666666666666
1 0.5132761437908496 0.7155330882352942 0.01511437908496732 0.010723039215686275
1 0.34763071895424835 0.8307291666666666 0.015522875816993464 0.01011029411764706
1 0.3220996732026144 0.7284007352941176 0.016748366013071895 0.011948529411764705
1 0.4409722222222222 0.7526041666666666 0.013480392156862746 0.008884803921568627
1 0.676062091503268 0.7040441176470589 0.021241830065359478 0.014093137254901961
1 0.43770424836601307 0.7904411764705882 0.015931372549019607 0.010416666666666666
1 0.09027777777777778 0.7424938725490197 0.015522875816993464 0.011948529411764705
1 0.7888071895424836 0.7110906862745098 0.017973856209150325 0.012867647058823529
1 0.23366013071895425 0.7579656862745098 0.016339869281045753 0.012254901960784314
1 0.35641339869281047 0.7196691176470589 0.017565359477124183 0.010416666666666666
1 0.35518790849673204 0.7660845588235294 0.01838235294117647 0.010723039215686275
1 0.19117647058823528 0.7945772058823529 0.015522875816993464 0.01011029411764706
1 0.2412173202614379 0.7740502450980392 0.01838235294117647 0.01011029411764706
1 0.3457924836601307 0.7303921568627451 0.014297385620915032 0.00980392156862745
1 0.32189542483660133 0.9224877450980392 0.018790849673202614 0.014093137254901961
1 0.36356209150326796 0.8806678921568627 0.021241830065359478 0.015625
1 0.4824346405228758 0.7991727941176471 0.0196078431372549 0.013786764705882353
1 0.20036764705882354 0.8731617647058824 0.026552287581699346 0.017769607843137254
1 0.26633986928104575 0.8521752450980392 0.02369281045751634 0.016237745098039217
1 0.6156045751633987 0.7668504901960784 0.02287581699346405 0.016544117647058824
1 0.9042075163398693 0.7107843137254902 0.016748366013071895 0.012254901960784314
1 0.505718954248366 0.8186274509803921 0.02287581699346405 0.015931372549019607
1 0.33108660130718953 0.7417279411764706 0.016748366013071895 0.010416666666666666
1 0.3860294117647059 0.7405024509803921 0.0196078431372549 0.012867647058823529
1 0.8727532679738562 0.8253676470588235 0.026552287581699346 0.018995098039215685
