1 0.05105392156862745 0.40058210784313725 0.013872549019607843 0.0070465686274509805
1 0.043090277777777776 0.42294730392156865 0.015102124183006535 0.009497549019607842
1 0.07106821895424836 0.4163602941176471 0.012234477124183006 0.00857843137254902
1 0.07660334967320262 0.42110906862745096 0.01104983660130719 0.0070465686274509805
1 0.10785539215686274 0.40900735294117646 0.012279411764705882 0.007352941176470588
1 0.13236928104575163 0.4111519607843137 0.014738562091503267 0.007965686274509803
1 0.18262050653594772 0.41253063725490197 0.013116830065359478 0.01011029411764706
1 0.15300040849673202 0.41881127450980393 0.014334150326797386 0.009191176470588236
1 0.14193423202614378 0.4231004901960784 0.015894607843137253 0.007965686274509803
1 0.16607434640522875 0.4413296568627451 0.018423202614379085 0.01011029411764706
1 0.19773692810457516 0.44669117647058826 0.0155718954248366 0.009191176470588236
1 0.19523488562091504 0.42723651960784315 0.013018790849673202 0.007659313725490196
1 0.20835988562091504 0.4247855392156863 0.014758986928104576 0.01133578431372549
1 0.2399611928104575 0.44056372549019607 0.01423611111111111 0.009191176470588236
1 0.24635416666666668 0.4352022058823529 0.013133169934640523 0.010723039215686275
1 0.23934844771241828 0.42754289215686275 0.012193627450980392 0.0070465686274509805
1 0.2701858660130719 0.41161151960784315 0.015861928104575162 0.008272058823529412
1 0.26351307189542483 0.4241727941176471 0.012320261437908497 0.010723039215686275
1 0.26494281045751633 0.43550857843137253 0.017630718954248364 0.008884803921568627
1 0.314297385620915 0.44393382352941174 0.019117647058823527 0.012867647058823529
1 0.31919934640522873 0.4212622549019608 0.01503267973856209 0.010416666666666666
1 0.3626981209150327 0.41099877450980393 0.012977941176470588 0.008884803921568627
1 0.3280637254901961 0.43887867647058826 0.012336601307189542 0.008272058823529412
1 0.28652369281045753 0.42386642156862747 0.010955882352941176 0.006433823529411764
1 0.2976266339869281 0.42401960784313725 0.012736928104575163 0.009191176470588236
1 0.4099775326797386 0.43137254901960786 0.016033496732026142 0.011029411764705883
1 0.4599080882352941 0.4181985294117647 0.013770424836601307 0.007965686274509803
1 0.4605208333333333 0.4212622549019608 0.013361928104575163 0.009191176470588236
1 0.4474509803921568 0.42754289215686275 0.011732026143790849 0.007659313725490196
1 0.3820996732026144 0.43014705882352944 0.010114379084967321 0.009191176470588236
1 0.35779616013071897 0.5306372549019608 0.021964869281045754 0.017769607843137254
1 0.4952389705882353 0.5105698529411765 0.022340686274509802 0.013174019607843137
1 0.15357434640522874 0.4882046568627451 0.01875 0.010723039215686275
1 0.053300653594771236 0.4635416666666667 0.02245098039215686 0.010416666666666666
1 0.01674428104575163 0.4419424019607843 0.01551470588235294 0.01011029411764706
1 0.047379493464052284 0.44332107843137253 0.013059640522875816 0.007965686274509803
1 0.6643954248366013 0.4944852941176471 0.024869281045751635 0.015318627450980392
1 0.9264113562091504 0.5765931372549019 0.03419526143790849 0.0196078431372549
1 0.7070792483660131 0.41452205882352944 0.014648692810457517 0.00857843137254902
1 0.733078022875817 0.4100796568627451 0.016809640522875816 0.008884803921568627
1 0.6777205882352941 0.3946078431372549 0.014754901960784312 0.007965686274509803
1 0.6613316993464052 0.4180453431372549 0.01465686274509804 0.0070465686274509805
