1 0.28022875816993464 0.6003370098039216 0.014705882352941176 0.01011029411764706
1 0.6877042483660131 0.7012867647058824 0.020016339869281044 0.013480392156862746
1 0.4195261437908497 0.7432598039215687 0.015522875816993464 0.012254901960784314
1 0.5931372549019608 0.6147365196078431 0.013888888888888888 0.008884803921568627
1 0.5230800653594772 0.5958946078431373 0.015931372549019607 0.010416666666666666
1 0.7246732026143791 0.6709558823529411 0.0196078431372549 0.012254901960784314
1 0.5776143790849673 0.5828737745098039 0.01715686274509804 0.01011029411764706
1 0.5861928104575164 0.7113970588235294 0.018790849673202614 0.014093137254901961
1 0.9930555555555556 0.7241115196078431 0.013071895424836602 0.015625
1 0.4707924836601307 0.7297794117647058 0.01919934640522876 0.012867647058823529
1 0.5718954248366013 0.6165747549019608 0.016339869281045753 0.010723039215686275
1 0.9620098039215687 0.6681985294117647 0.022058823529411766 0.014705882352941176
1 0.6013071895424836 0.6311274509803921 0.013888888888888888 0.00980392156862745
1 0.23161764705882354 0.6222426470588235 0.016339869281045753 0.011029411764705883
1 0.372140522875817 0.664828431372549 0.0196078431372549 0.012867647058823529
1 0.3709150326797386 0.5949754901960784 0.013888888888888888 0.010416666666666666
1 0.4675245098039216 0.6171875 0.01511437908496732 0.01133578431372549
1 0.6339869281045751 0.6325061274509803 0.02042483660130719 0.013786764705882353
1 0.12459150326797386 0.6922487745098039 0.022058823529411766 0.015012254901960785
1 0.9399509803921569 0.6053921568627451 0.02696078431372549 0.015318627450980392
1 0.47324346405228757 0.7411151960784313 0.020016339869281044 0.014705882352941176
1 0.5026552287581699 0.6825980392156863 0.02165032679738562 0.015931372549019607
1 0.8412540849673202 0.6289828431372549 0.015024509803921568 0.009191176470588236
1 0.971358251633987 0.6028232230392156 0.01624591503267974 0.008955269607843137
1 0.6819587418300653 0.7889322916666666 0.023231209150326795 0.014139093137254902
1 0.4439481209150327 0.6212760416666667 0.015347222222222222 0.008483455882352942
