1 0.7593443627450981 0.8709022671568627 0.0170547385620915 0.013863357843137254
1 0.5588235294117647 0.8694852941176471 0.021241830065359478 0.014093137254901961
1 0.27001633986928103 0.8302696078431373 0.017973856209150325 0.012867647058823529
1 0.4230494281045752 0.6716069240196079 0.014399509803921568 0.009880514705882353
1 0.5674019607843137 0.8610600490196079 0.015522875816993464 0.01133578431372549
1 0.8296568627450981 0.789828431372549 0.01715686274509804 0.011642156862745098
1 0.1119281045751634 0.7981004901960784 0.026143790849673203 0.013480392156862746
1 0.9558823529411765 0.7313112745098039 0.014705882352941176 0.009191176470588236
1 0.7516339869281046 0.7717524509803921 0.017973856209150325 0.010416666666666666
1 0.35171568627450983 0.9005821078431373 0.02042483660130719 0.015012254901960785
1 0.7293709150326797 0.8340992647058824 0.01511437908496732 0.01133578431372549
1 0.8852124183006536 0.882046568627451 0.021241830065359478 0.015318627450980392
1 0.4675245098039216 0.8500306372549019 0.01838235294117647 0.012561274509803922
1 0.6139705882352942 0.8166360294117647 0.018790849673202614 0.011948529411764705
1 0.4511846405228758 0.8443627450980392 0.015931372549019607 0.011642156862745098
1 0.7855392156862745 0.8466605392156863 0.016339869281045753 0.011948529411764705
1 0.9720179738562091 0.7296262254901961 0.016748366013071895 0.01133578431372549
1 0.9321895424836601 0.8186274509803921 0.017973856209150325 0.010416666666666666
1 0.5302287581699346 0.9480698529411765 0.025326797385620915 0.018688725490196078
1 0.4636437908496732 0.7559742647058824 0.015522875816993464 0.010723039215686275
1 0.08088235294117647 0.735140931372549 0.016339869281045753 0.008884803921568627
1 0.9052287581699346 0.859375 0.017973856209150325 0.012867647058823529
1 0.5906862745098039 0.7440257352941176 0.014705882352941176 0.01011029411764706
1 0.3888888888888889 0.9002757352941176 0.0196078431372549 0.013786764705882353
1 0.346609477124183 0.8187806372549019 0.015931372549019607 0.012561274509803922
1 0.9824346405228758 0.7740502450980392 0.022058823529411766 0.012561274509803922
1 0.38766339869281047 0.7386642156862745 0.013888888888888888 0.010416666666666666
1 0.272875816993464 0.8673406862745098 0.022058823529411766 0.015931372549019607
1 0.7046568627450981 0.8189338235294118 0.021241830065359478 0.013480392156862746
1 0.8225081699346405 0.8045343137254902 0.016748366013071895 0.012254901960784314
1 0.7214052287581699 0.7867647058823529 0.016339869281045753 0.011029411764705883
1 0.5984477124183006 0.9117647058823529 0.021241830065359478 0.014093137254901961
1 0.6100898692810458 0.8232230392156863 0.01838235294117647 0.012254901960784314
1 0.49816176470588236 0.9474571078431373 0.023284313725490197 0.014399509803921568
1 0.46915849673202614 0.7843137254901961 0.01838235294117647 0.010416666666666666
1 0.7881944444444444 0.8262867647058824 0.01838235294117647 0.012867647058823529
1 0.4452614379084967 0.7190563725490197 0.013888888888888888 0.009191176470588236
1 0.505718954248366 0.8075980392156863 0.02042483660130719 0.012867647058823529
1 0.9234068627450981 0.7452512254901961 0.015931372549019607 0.01133578431372549
1 0.22998366013071894 0.8693321078431373 0.02042483660130719 0.015625
1 0.8574346405228758 0.8697916666666666 0.02696078431372549 0.017769607843137254
1 0.514501633986928 0.9600183823529411 0.024918300653594773 0.015625
1 0.5253267973856209 0.9424019607843137 0.022058823529411766 0.016544117647058824
1 0.3553921568627451 0.9944852941176471 0.027777777777777776 0.010416666666666666
1 0.8061683006535948 0.7754289215686274 0.017565359477124183 0.011642156862745098
1 0.3055555555555556 0.8100490196078431 0.0196078431372549 0.012867647058823529
1 0.7418300653594772 0.7809436274509803 0.017973856209150325 0.012254901960784314
1 0.477124183006536 0.9407169117647058 0.02287581699346405 0.015625
1 0.01082516339869281 0.7892156862745098 0.017565359477124183 0.013480392156862746
1 0.7992238562091504 0.7964154411764706 0.01919934640522876 0.013786764705882353
1 0.8478349673202614 0.7564338235294118 0.016748366013071895 0.011029411764705883
1 0.9838643790849673 0.7605698529411765 0.020016339869281044 0.012561274509803922
1 0.08088235294117647 0.8538602941176471 0.025326797385620915 0.017769607843137254
1 0.7054738562091504 0.7817095588235294 0.017973856209150325 0.013174019607843137
1 0.7593954248366013 0.8342524509803921 0.017973856209150325 0.014093137254901961
1 0.9595588235294118 0.7996323529411765 0.02042483660130719 0.012867647058823529
1 0.3790849673202614 0.8334865196078431 0.018790849673202614 0.012561274509803922
1 0.789828431372549 0.7728247549019608 0.01838235294117647 0.013174019607843137
1 0.3278186274509804 0.8207720588235294 0.02165032679738562 0.014705882352941176
1 0.693218954248366 0.8428308823529411 0.0196078431372549 0.014705882352941176
1 0.4499591503267974 0.9901960784313726 0.024101307189542485 0.016544117647058824
1 0.4462826797385621 0.8002450980392157 0.01919934640522876 0.014705882352941176
1 0.4042075163398693 0.9526654411764706 0.023284313725490197 0.020526960784313725
1 0.8419117647058824 0.9034926470588235 0.024509803921568627 0.017769607843137254
1 0.11356209150326797 0.782015931372549 0.022058823529411766 0.015012254901960785
1 0.15257352941176472 0.7277879901960784 0.020016339869281044 0.013174019607843137
1 0.5396241830065359 0.8374693627450981 0.02042483660130719 0.015012254901960785
1 0.08476307189542484 0.8596813725490197 0.023284313725490197 0.015318627450980392
1 0.42401960784313725 0.8999693627450981 0.022058823529411766 0.015012254901960785
1 0.8574346405228758 0.7818627450980392 0.022058823529411766 0.015931372549019607
1 0.015522875816993464 0.8907781862745098 0.025326797385620915 0.018688725490196078
1 0.16687091503267973 0.8362438725490197 0.026552287581699346 0.019301470588235295
1 0.08006535947712418 0.8788296568627451 0.022058823529411766 0.016237745098039217
1 0.10232843137254902 0.882046568627451 0.023284313725490197 0.017769607843137254
