0 0.994281045751634 0.6029411764705882 0.011437908496732025 0.009191176470588236
1 0.9940767973856209 0.27297794117647056 0.01184640522875817 0.015931372549019607
0 0.9011437908496732 0.6334252450980392 0.015522875816993464 0.01011029411764706
0 0.26633986928104575 0.6029411764705882 0.010620915032679739 0.007965686274509803
0 0.20588235294117646 0.6783088235294118 0.01715686274509804 0.012254901960784314
0 0.9654983660130719 0.5939031862745098 0.012696078431372548 0.008272058823529412
1 0.8569934640522876 0.26159160539215687 0.01627450980392157 0.011541053921568628
0 0.13255718954248366 0.6678921568627451 0.013480392156862746 0.009191176470588236
0 0.0806781045751634 0.6568627450980392 0.012663398692810458 0.007965686274509803
0 0.17422385620915032 0.6056985294117647 0.012663398692810458 0.00857843137254902
0 0.012254901960784314 0.6269914215686274 0.01715686274509804 0.01011029411764706
0 0.06576797385620915 0.6259191176470589 0.014705882352941176 0.010416666666666666
0 0.2173202614379085 0.6259191176470589 0.010620915032679739 0.007352941176470588
0 0.006740196078431373 0.7419638480392157 0.013480392156862746 0.012726715686274509
0 0.07066993464052287 0.6636029411764706 0.013071895424836602 0.007352941176470588
0 0.068218954248366 0.6429227941176471 0.012254901960784314 0.009497549019607842
0 0.21752450980392157 0.6533394607843137 0.012663398692810458 0.008272058823529412
1 0.4564950980392157 0.4030330882352941 0.025735294117647058 0.018688725490196078
0 0.8944035947712419 0.5939031862745098 0.012663398692810458 0.008884803921568627
0 0.9724264705882353 0.5914522058823529 0.016748366013071895 0.008272058823529412
1 0.5888480392156863 0.5229779411764706 0.017565359477124183 0.013480392156862746
0 0.08129084967320262 0.6377144607843137 0.012254901960784314 0.008272058823529412
1 0.8946078431372549 0.3831188725490196 0.018790849673202614 0.013174019607843137
0 0.8127042483660131 0.6208639705882353 0.016748366013071895 0.009497549019607842
0 0.9501633986928104 0.6245404411764706 0.014705882352941176 0.007659313725490196
0 0.0541891339869281 0.6453737745098039 0.012790032679738562 0.006433823529411764
0 0.024509803921568627 0.7212009803921569 0.015522875816993464 0.011029411764705883
0 0.9697712418300654 0.7202818627450981 0.02042483660130719 0.013480392156862746
1 0.9127859477124183 0.3434436274509804 0.020833333333333332 0.013480392156862746
1 0.8940972222222222 0.36910232843137253 0.017769607843137254 0.012714460784313725
0 0.9761029411764706 0.6173406862745098 0.013480392156862746 0.007965686274509803
0 0.829452614379085 0.6360294117647058 0.015931372549019607 0.00980392156862745
0 0.9497549019607843 0.6066176470588235 0.012254901960784314 0.007965686274509803
1 0.4511846405228758 0.42233455882352944 0.024101307189542485 0.019301470588235295
0 0.10804738562091504 0.6136642156862745 0.01184640522875817 0.007965686274509803
0 0.7316176470588235 0.6485906862745098 0.017973856209150325 0.011642156862745098
0 0.11458333333333333 0.6321997549019608 0.011029411764705883 0.008272058823529412
0 0.4636437908496732 0.6645220588235294 0.013888888888888888 0.009191176470588236
0 0.9330065359477124 0.6340379901960784 0.014705882352941176 0.009497549019607842
1 0.8412990196078431 0.25628063725490197 0.01838235294117647 0.012561274509803922
1 0.5619505718954249 0.33763480392156864 0.015241013071895427 0.011666666666666665
0 0.8796977124183006 0.6412377450980392 0.015931372549019607 0.010416666666666666
1 0.9295343137254902 0.24724264705882354 0.020016339869281044 0.011642156862745098
1 0.06517156862745098 0.3159175857843137 0.017598039215686274 0.013575367647058825
1 0.9922385620915033 0.2610294117647059 0.015522875816993464 0.015931372549019607
0 0.8251633986928104 0.6227022058823529 0.015522875816993464 0.01011029411764706
0 0.9695669934640523 0.6044730392156863 0.01511437908496732 0.00857843137254902
0 0.5649509803921569 0.7238051470588235 0.013888888888888888 0.010723039215686275
0 0.054125816993464054 0.6193321078431373 0.01511437908496732 0.008884803921568627
0 0.153390522875817 0.6204044117647058 0.012663398692810458 0.007965686274509803
0 0.9891748366013072 0.5948223039215687 0.013480392156862746 0.009497549019607842
0 0.0704656862745098 0.6306678921568627 0.015931372549019607 0.01011029411764706
1 0.05095179738562092 0.3114751838235294 0.0185702614379085 0.013268995098039216
0 0.9536356209150327 0.6329656862745098 0.016748366013071895 0.009191176470588236
0 0.05228758169934641 0.6502757352941176 0.011437908496732025 0.007659313725490196
1 0.21915849673202614 0.4810049019607843 0.016748366013071895 0.011642156862745098
0 0.9624183006535948 0.6194852941176471 0.013888888888888888 0.00857843137254902
0 0.2565359477124183 0.6499693627450981 0.013071895424836602 0.008884803921568627
0 0.02185457516339869 0.6596200980392157 0.017565359477124183 0.011029411764705883
1 0.18484477124183007 0.3716299019607843 0.017565359477124183 0.013480392156862746
0 0.18913398692810457 0.6547181372549019 0.014705882352941176 0.009191176470588236
0 0.3255718954248366 0.6662071078431373 0.013888888888888888 0.008272058823529412
0 0.25755718954248363 0.6795343137254902 0.012663398692810458 0.009191176470588236
0 0.03799019607843137 0.6470588235294118 0.013071895424836602 0.00857843137254902
0 0.14358660130718953 0.6657475490196079 0.013480392156862746 0.009191176470588236
1 0.5748958333333334 0.2406433823529412 0.02070669934640523 0.014375
1 0.923202614379085 0.31009957107843134 0.017973856209150325 0.013581495098039215
0 0.17177287581699346 0.7322303921568627 0.01511437908496732 0.011642156862745098
0 0.11744281045751634 0.6689644607843137 0.012663398692810458 0.008272058823529412
1 0.9401552287581699 0.30514705882352944 0.01919934640522876 0.01715686274509804
0 0.006127450980392157 0.7524509803921569 0.012254901960784314 0.014705882352941176
1 0.9767156862745098 0.27879901960784315 0.021241830065359478 0.014705882352941176
0 0.5984477124183006 0.7264093137254902 0.015522875816993464 0.011029411764705883
0 0.008986928104575163 0.7689950980392157 0.016339869281045753 0.011642156862745098
0 0.3500816993464052 0.6734068627450981 0.012254901960784314 0.009191176470588236
1 0.02042483660130719 0.3385416666666667 0.016339869281045753 0.012254901960784314
0 0.7636846405228758 0.7022058823529411 0.020016339869281044 0.013480392156862746
1 0.16344566993464052 0.5145297181372549 0.015616830065359476 0.011902573529411766
0 0.07393790849673203 0.6521139705882353 0.012254901960784314 0.008272058823529412
0 0.6021241830065359 0.6956188725490197 0.016339869281045753 0.01133578431372549
1 0.9023692810457516 0.3440563725490196 0.017973856209150325 0.014093137254901961
0 0.4113562091503268 0.6671262254901961 0.013888888888888888 0.008884803921568627
0 0.7142565359477124 0.6738664215686274 0.01511437908496732 0.012561274509803922
0 0.30249183006535946 0.6525735294117647 0.014297385620915032 0.00980392156862745
1 0.8860294117647058 0.31525735294117646 0.017973856209150325 0.012867647058823529
1 0.8095404411764706 0.39667585784313725 0.021858660130718955 0.01639093137254902
1 0.005718954248366013 0.5117953431372549 0.011437908496732025 0.013786764705882353
0 0.6172385620915033 0.680453431372549 0.01715686274509804 0.011029411764705883
0 0.636437908496732 0.6839767156862745 0.018790849673202614 0.010723039215686275
1 0.03104575163398693 0.6001838235294118 0.022058823529411766 0.014705882352941176
1 0.9238153594771242 0.26700367647058826 0.020833333333333332 0.016237745098039217
1 0.280921160130719 0.4223468137254902 0.018541666666666668 0.013198529411764706
0 0.018790849673202614 0.6897977941176471 0.01715686274509804 0.01011029411764706
1 0.8737745098039216 0.27481617647058826 0.017973856209150325 0.012867647058823529
0 0.10416666666666667 0.6346507352941176 0.013071895424836602 0.008884803921568627
1 0.09109477124183006 0.44669117647058826 0.017973856209150325 0.012867647058823529
0 0.9916258169934641 0.6901041666666666 0.016748366013071895 0.013786764705882353
1 0.5784313725490197 0.5609681372549019 0.022058823529411766 0.015318627450980392
0 0.616421568627451 0.7486213235294118 0.0196078431372549 0.012561274509803922
0 0.24448529411764705 0.6573223039215687 0.015931372549019607 0.01011029411764706
0 0.29064542483660133 0.6652879901960784 0.014297385620915032 0.009497549019607842
0 0.9528186274509803 0.6423100490196079 0.015931372549019607 0.009497549019607842
0 0.9650735294117647 0.6525735294117647 0.01838235294117647 0.011642156862745098
0 0.9732434640522876 0.6395526960784313 0.01511437908496732 0.01011029411764706
0 0.23284313725490197 0.6965379901960784 0.013888888888888888 0.01011029411764706
0 0.09048202614379085 0.6415441176470589 0.012663398692810458 0.009191176470588236
0 0.2107843137254902 0.7048100490196079 0.01715686274509804 0.01133578431372549
0 0.37683823529411764 0.6691176470588235 0.013480392156862746 0.00980392156862745
0 0.7973856209150327 0.6374080882352942 0.01715686274509804 0.011948529411764705
0 0.5725081699346405 0.7045036764705882 0.01919934640522876 0.011948529411764705
1 0.46430351307189544 0.43106617647058826 0.021744281045751632 0.016544117647058824
1 0.6701388888888888 0.5202205882352942 0.023284313725490197 0.017769607843137254
0 0.2485702614379085 0.6897977941176471 0.017565359477124183 0.01011029411764706
0 0.9848856209150327 0.6469056372549019 0.018790849673202614 0.01011029411764706
0 0.8363970588235294 0.7077205882352942 0.01511437908496732 0.011029411764705883
1 0.9507761437908496 0.3082107843137255 0.02165032679738562 0.01715686274509804
1 0.17912581699346405 0.3405330882352941 0.020016339869281044 0.014399509803921568
1 0.8416748366013073 0.40188419117647056 0.023218954248366015 0.015778186274509803
1 0.8427287581699346 0.2638373161764706 0.01715686274509804 0.013581495098039215
1 0.08741830065359477 0.5545343137254902 0.018790849673202614 0.012254901960784314
0 0.26266339869281047 0.6603860294117647 0.01715686274509804 0.01133578431372549
0 0.28737745098039214 0.6548713235294118 0.01511437908496732 0.01011029411764706
0 0.8400735294117647 0.6501225490196079 0.016748366013071895 0.012867647058823529
0 0.22181372549019607 0.719515931372549 0.015522875816993464 0.01011029411764706
1 0.20696691176470586 0.5017432598039215 0.01769199346405229 0.012677696078431373
0 0.22344771241830066 0.6732536764705882 0.016339869281045753 0.010723039215686275
1 0.9109477124183006 0.3092830882352941 0.017973856209150325 0.012561274509803922
0 0.28125 0.7094056372549019 0.015931372549019607 0.01133578431372549
0 0.5782271241830066 0.7345281862745098 0.016748366013071895 0.011948529411764705
0 0.6017156862745098 0.6714154411764706 0.017973856209150325 0.012561274509803922
1 0.8880718954248366 0.3008578431372549 0.02042483660130719 0.013480392156862746
1 0.8578431372549019 0.19745710784313725 0.02287581699346405 0.01685049019607843
0 0.18852124183006536 0.6758578431372549 0.01838235294117647 0.011642156862745098
0 0.08517156862745098 0.7071078431372549 0.017565359477124183 0.012254901960784314
1 0.9393382352941176 0.18658088235294118 0.020016339869281044 0.014093137254901961
0 0.0798611111111111 0.6875 0.015931372549019607 0.011029411764705883
0 0.7406045751633987 0.7034313725490197 0.0196078431372549 0.014093137254901961
0 0.03451797385620915 0.7300857843137255 0.01838235294117647 0.011642156862745098
1 0.8643116830065359 0.2620511642156863 0.012937091503267974 0.010621936274509804
1 0.11049836601307189 0.4253982843137255 0.020833333333333332 0.013786764705882353
0 0.3668300653594771 0.6773897058823529 0.015522875816993464 0.009191176470588236
0 0.846609477124183 0.7126225490196079 0.01838235294117647 0.013480392156862746
1 0.09660947712418301 0.5718443627450981 0.01919934640522876 0.012561274509803922
1 0.9877450980392157 0.31893382352941174 0.021241830065359478 0.01715686274509804
0 0.8223508986928104 0.6389981617647059 0.01725081699346405 0.010839460784313725
1 0.12316176470588236 0.43949142156862747 0.01919934640522876 0.013786764705882353
0 0.43913398692810457 0.7193627450980392 0.021241830065359478 0.015318627450980392
0 0.11764705882352941 0.7582720588235294 0.0196078431372549 0.013480392156862746
0 0.2638888888888889 0.7394301470588235 0.021241830065359478 0.015625
0 0.20976307189542484 0.6818321078431373 0.01838235294117647 0.012561274509803922
0 0.47998366013071897 0.7475490196078431 0.022058823529411766 0.015318627450980392
0 0.41421568627450983 0.7308517156862745 0.02042483660130719 0.013786764705882353
1 0.4258578431372549 0.42003676470588236 0.027369281045751634 0.02022058823529412
1 0.6039624183006536 0.4800857843137255 0.030637254901960783 0.022058823529411766
0 0.5604575163398693 0.7738970588235294 0.021241830065359478 0.014093137254901961
0 0.6942401960784313 0.7774203431372549 0.025735294117647058 0.019301470588235295
1 0.850749591503268 0.4056632965686275 0.020126633986928107 0.01659620098039216
1 0.9298406862745098 0.30624540441176473 0.01491013071895425 0.01200061274509804