0 0.2604166666666667 0.7653186274509803 0.01919934640522876 0.011642156862745098
1 0.414624183006536 0.6253063725490197 0.02042483660130719 0.014705882352941176
0 0.44546568627450983 0.7035845588235294 0.01919934640522876 0.011948529411764705
0 0.44281045751633985 0.7311580882352942 0.014705882352941176 0.010723039215686275
0 0.3112745098039216 0.6680453431372549 0.015522875816993464 0.01011029411764706
1 0.53125 0.6259191176470589 0.024918300653594773 0.016544117647058824
1 0.4021650326797386 0.4273897058823529 0.024101307189542485 0.01715686274509804
0 0.2193627450980392 0.7575061274509803 0.0196078431372549 0.01133578431372549
1 0.03165849673202614 0.5698529411764706 0.01919934640522876 0.014093137254901961
0 0.7032271241830066 0.6934742647058824 0.015931372549019607 0.01011029411764706
0 0.7212009803921569 0.7936580882352942 0.013480392156862746 0.011948529411764705
0 0.31495098039215685 0.7306985294117647 0.017973856209150325 0.012254901960784314
0 0.5616830065359477 0.6527267156862745 0.013888888888888888 0.010723039215686275
1 0.3639705882352941 0.5484068627450981 0.0196078431372549 0.015318627450980392
1 0.008374183006535947 0.5900735294117647 0.016748366013071895 0.013480392156862746
0 0.26491013071895425 0.7234987745098039 0.013480392156862746 0.01011029411764706
1 0.1294934640522876 0.4033394607843137 0.018790849673202614 0.014399509803921568
0 0.6687091503267973 0.6420036764705882 0.016339869281045753 0.01011029411764706
1 0.1256127450980392 0.42202818627450983 0.016748366013071895 0.01133578431372549
0 0.5804738562091504 0.7768075980392157 0.014705882352941176 0.011948529411764705
0 0.5796568627450981 0.7308517156862745 0.017973856209150325 0.01011029411764706
0 0.14276960784313725 0.8846507352941176 0.016748366013071895 0.012561274509803922
1 0.07679738562091504 0.4021139705882353 0.022058823529411766 0.015625
0 0.22426470588235295 0.7227328431372549 0.016339869281045753 0.011029411764705883
0 0.6930147058823529 0.6919424019607843 0.015931372549019607 0.01133578431372549
1 0.028186274509803922 0.5891544117647058 0.018790849673202614 0.014093137254901961
1 0.21548202614379086 0.45481004901960786 0.02165032679738562 0.01685049019607843
0 0.7428513071895425 0.7536764705882353 0.02165032679738562 0.015318627450980392
0 0.900531045751634 0.663296568627451 0.015931372549019607 0.010416666666666666
0 0.2340686274509804 0.7078737745098039 0.016339869281045753 0.010723039215686275
0 0.7520424836601307 0.7470894607843137 0.02042483660130719 0.013174019607843137
1 0.05780228758169935 0.5813419117647058 0.02165032679738562 0.015012254901960785
0 0.35927287581699346 0.8975183823529411 0.020833333333333332 0.013786764705882353
0 0.27450980392156865 0.6850490196078431 0.016339869281045753 0.011029411764705883
0 0.7028186274509803 0.6803002450980392 0.01838235294117647 0.013174019607843137
1 0.010008169934640522 0.5690870098039216 0.017565359477124183 0.015012254901960785
0 0.8321078431372549 0.6934742647058824 0.015522875816993464 0.010723039215686275
1 0.30923202614379086 0.5516237745098039 0.026143790849673203 0.018688725490196078
1 0.34477124183006536 0.5798100490196079 0.021241830065359478 0.015012254901960785
0 0.2426470588235294 0.7475490196078431 0.02042483660130719 0.014705882352941176
0 0.5040849673202614 0.8359375 0.021241830065359478 0.014399509803921568
0 0.9411764705882353 0.688265931372549 0.015522875816993464 0.010723039215686275
0 0.2062908496732026 0.7795649509803921 0.017973856209150325 0.014399509803921568
0 0.3946078431372549 0.7809436274509803 0.0196078431372549 0.014093137254901961
0 0.13929738562091504 0.7948835784313726 0.017973856209150325 0.014399509803921568
0 0.6738153594771242 0.71875 0.02246732026143791 0.013480392156862746
0 0.7162990196078431 0.7772671568627451 0.01511437908496732 0.013480392156862746
1 0.08129084967320262 0.5096507352941176 0.024509803921568627 0.016237745098039217
0 0.880718954248366 0.8154105392156863 0.02042483660130719 0.013786764705882353
0 0.4738562091503268 0.7092524509803921 0.018790849673202614 0.012254901960784314
0 0.6713643790849673 0.8178615196078431 0.015931372549019607 0.011948529411764705
0 0.571078431372549 0.7870710784313726 0.021241830065359478 0.012867647058823529
0 0.2508169934640523 0.6871936274509803 0.01715686274509804 0.011029411764705883
0 0.5702614379084967 0.7729779411764706 0.016339869281045753 0.013480392156862746
0 0.7246732026143791 0.8071384803921569 0.017973856209150325 0.014399509803921568
0 0.6039624183006536 0.6858149509803921 0.017565359477124183 0.012561274509803922
0 0.434640522875817 0.7889093137254902 0.018790849673202614 0.014705882352941176
0 0.511437908496732 0.6856617647058824 0.01715686274509804 0.011029411764705883
0 0.18280228758169934 0.7593443627450981 0.020833333333333332 0.014399509803921568
0 0.5383986928104575 0.7702205882352942 0.022058823529411766 0.014705882352941176
1 0.4483251633986928 0.3788296568627451 0.025735294117647058 0.019301470588235295
0 0.4105392156862745 0.844515931372549 0.02369281045751634 0.01685049019607843
0 0.5406454248366013 0.9163602941176471 0.01919934640522876 0.012867647058823529
0 0.24509803921568626 0.8048406862745098 0.02042483660130719 0.012867647058823529
0 0.5075571895424836 0.639859068627451 0.01919934640522876 0.013174019607843137
0 0.411968954248366 0.8990502450980392 0.020016339869281044 0.015625
0 0.9579248366013072 0.7864583333333334 0.017973856209150325 0.011642156862745098
1 0.10498366013071896 0.4537377450980392 0.02042483660130719 0.015931372549019607
0 0.40645424836601307 0.7297794117647058 0.021241830065359478 0.015318627450980392
1 0.40236928104575165 0.5248161764705882 0.03022875816993464 0.02144607843137255
1 0.0545343137254902 0.4742647058823529 0.02246732026143791 0.015931372549019607
1 0.05290032679738562 0.3170955882352941 0.02165032679738562 0.015318627450980392
0 0.24632352941176472 0.7887561274509803 0.021241830065359478 0.014399509803921568
0 0.633578431372549 0.6905637254901961 0.021241830065359478 0.015318627450980392
0 0.44893790849673204 0.7545955882352942 0.018790849673202614 0.014093137254901961
0 0.39419934640522875 0.8368566176470589 0.021241830065359478 0.016237745098039217
0 0.2207924836601307 0.7682291666666666 0.02246732026143791 0.015012254901960785
1 0.42626633986928103 0.6609987745098039 0.023284313725490197 0.01685049019607843
0 0.5308415032679739 0.84375 0.023284313725490197 0.016544117647058824
1 0.05984477124183007 0.4163602941176471 0.02246732026143791 0.015931372549019607
0 0.7914624183006536 0.9799325980392157 0.024918300653594773 0.017463235294117647
1 0.43790849673202614 0.5337009803921569 0.026143790849673203 0.0196078431372549
1 0.3895016339869281 0.6276041666666666 0.028186274509803922 0.01991421568627451
0 0.5723039215686274 0.8242953431372549 0.02287581699346405 0.018075980392156864
0 0.5588235294117647 0.9935661764705882 0.03104575163398693 0.011642156862745098
0 0.9044117647058824 0.9776348039215687 0.028594771241830064 0.020833333333333332
0 0.2951388888888889 0.8955269607843137 0.026552287581699346 0.017769607843137254
1 0.06783496732026144 0.5821078431372549 0.017205882352941175 0.013480392156862746