0 0.870390114379085 0.6352144607843138 0.010388071895424837 0.00633578431372549
1 0.37806372549019607 0.6328125 0.017565359477124183 0.012561274509803922
0 0.8642279411764706 0.6336749387254902 0.010318627450980392 0.005707720588235294
1 0.056781045751633986 0.34375 0.016339869281045753 0.011642156862745098
1 0.6258169934640523 0.37271599264705885 0.015522875816993464 0.011976102941176472
0 0.8063725490196079 0.6688112745098039 0.012254901960784314 0.007965686274509803
0 0.46977124183006536 0.6337316176470589 0.010620915032679739 0.0070465686274509805
0 0.6785130718954249 0.7333026960784313 0.016339869281045753 0.01133578431372549
0 0.20431372549019608 0.6444301470588235 0.010751633986928105 0.007610294117647059
0 0.4583333333333333 0.6331188725490197 0.011437908496732025 0.007659313725490196
1 0.5625 0.42723651960784315 0.018790849673202614 0.013174019607843137
0 0.4963235294117647 0.6897977941176471 0.013888888888888888 0.009497549019607842
0 0.35641339869281047 0.7818627450980392 0.014297385620915032 0.00980392156862745
0 0.7032271241830066 0.7189031862745098 0.01511437908496732 0.01133578431372549
0 0.8758169934640523 0.6374800857843138 0.012254901960784314 0.00657781862745098
0 0.4470996732026144 0.6547181372549019 0.016748366013071895 0.010416666666666666
0 0.8858251633986928 0.6306678921568627 0.014297385620915032 0.01011029411764706
1 0.0886437908496732 0.6193642769607843 0.024509803921568627 0.015689338235294118
1 0.5004084967320261 0.5038296568627451 0.021241830065359478 0.016237745098039217
1 0.1111111111111111 0.6533394607843137 0.02042483660130719 0.015012254901960785
1 0.7169117647058824 0.40778186274509803 0.018790849673202614 0.014093137254901961
0 0.2193627450980392 0.6842830882352942 0.014705882352941176 0.01011029411764706
1 0.10188316993464053 0.42227941176470585 0.017491830065359478 0.012450980392156863
0 0.6921977124183006 0.6787683823529411 0.01511437908496732 0.009497549019607842
0 0.30494281045751637 0.6620710784313726 0.014297385620915032 0.00980392156862745
0 0.207312091503268 0.7054227941176471 0.012663398692810458 0.008884803921568627
0 0.06576797385620915 0.7365196078431373 0.01715686274509804 0.011642156862745098
0 0.7189542483660131 0.7198223039215687 0.016339869281045753 0.012561274509803922
1 0.39043096405228755 0.40482996323529413 0.020241013071895422 0.013704044117647057
1 0.6720853758169935 0.40603247549019605 0.020641339869281045 0.01610906862745098
0 0.9264705882352942 0.7118566176470589 0.01715686274509804 0.011948529411764705
0 0.8651960784313726 0.6908700980392157 0.016339869281045753 0.011642156862745098
1 0.02144607843137255 0.555453431372549 0.02900326797385621 0.022058823529411766
1 0.11948529411764706 0.6631433823529411 0.02165032679738562 0.015012254901960785
0 0.049223856209150325 0.7838541666666666 0.026552287581699346 0.01685049019607843
1 0.6787642973856209 0.4061213235294117 0.017659313725490195 0.013223039215686273