0 0.6213235294117647 0.6151960784313726 0.014705882352941176 0.00980392156862745
0 0.5096732026143791 0.6000719975490196 0.01281045751633987 0.00896752450980392
0 0.8584558823529411 0.6885723039215687 0.013480392156862746 0.008884803921568627
0 0.6331699346405228 0.6228553921568627 0.015522875816993464 0.010416666666666666
0 0.8069852941176471 0.725796568627451 0.016748366013071895 0.00980392156862745
0 0.08558006535947713 0.6401654411764706 0.020016339869281044 0.011948529411764705
1 0.36469566993464053 0.5276424632352941 0.01779003267973856 0.013618259803921569
0 0.0704656862745098 0.6357230392156863 0.01838235294117647 0.012867647058823529
1 0.982453022875817 0.41381127450980393 0.026180555555555558 0.018799019607843137
0 0.45526960784313725 0.6089154411764706 0.01838235294117647 0.013174019607843137
0 0.4166666666666667 0.5977328431372549 0.017973856209150325 0.011642156862745098
0 0.983251633986928 0.6937806372549019 0.02042483660130719 0.015625
0 0.8355800653594772 0.6939338235294118 0.025735294117647058 0.014705882352941176
0 0.8446977124183007 0.591966911764706 0.017009803921568627 0.009301470588235295
0 0.7769607843137255 0.6829044117647058 0.018790849673202614 0.013480392156862746
0 0.8466891339869281 0.5874004289215686 0.013639705882352941 0.007521446078431373
0 0.842530637254902 0.5842248774509804 0.011041666666666667 0.006685049019607843