0 0.38480392156862747 0.686734068627451 0.015522875816993464 0.010723039215686275
0 0.9920343137254902 0.7685355392156863 0.01511437908496732 0.015012254901960785
0 0.49816176470588236 0.8604473039215687 0.01919934640522876 0.013174019607843137
0 0.9863153594771242 0.7565870098039216 0.020016339869281044 0.014399509803921568
1 0.3920220588235294 0.3083639705882353 0.020972222222222222 0.015012254901960785
0 0.042279411764705885 0.8059129901960784 0.02246732026143791 0.013786764705882353
0 0.016748366013071895 0.7400428921568627 0.015522875816993464 0.010723039215686275
0 0.936343954248366 0.865093443627451 0.018929738562091503 0.013887867647058823
0 0.8022875816993464 0.9517463235294118 0.02042483660130719 0.013174019607843137
0 0.9070669934640523 0.7941176470588235 0.020016339869281044 0.012867647058823529
0 0.934640522875817 0.7861519607843137 0.01715686274509804 0.011029411764705883
1 0.9509803921568627 0.4430147058823529 0.018790849673202614 0.013480392156862746
0 0.23863153594771241 0.8521752450980392 0.01811274509803922 0.013786764705882353
0 0.9638480392156863 0.6519607843137255 0.013480392156862746 0.00857843137254902
0 0.40727124183006536 0.844515931372549 0.018790849673202614 0.013174019607843137
0 0.3639705882352941 0.7046568627450981 0.017973856209150325 0.011642156862745098
1 0.15352736928104574 0.3718857230392157 0.015388071895424838 0.011541053921568628
0 0.5351307189542484 0.8932291666666666 0.02369281045751634 0.01685049019607843
1 0.27505514705882356 0.2701700367647059 0.01661356209150327 0.011541053921568628
0 0.4076797385620915 0.8344056372549019 0.0196078431372549 0.013786764705882353
0 0.9493464052287581 0.7602634803921569 0.018790849673202614 0.013174019607843137
0 0.7741013071895425 0.8149509803921569 0.017973856209150325 0.013480392156862746
0 0.6435866013071896 0.7677696078431373 0.016748366013071895 0.012254901960784314
0 0.5694444444444444 0.8318014705882353 0.02042483660130719 0.014705882352941176
1 0.8434783496732027 0.4406142769607843 0.01702205882352941 0.01296875
1 0.5599142156862745 0.320516237745098 0.016070261437908497 0.012356004901960784
1 0.8386437908496732 0.45103094362745094 0.01715686274509804 0.012356004901960784
0 0.9569035947712419 0.7728247549019608 0.020016339869281044 0.013174019607843137
1 0.7595322712418301 0.5279825367647059 0.02314950980392157 0.01736213235294118
1 0.8437520424836602 0.6786657475490196 0.024105392156862745 0.01725796568627451
0 0.8698937908496732 0.8053002450980392 0.020833333333333332 0.013786764705882353
0 0.9752859477124183 0.7314644607843137 0.02165032679738562 0.014399509803921568
0 0.9084967320261438 0.7454044117647058 0.022058823529411766 0.014705882352941176
1 0.875749591503268 0.43142310049019605 0.018656045751633987 0.013581495098039215
0 0.6819852941176471 0.7591911764705882 0.02246732026143791 0.015931372549019607
0 0.45526960784313725 0.8080575980392157 0.020016339869281044 0.015625
0 0.8498774509803921 0.7970281862745098 0.025735294117647058 0.01685049019607843
0 0.284109477124183 0.8506433823529411 0.02900326797385621 0.022365196078431373
0 0.6331699346405228 0.8691789215686274 0.02287581699346405 0.01838235294117647
1 0.0768157679738562 0.3800045955882353 0.010657679738562091 0.008170955882352941
1 0.453000408496732 0.22293658088235294 0.012209967320261438 0.008373161764705882