0 0.8819444444444444 0.577359068627451 0.012254901960784314 0.008884803921568627
0 0.14460784313725492 0.7526041666666666 0.021241830065359478 0.013786764705882353
0 0.17626633986928106 0.7561274509803921 0.02165032679738562 0.015318627450980392
0 0.7906454248366013 0.6317401960784313 0.013480392156862746 0.010416666666666666
0 0.07230392156862746 0.5680147058823529 0.013071895424836602 0.009191176470588236
0 0.9926470588235294 0.6044730392156863 0.014705882352941176 0.012254901960784314
1 0.40515522875816995 0.5106112132352941 0.02354575163398693 0.018158700980392156
0 0.8570261437908496 0.5611213235294118 0.016339869281045753 0.01133578431372549
0 0.7969771241830066 0.6138174019607843 0.015522875816993464 0.01133578431372549
1 0.46872549019607845 0.3610217524509804 0.018333333333333333 0.01371017156862745
0 0.5524918300653595 0.8010110294117647 0.024918300653594773 0.017463235294117647
1 0.9548611111111112 0.2977941176470588 0.03308823529411765 0.02022058823529412
0 0.7743055555555556 0.5837928921568627 0.01511437908496732 0.010723039215686275
0 0.38991013071895425 0.6646752450980392 0.01919934640522876 0.013786764705882353
0 0.7890114379084967 0.5834865196078431 0.016748366013071895 0.011948529411764705
1 0.4735763888888889 0.33978553921568627 0.019048202614379086 0.012904411764705881
0 0.8752042483660131 0.6977634803921569 0.01919934640522876 0.013786764705882353
0 0.9767156862745098 0.6881127450980392 0.021241830065359478 0.014093137254901961
1 0.4574918300653595 0.36529258578431373 0.016290849673202615 0.012447916666666668