0 0.6680964052287581 0.6905637254901961 0.02246732026143791 0.014093137254901961
1 0.9449203431372549 0.45338082107843136 0.01565767973856209 0.011541053921568628
0 0.8880718954248366 0.6712622549019608 0.011437908496732025 0.00857843137254902
0 0.27961601307189543 0.733609068627451 0.015931372549019607 0.009497549019607842
1 0.10412173202614379 0.6604028799019608 0.020334967320261438 0.01382046568627451
0 0.01919934640522876 0.7406556372549019 0.014705882352941176 0.009497549019607842
0 0.5059232026143791 0.9597120098039216 0.01838235294117647 0.013786764705882353
1 0.08639705882352941 0.6181066176470589 0.02165032679738562 0.015012254901960785
0 0.9912173202614379 0.765625 0.013480392156862746 0.009191176470588236
0 0.46854575163398693 0.7356004901960784 0.013888888888888888 0.011029411764705883
0 0.032883986928104576 0.7349877450980392 0.017565359477124183 0.011642156862745098
0 0.33169934640522875 0.9387254901960784 0.02287581699346405 0.016544117647058824
0 0.9670036764705882 0.678376225490196 0.013255718954248367 0.008100490196078431
0 0.018995098039215685 0.7533700980392157 0.016748366013071895 0.011029411764705883
1 0.7487745098039216 0.6292892156862745 0.02369281045751634 0.015931372549019607
0 0.3474264705882353 0.8569240196078431 0.020016339869281044 0.013480392156862746
0 0.00959967320261438 0.8114276960784313 0.015931372549019607 0.013174019607843137
0 0.7314133986928104 0.7997855392156863 0.02165032679738562 0.013174019607843137
0 0.49611928104575165 0.7049632352941176 0.01838235294117647 0.012254901960784314
0 0.017565359477124183 0.8337928921568627 0.026143790849673203 0.016237745098039217
0 0.10784313725490197 0.8230698529411765 0.02042483660130719 0.013786764705882353
0 0.9307598039215687 0.9287683823529411 0.01919934640522876 0.012561274509803922
0 0.8419117647058824 0.7800245098039216 0.015522875816993464 0.00980392156862745
1 0.09272875816993464 0.7002144607843137 0.018790849673202614 0.013786764705882353
0 0.960171568627451 0.7248774509803921 0.01511437908496732 0.00980392156862745
1 0.125 0.6567095588235294 0.017973856209150325 0.013786764705882353
0 0.3394607843137255 0.9007352941176471 0.017973856209150325 0.014093137254901961
1 0.1337826797385621 0.6493566176470589 0.01919934640522876 0.013174019607843137
1 0.9589011437908497 0.5436749387254902 0.023194444444444445 0.01504595588235294
0 0.8555964052287581 0.8057598039215687 0.01919934640522876 0.011029411764705883
0 0.7961601307189542 0.8356311274509803 0.017973856209150325 0.011948529411764705
0 0.2757352941176471 0.9059436274509803 0.024509803921568627 0.015931372549019607
0 0.8966503267973857 0.7025122549019608 0.013071895424836602 0.00857843137254902
1 0.9833415032679738 0.6767264093137255 0.01815359477124183 0.013379289215686275
0 0.22365196078431374 0.9022671568627451 0.025735294117647058 0.016544117647058824
0 0.0900735294117647 0.8189338235294118 0.020833333333333332 0.013480392156862746
0 0.8486519607843137 0.8575367647058824 0.020016339869281044 0.013480392156862746
0 0.9160539215686274 0.8072916666666666 0.020833333333333332 0.014093137254901961
0 0.9697712418300654 0.8537071078431373 0.016339869281045753 0.011948529411764705
0 0.7205882352941176 0.7651654411764706 0.01715686274509804 0.01133578431372549
0 0.11397058823529412 0.7166053921568627 0.015522875816993464 0.010416666666666666
0 0.6376633986928104 0.9635416666666666 0.024509803921568627 0.017769607843137254
0 0.911968954248366 0.811734068627451 0.017565359477124183 0.011948529411764705
0 0.24897875816993464 0.8227634803921569 0.020833333333333332 0.015012254901960785
0 0.22058823529411764 0.9635416666666666 0.02696078431372549 0.01715686274509804
0 0.10498366013071896 0.7844669117647058 0.024509803921568627 0.015012254901960785
0 0.3116830065359477 0.8475796568627451 0.021241830065359478 0.015625
1 0.7359068627450981 0.7069883578431373 0.02165032679738562 0.015692401960784315
0 0.8057598039215687 0.8440563725490197 0.017565359477124183 0.012254901960784314
1 0.11601307189542484 0.6760110294117647 0.022058823529411766 0.015012254901960785
0 0.026756535947712417 0.7052696078431373 0.01919934640522876 0.012254901960784314
0 0.4483251633986928 0.8425245098039216 0.020016339869281044 0.015318627450980392
1 0.012867647058823529 0.6352634803921569 0.025735294117647058 0.01991421568627451
1 0.3401429738562091 0.5125444240196079 0.028325163398692812 0.020799632352941178
1 0.14508578431372549 0.47251225490196075 0.025465686274509805 0.01855392156862745
1 0.11131535947712418 0.6537990196078431 0.02246732026143791 0.01715686274509804
0 0.6540032679738562 0.8875612745098039 0.022058823529411766 0.015318627450980392
0 0.23529411764705882 0.9488357843137255 0.027777777777777776 0.020833333333333332
0 0.7195669934640523 0.8163296568627451 0.017565359477124183 0.012561274509803922
0 0.1860702614379085 0.8967524509803921 0.024101307189542485 0.016544117647058824
0 0.7346813725490197 0.7945772058823529 0.02246732026143791 0.015012254901960785
0 0.8766339869281046 0.9555759803921569 0.018790849673202614 0.014093137254901961
0 0.5802696078431373 0.8864889705882353 0.01838235294117647 0.014399509803921568
1 0.45420343137254904 0.526875 0.02360294117647059 0.016985294117647057
0 0.153390522875817 0.7156862745098039 0.017565359477124183 0.011642156862745098
1 0.4517075163398693 0.26581188725490196 0.020245098039215686 0.015079656862745098
1 0.9851572712418301 0.7350903799019608 0.022602124183006535 0.01552389705882353
0 0.7906454248366013 0.7981004901960784 0.02246732026143791 0.014093137254901961
1 0.11546977124183007 0.6203875612745098 0.02178921568627451 0.015897671568627453
1 0.8402777777777778 0.6449142156862745 0.024509803921568627 0.01838235294117647
0 0.2093545751633987 0.9244791666666666 0.024101307189542485 0.017463235294117647
0 0.724468954248366 0.9204963235294118 0.02165032679738562 0.015625
0 0.5696486928104575 0.8443627450980392 0.020833333333333332 0.015318627450980392
0 0.8925653594771242 0.8080575980392157 0.0196078431372549 0.013174019607843137
0 0.9848856209150327 0.8423713235294118 0.018790849673202614 0.014399509803921568
1 0.32604983660130715 0.4926133578431373 0.0320016339869281 0.022604166666666668
1 0.09159313725490197 0.5961335784313725 0.03040849673202614 0.021311274509803923
1 0.10628676470588236 0.6126424632352941 0.017312091503267974 0.013275122549019608
1 0.11981413398692811 0.662547487745098 0.018223039215686274 0.012594975490196078
0 0.15587214052287582 0.7082659313725491 0.013541666666666665 0.007830882352941175