0 0.8238705065359477 0.6396032475490196 0.011303104575163399 0.005922181372549019
0 0.8661499183006536 0.6348805147058824 0.010077614379084969 0.006893382352941176
0 0.8008578431372549 0.6380208333333334 0.01184640522875817 0.007659313725490196
0 0.06719771241830065 0.6829044117647058 0.016748366013071895 0.011029411764705883
0 0.8157679738562091 0.6472120098039216 0.013071895424836602 0.007659313725490196
1 0.05555555555555555 0.6111366421568627 0.013071895424836602 0.009037990196078432
0 0.3895016339869281 0.7406556372549019 0.01919934640522876 0.012561274509803922
0 0.8368055555555556 0.6402159926470589 0.010212418300653595 0.006534926470588235
0 0.4456699346405229 0.6334252450980392 0.017973856209150325 0.01133578431372549
1 0.6407945261437908 0.28666207107843134 0.016066176470588233 0.01143688725490196
1 0.7120098039215687 0.43683670343137254 0.0196078431372549 0.014604779411764706
0 0.18790849673202614 0.6681985294117647 0.013071895424836602 0.007965686274509803
0 0.8541666666666666 0.6348039215686274 0.011437908496732025 0.007352941176470588
1 0.019505718954248366 0.6455269607843137 0.013684640522875817 0.00980392156862745
0 0.19138071895424835 0.65625 0.012663398692810458 0.007965686274509803
0 0.07373366013071896 0.6464905024509804 0.01184640522875817 0.006216299019607843
1 0.04217728758169935 0.6252297794117647 0.014093137254901961 0.009650735294117647
1 0.034926470588235295 0.6019454656862745 0.012663398692810458 0.009650735294117647
1 0.01133578431372549 0.6479779411764706 0.013684640522875817 0.00980392156862745
1 0.0647467320261438 0.6135110294117647 0.013480392156862746 0.01011029411764706
0 0.359156454248366 0.643031556372549 0.012430555555555556 0.007264093137254902
0 0.696860702614379 0.6538756127450981 0.013819444444444443 0.008731617647058824
0 0.8596813725490197 0.6447610294117647 0.012663398692810458 0.007659313725490196
0 0.22496527777777778 0.6588327205882353 0.012022058823529412 0.007616421568627451
0 0.7097630718954249 0.6943933823529411 0.014297385620915032 0.007659313725490196
0 0.7169117647058824 0.6832107843137255 0.013071895424836602 0.007965686274509803
0 0.7724673202614379 0.6590073529411765 0.011437908496732025 0.007352941176470588
0 0.6151960784313726 0.6887254901960784 0.021241830065359478 0.013480392156862746
0 0.7363153594771242 0.6429227941176471 0.011029411764705883 0.007659313725490196
1 0.07965686274509803 0.4453125 0.014705882352941176 0.010723039215686275
0 0.6905637254901961 0.6887254901960784 0.013480392156862746 0.00857843137254902
0 0.46139705882352944 0.6911764705882353 0.01511437908496732 0.010416666666666666
0 0.784109477124183 0.6729473039215687 0.01184640522875817 0.008272058823529412
1 0.05514705882352941 0.6032475490196079 0.013071895424836602 0.009191176470588236
1 0.6723856209150327 0.6337316176470589 0.016339869281045753 0.011948529411764705
0 0.8676470588235294 0.6959252450980392 0.015522875816993464 0.010723039215686275
1 0.477124183006536 0.6464460784313726 0.016339869281045753 0.012867647058823529
0 0.7710375816993464 0.6703431372549019 0.011029411764705883 0.007352941176470588
1 0.1156045751633987 0.6013327205882353 0.013888888888888888 0.009650735294117647
1 0.02696078431372549 0.6003370098039216 0.014705882352941176 0.01011029411764706
0 0.4309640522875817 0.6449142156862745 0.016339869281045753 0.011642156862745098
0 0.7888071895424836 0.6381740196078431 0.013071895424836602 0.007965686274509803
0 0.024305555555555556 0.65625 0.01511437908496732 0.009191176470588236
1 0.0494281045751634 0.4522058823529412 0.018790849673202614 0.012867647058823529
0 0.8284313725490197 0.6484375 0.013888888888888888 0.008272058823529412
0 0.7593954248366013 0.6435355392156863 0.012254901960784314 0.007659313725490196
1 0.5344015522875817 0.4987745098039216 0.023868464052287583 0.015931372549019607
1 0.631156045751634 0.5061274509803921 0.018848039215686275 0.012867647058823529
0 0.21446078431372548 0.6602328431372549 0.013888888888888888 0.00980392156862745
1 0.04309640522875817 0.6422334558823529 0.013480392156862746 0.009344362745098039
1 0.5700571895424836 0.47794117647058826 0.023284313725490197 0.017769607843137254
0 0.7179330065359477 0.7627144607843137 0.016748366013071895 0.01133578431372549
0 0.8327205882352942 0.6602328431372549 0.012663398692810458 0.009191176470588236
0 0.6064133986928104 0.7158394607843137 0.015931372549019607 0.010723039215686275
0 0.7263071895424836 0.6668198529411765 0.013071895424836602 0.008884803921568627
0 0.784109477124183 0.6672794117647058 0.01184640522875817 0.007965686274509803
0 0.354078839869281 0.6295082720588235 0.014530228758169934 0.01024203431372549
0 0.1582924836601307 0.6456801470588235 0.014297385620915032 0.009497549019607842
0 0.8431372549019608 0.6472120098039216 0.013071895424836602 0.008272058823529412
0 0.9397467320261438 0.7032781862745098 0.01511437908496732 0.010723039215686275
1 0.4054330065359477 0.6348039215686274 0.02246732026143791 0.014705882352941176
0 0.20302287581699346 0.6772365196078431 0.015522875816993464 0.01011029411764706
0 0.03594771241830065 0.6645220588235294 0.013888888888888888 0.009191176470588236
0 0.7265114379084967 0.7212009803921569 0.016748366013071895 0.00980392156862745
1 0.49836601307189543 0.5372242647058824 0.02042483660130719 0.015625
1 0.19750816993464052 0.5012254901960784 0.027369281045751634 0.018995098039215685
1 0.5598447712418301 0.5315563725490197 0.020833333333333332 0.015318627450980392
1 0.9613970588235294 0.4912683823529412 0.027369281045751634 0.018075980392156864
0 0.49816176470588236 0.7293198529411765 0.017565359477124183 0.013786764705882353
0 0.8513071895424836 0.6862745098039216 0.015522875816993464 0.00980392156862745
0 0.8478349673202614 0.7193627450980392 0.017565359477124183 0.011642156862745098
0 0.3402777777777778 0.7486213235294118 0.0196078431372549 0.014399509803921568
0 0.3355800653594771 0.6946997549019608 0.020016339869281044 0.013174019607843137
0 0.5692401960784313 0.7228860294117647 0.02165032679738562 0.013786764705882353
0 0.9276960784313726 0.7207414215686274 0.01715686274509804 0.010723039215686275
0 0.5772058823529411 0.7421875 0.021241830065359478 0.012561274509803922
0 0.40012254901960786 0.7662377450980392 0.020833333333333332 0.014705882352941176
0 0.4440359477124183 0.7625612745098039 0.021241830065359478 0.015318627450980392
0 0.16666666666666666 0.7326899509803921 0.02369281045751634 0.016237745098039217
0 0.3557822712418301 0.6374954044117647 0.012218137254901961 0.007221200980392157
0 0.23294730392156862 0.6581326593137254 0.010829248366013072 0.007441789215686274
1 0.0034089052287581702 0.6488204656862745 0.0068178104575163405 0.010876225490196078
1 0.02459558823529412 0.6331188725490197 0.013243464052287582 0.009497549019607842
1 0.4365849673202614 0.36200520833333333 0.012875816993464052 0.008936887254901962