1 0.8699407679738561 0.646187193627451 0.014391339869281044 0.011124387254901962
0 0.8106617647058824 0.6724877450980392 0.011029411764705883 0.006740196078431373
1 0.11671977124183007 0.5381433823529411 0.016936274509803922 0.012561274509803922
0 0.3167892156862745 0.8079044117647058 0.013480392156862746 0.00980392156862745
0 0.13357843137254902 0.6887254901960784 0.012254901960784314 0.007965686274509803
1 0.8325 0.6216528799019608 0.016307189542483662 0.011075367647058822
0 0.29105392156862747 0.8126531862745098 0.017565359477124183 0.010723039215686275
1 0.1157312091503268 0.44806985294117646 0.007606209150326798 0.006433823529411764
0 0.9211907679738561 0.6879825367647058 0.014767156862745098 0.009543504901960783
1 0.8459967320261438 0.5828967524509804 0.01715686274509804 0.01138174019607843
0 0.3784089052287582 0.6761060049019608 0.01335375816993464 0.009074754901960785
0 0.289624183006536 0.7673100490196079 0.011437908496732025 0.007659313725490196
1 0.8911662581699346 0.6821966911764706 0.016809640522875816 0.012064950980392158
0 0.1736111111111111 0.7150735294117647 0.011437908496732025 0.007352941176470588
1 0.8256352124183006 0.5860202205882353 0.014015522875816994 0.010275735294117646
0 0.23080065359477125 0.7480085784313726 0.011437908496732025 0.007659313725490196
1 0.6255187908496732 0.3954917279411765 0.017377450980392155 0.011571691176470588
0 0.2520424836601307 0.7230392156862745 0.011437908496732025 0.007352941176470588
1 0.6141441993464052 0.5606142769607844 0.0215890522875817 0.014610906862745097
0 0.5449346405228758 0.8062193627450981 0.014705882352941176 0.009497549019607842
0 0.7728758169934641 0.6755514705882353 0.014705882352941176 0.009191176470588236
0 0.18586601307189543 0.8003982843137255 0.013888888888888888 0.008884803921568627
1 0.005718954248366013 0.5 0.010620915032679739 0.011642156862745098
0 0.1423611111111111 0.6959252450980392 0.014297385620915032 0.009497549019607842
0 0.5927287581699346 0.7734375 0.015522875816993464 0.010723039215686275
0 0.39501633986928103 0.8448223039215687 0.015522875816993464 0.010723039215686275
0 0.8637663398692811 0.7169117647058824 0.013480392156862746 0.009191176470588236
1 0.02125816993464052 0.715203737745098 0.02290849673202614 0.014353553921568628
0 0.4327246732026144 0.6848376225490196 0.013325163398692809 0.008768382352941176
1 0.37826797385620914 0.5686274509803921 0.02287581699346405 0.014705882352941176
0 0.2935049019607843 0.7259497549019608 0.013480392156862746 0.008272058823529412
0 0.02246732026143791 0.7470894607843137 0.014705882352941176 0.010723039215686275
1 0.926343954248366 0.674077818627451 0.016086601307189544 0.01175857843137255
0 0.8247549019607843 0.7084865196078431 0.013888888888888888 0.009497549019607842
1 0.9119852941176471 0.6707077205882354 0.015964052287581697 0.011145833333333334
0 0.12867647058823528 0.7421875 0.012254901960784314 0.007659313725490196
0 0.14665032679738563 0.7290134803921569 0.013071895424836602 0.008272058823529412
0 0.9648692810457516 0.6971507352941176 0.013071895424836602 0.008884803921568627
1 0.6715849673202614 0.5339950980392157 0.018823529411764704 0.012843137254901962
0 0.0988562091503268 0.7271752450980392 0.013888888888888888 0.008884803921568627
1 0.08660130718954248 0.6919424019607843 0.01715686274509804 0.011948529411764705
0 0.052569444444444446 0.8340517769607843 0.02098856209150327 0.013691789215686274
0 0.08415032679738563 0.7302389705882353 0.013071895424836602 0.008884803921568627
1 0.17700571895424835 0.5891773897058824 0.014142156862745097 0.010462622549019607
0 0.2246732026143791 0.7696078431372549 0.014705882352941176 0.009191176470588236
0 0.3394607843137255 0.8005514705882353 0.016339869281045753 0.010416666666666666
1 0.3923611111111111 0.5880821078431373 0.020016339869281044 0.013786764705882353
1 0.19229166666666667 0.5714905024509804 0.016119281045751634 0.012466299019607843
0 0.09865196078431372 0.742953431372549 0.013480392156862746 0.009191176470588236
0 0.1576797385620915 0.7182904411764706 0.012254901960784314 0.008272058823529412
0 0.40931372549019607 0.8089767156862745 0.01715686274509804 0.01133578431372549
1 0.35173202614379084 0.569109987745098 0.02290849673202614 0.016283700980392158
1 0.3619444444444444 0.435297181372549 0.02045751633986928 0.015814950980392158
0 0.18525326797385622 0.8258272058823529 0.01838235294117647 0.012561274509803922
1 0.6359660947712419 0.40870098039215685 0.017030228758169935 0.012254901960784314
1 0.633357843137255 0.6103998161764705 0.02080065359477124 0.014917279411764706
1 0.7228186274509804 0.44200061274509805 0.015898692810457516 0.011452205882352942
1 0.20751633986928106 0.6145833333333334 0.01715686274509804 0.013480392156862746
0 0.7387663398692811 0.8033088235294118 0.015931372549019607 0.010416666666666666
0 0.9197773692810457 0.6829626225490196 0.012757352941176471 0.007469362745098039
0 0.5516748366013072 0.8345588235294118 0.015931372549019607 0.011642156862745098
0 0.4076797385620915 0.7867647058823529 0.016339869281045753 0.011029411764705883
1 0.5104166666666666 0.5142463235294118 0.02246732026143791 0.015625
0 0.2763480392156863 0.8416053921568627 0.01838235294117647 0.014093137254901961
1 0.5694444444444444 0.5719975490196079 0.024509803921568627 0.015931372549019607
1 0.2832924836601307 0.6709558823529411 0.02246732026143791 0.015931372549019607
1 0.3645833333333333 0.6354166666666666 0.02165032679738562 0.015931372549019607
0 0.30494281045751637 0.8416053921568627 0.020833333333333332 0.014705882352941176
0 0.8086192810457516 0.7867647058823529 0.01838235294117647 0.013480392156862746
0 0.23447712418300654 0.7826286764705882 0.01715686274509804 0.01133578431372549
0 0.23039215686274508 0.8236825980392157 0.018790849673202614 0.012561274509803922
0 0.34477124183006536 0.8216911764705882 0.021241830065359478 0.015318627450980392
0 0.09844771241830065 0.782015931372549 0.022058823529411766 0.015012254901960785
0 0.207312091503268 0.8278186274509803 0.020016339869281044 0.015318627450980392
0 0.42888888888888893 0.6878768382352941 0.01218954248366013 0.00871936274509804