0 0.32802287581699346 0.7153799019607843 0.014705882352941176 0.009191176470588236
0 0.429125816993464 0.8762254901960784 0.024101307189542485 0.014705882352941176
0 0.5839460784313726 0.7371323529411765 0.014297385620915032 0.010416666666666666
0 0.8396650326797386 0.7870710784313726 0.015931372549019607 0.00980392156862745
0 0.5353349673202614 0.7008272058823529 0.013480392156862746 0.01011029411764706
0 0.47058823529411764 0.8972625612745098 0.027777777777777776 0.018177083333333333
0 0.35927287581699346 0.9299938725490197 0.01919934640522876 0.015625
1 0.0872140522875817 0.41452205882352944 0.01919934640522876 0.014705882352941176
0 0.5285273692810457 0.7142570465686274 0.01457107843137255 0.009396446078431374
0 0.8852124183006536 0.9201899509803921 0.025326797385620915 0.018075980392156864
1 0.9817544934640523 0.6574754901960784 0.021515522875816994 0.015931372549019607
0 0.577001633986928 0.8814338235294118 0.024918300653594773 0.01715686274509804
0 0.1709232026143791 0.7958026960784313 0.016683006535947714 0.01011029411764706
0 0.25755718954248363 0.8958333333333334 0.024918300653594773 0.01715686274509804
0 0.5067401960784313 0.9662990196078431 0.024101307189542485 0.018995098039215685
1 0.11376633986928104 0.43581495098039214 0.02165032679738562 0.015625
0 0.15849673202614378 0.9745710784313726 0.028594771241830064 0.023284313725490197
1 0.6243872549019608 0.7624080882352942 0.025735294117647058 0.01991421568627451
0 0.16897875816993466 0.8013174019607843 0.016062091503267973 0.010723039215686275
0 0.08344771241830065 0.7738710171568627 0.014934640522875818 0.00791360294117647
0 0.4432373366013072 0.7384604779411765 0.013925653594771244 0.008170955882352941