0 0.1090686274509804 0.8720894607843137 0.0196078431372549 0.013786764705882353
0 0.7066993464052288 0.6600796568627451 0.01715686274509804 0.012561274509803922
0 0.4490747549019608 0.6524969362745098 0.019064542483660133 0.01332720588235294
0 0.010620915032679739 0.6715686274509803 0.013071895424836602 0.009191176470588236
0 0.2963643790849673 0.671875 0.01838235294117647 0.012254901960784314
1 0.7367585784313726 0.5977068014705882 0.020902777777777777 0.014653799019607843
0 0.06076388888888889 0.6580882352941176 0.015318627450980392 0.00857843137254902
0 0.18116830065359477 0.6464460784313726 0.020016339869281044 0.011029411764705883
0 0.013276143790849673 0.6288296568627451 0.017565359477124183 0.010723039215686275
0 0.07965686274509803 0.6458333333333334 0.015522875816993464 0.010416666666666666
0 0.10130718954248366 0.6220894607843137 0.014705882352941176 0.009497549019607842
0 0.0742095588235294 0.657578125 0.018517156862745097 0.011234681372549021
0 0.6913807189542484 0.6334252450980392 0.02165032679738562 0.015625
1 0.7555147058823529 0.5940563725490197 0.020016339869281044 0.014705882352941176
0 0.03370098039215686 0.6580882352941176 0.01511437908496732 0.011029411764705883
1 0.19505718954248366 0.5598958333333334 0.020016339869281044 0.013786764705882353
0 0.4397467320261438 0.6832107843137255 0.02165032679738562 0.014705882352941176
1 0.3723447712418301 0.7506127450980392 0.028186274509803922 0.017769607843137254
1 0.15849673202614378 0.5747549019607843 0.0196078431372549 0.012867647058823529
1 0.03982843137254902 0.6314338235294118 0.020833333333333332 0.014705882352941176
1 0.0457516339869281 0.5615808823529411 0.018790849673202614 0.012867647058823529
0 0.6015114379084967 0.6695772058823529 0.01919934640522876 0.014399509803921568
1 0.06236519607843138 0.4744439338235294 0.017704248366013073 0.012613357843137255
1 0.022058823529411766 0.5531556372549019 0.0196078431372549 0.013174019607843137
1 0.051198937908496736 0.47972886029411765 0.018247549019607845 0.013379289215686275
1 0.5112683823529411 0.48935355392156865 0.020902777777777777 0.015471813725490197
0 0.5837418300653595 0.6449142156862745 0.021241830065359478 0.015931372549019607
1 0.4910804738562091 0.46119332107843136 0.02546160130718954 0.017974877450980392
1 0.11458333333333333 0.5545343137254902 0.020833333333333332 0.014705882352941176
0 0.1039624183006536 0.7006740196078431 0.020016339869281044 0.012254901960784314
1 0.41360294117647056 0.7103247549019608 0.02900326797385621 0.021752450980392156
1 0.26429738562091504 0.7697610294117647 0.032679738562091505 0.02420343137254902
1 0.15172385620915033 0.5435814950980392 0.01831699346405229 0.013020833333333334