1 0.6758108660130719 0.3595511642156863 0.019922385620915035 0.015058210784313726
1 0.8822589869281046 0.5436703431372549 0.016151960784313725 0.011973039215686274
1 0.7751225490196079 0.5549938725490197 0.01919934640522876 0.011948529411764705
1 0.8141339869281046 0.5533088235294118 0.014705882352941176 0.00980392156862745
1 0.3934150326797386 0.4181985294117647 0.022124183006535948 0.016544117647058824
1 0.7534722222222222 0.6861213235294118 0.01838235294117647 0.015012254901960785
0 0.7307066993464052 0.7519914215686274 0.019419934640522874 0.012561274509803922
1 0.713296568627451 0.7384880514705883 0.03116830065359477 0.022931985294117645
1 0.3290277777777778 0.6869699754901961 0.02897058823529412 0.02161151960784314
1 0.06454248366013073 0.6003844975490196 0.021241830065359478 0.014494485294117648
0 0.349468954248366 0.6761642156862745 0.015931372549019607 0.011029411764705883
0 0.31781045751633985 0.7022058823529411 0.02042483660130719 0.014093137254901961
0 0.9613970588235294 0.616421568627451 0.015931372549019607 0.00980392156862745
1 0.8006535947712419 0.5444240196078431 0.01715686274509804 0.012867647058823529
0 0.3602941176470588 0.7919730392156863 0.022058823529411766 0.015931372549019607
1 0.6891339869281046 0.4961703431372549 0.022058823529411766 0.015625
0 0.8439542483660131 0.7922794117647058 0.024509803921568627 0.017769607843137254
0 0.304125816993464 0.702359068627451 0.017565359477124183 0.013174019607843137
1 0.6907679738562091 0.4756433823529412 0.02287581699346405 0.014399509803921568
0 0.7843137254901961 0.8348651960784313 0.03104575163398693 0.02267156862745098
0 0.3854166666666667 0.6697303921568627 0.017565359477124183 0.011642156862745098
0 0.7986111111111112 0.7990196078431373 0.025326797385620915 0.015931372549019607
0 0.4244281045751634 0.7974877450980392 0.018790849673202614 0.015318627450980392
0 0.9726307189542484 0.6202512254901961 0.017973856209150325 0.012561274509803922
0 0.4368872549019608 0.8336397058823529 0.01919934640522876 0.015318627450980392
0 0.25163398692810457 0.6852022058823529 0.017973856209150325 0.013174019607843137
0 0.24305555555555555 0.7032781862745098 0.0196078431372549 0.013174019607843137
1 0.30310457516339867 0.5101102941176471 0.027777777777777776 0.017769607843137254
0 0.3125 0.7532169117647058 0.021241830065359478 0.013786764705882353
0 0.11233660130718955 0.7147671568627451 0.02287581699346405 0.014705882352941176
1 0.48713235294117646 0.5071997549019608 0.025735294117647058 0.017463235294117647
0 0.6836192810457516 0.7662377450980392 0.020833333333333332 0.014705882352941176
0 0.26143790849673204 0.7775735294117647 0.025326797385620915 0.015931372549019607
0 0.23570261437908496 0.6829044117647058 0.0196078431372549 0.015931372549019607
0 0.9707924836601307 0.8385416666666666 0.030637254901960783 0.023284313725490197
1 0.6762663398692811 0.4872855392156863 0.025735294117647058 0.019301470588235295
1 0.6171139705882352 0.5642907475490196 0.02099264705882353 0.014610906862745097
1 0.09906045751633986 0.5813419117647058 0.024101307189542485 0.015012254901960785
0 0.8433415032679739 0.7028186274509803 0.01838235294117647 0.012867647058823529
0 0.37111928104575165 0.6916360294117647 0.017565359477124183 0.012561274509803922
0 0.4229983660130719 0.7576593137254902 0.02165032679738562 0.016544117647058824
1 0.5702614379084967 0.7153799019607843 0.027777777777777776 0.0196078431372549
0 0.21772875816993464 0.7450980392156863 0.02287581699346405 0.015318627450980392
0 0.5821078431372549 0.7460171568627451 0.022058823529411766 0.017769607843137254
0 0.7375408496732027 0.7424938725490197 0.024101307189542485 0.017463235294117647
0 0.47610294117647056 0.842984068627451 0.026552287581699346 0.019301470588235295
0 0.8026960784313726 0.7486213235294118 0.022058823529411766 0.015012254901960785
1 0.5314869281045751 0.4328691789215686 0.02457516339869281 0.017699142156862746
1 0.06964869281045752 0.490030637254902 0.025735294117647058 0.019276960784313724
0 0.05310457516339869 0.6544117647058824 0.01715686274509804 0.012254901960784314
0 0.8876633986928104 0.7002144607843137 0.018790849673202614 0.013786764705882353
0 0.17279411764705882 0.6383272058823529 0.01715686274509804 0.010723039215686275
1 0.11131535947712418 0.5726102941176471 0.024101307189542485 0.017769607843137254
1 0.08006535947712418 0.6011029411764706 0.02287581699346405 0.015931372549019607
1 0.6922140522875817 0.7383226102941177 0.023316993464052287 0.020150122549019607
1 0.28104575163398693 0.39231004901960786 0.029411764705882353 0.020526960784313725
0 0.1627859477124183 0.7693014705882353 0.026552287581699346 0.01838235294117647
0 0.31638071895424835 0.7302389705882353 0.024101307189542485 0.01685049019607843
0 0.051266339869281044 0.9102328431372549 0.03553921568627451 0.025735294117647058
1 0.3417075163398693 0.6487438725490197 0.027369281045751634 0.021752450980392156
1 0.6895424836601307 0.3434436274509804 0.025326797385620915 0.018995098039215685
0 0.3886846405228758 0.7478553921568627 0.023284313725490197 0.014705882352941176
0 0.8198529411764706 0.7561274509803921 0.02287581699346405 0.015931372549019607
0 0.34681372549019607 0.9027267156862745 0.027777777777777776 0.01991421568627451
1 0.36008986928104575 0.44347426470588236 0.027369281045751634 0.019301470588235295
1 0.6139705882352942 0.4869791666666667 0.03431372549019608 0.022365196078431373
1 0.06787377450980392 0.5870098039215687 0.03607434640522876 0.024509803921568627
1 0.7181372549019608 0.44669117647058826 0.03594771241830065 0.025735294117647058
0 0.5919117647058824 0.9420955882352942 0.03104575163398693 0.023284313725490197
0 0.3000408496732026 0.8192401960784313 0.027369281045751634 0.020833333333333332
1 0.6924019607843137 0.6361825980392157 0.031862745098039214 0.02420343137254902
0 0.8700980392156863 0.9689031862745098 0.0392156862745098 0.029105392156862746
0 0.8817401960784313 0.9433210784313726 0.030637254901960783 0.0196078431372549
0 0.5900735294117647 0.8753063725490197 0.03308823529411765 0.024509803921568627
1 0.6593137254901961 0.5882352941176471 0.03104575163398693 0.022058823529411766
1 0.44730392156862747 0.4954044117647059 0.03022875816993464 0.02144607843137255
1 0.2696997549019608 0.3264047181372549 0.017340686274509805 0.012490808823529412
1 0.4861948529411764 0.2875888480392157 0.018141339869281046 0.013903186274509805