0 0.47038398692810457 0.9044117647058824 0.01919934640522876 0.012867647058823529
0 0.4375 0.7078737745098039 0.016339869281045753 0.011948529411764705
0 0.27818627450980393 0.7046568627450981 0.014705882352941176 0.00980392156862745
0 0.2778717320261438 0.7134298406862746 0.015710784313725492 0.00896752450980392
1 0.20098039215686275 0.6181066176470589 0.018790849673202614 0.013786764705882353
0 0.5302287581699346 0.9555759803921569 0.017973856209150325 0.014705882352941176
1 0.021037581699346407 0.8270526960784313 0.0363562091503268 0.023590686274509803
0 0.04309640522875817 0.6879595588235294 0.020016339869281044 0.01133578431372549
0 0.35947712418300654 0.9479166666666666 0.021241830065359478 0.01715686274509804
0 0.5420751633986928 0.7276348039215687 0.01715686274509804 0.012254901960784314
0 0.17483660130718953 0.8393075980392157 0.02369281045751634 0.01685049019607843
0 0.19240196078431374 0.8109681372549019 0.02287581699346405 0.015318627450980392
0 0.1068218954248366 0.874234068627451 0.026552287581699346 0.018688725490196078
0 0.33312908496732024 0.8200061274509803 0.028186274509803922 0.019301470588235295
1 0.16846405228758168 0.4975765931372549 0.008496732026143792 0.00556985294117647
1 0.14703839869281046 0.4614246323529412 0.00812908496732026 0.00556985294117647
1 0.1067422385620915 0.4346583946078431 0.005968137254901961 0.004733455882352941
0 0.2716013071895425 0.717970281862745 0.013790849673202614 0.009469975490196078
1 0.7560947712418301 0.4416498161764706 0.008104575163398693 0.005848651960784314
1 0.7998345588235294 0.4478048406862745 0.007348856209150326 0.005291053921568627