0 0.1076388888888889 0.7665441176470589 0.012663398692810458 0.00857843137254902
0 0.11642156862745098 0.7434129901960784 0.01715686274509804 0.01011029411764706
0 0.5471813725490197 0.7112438725490197 0.01511437908496732 0.009497549019607842
0 0.17973856209150327 0.8121936274509803 0.021241830065359478 0.014705882352941176
0 0.6519607843137255 0.8183210784313726 0.018790849673202614 0.012254901960784314
0 0.3372140522875817 0.7890625 0.017565359477124183 0.012561274509803922
0 0.39624183006535946 0.7011335784313726 0.016339869281045753 0.01011029411764706
0 0.670547385620915 0.7041973039215687 0.011029411764705883 0.007659313725490196
0 0.1170343137254902 0.7225796568627451 0.012663398692810458 0.009497549019607842
0 0.06658496732026144 0.8060661764705882 0.01715686274509804 0.011642156862745098
1 0.8000061274509804 0.7530637254901961 0.01667892156862745 0.013480392156862746
0 0.3633578431372549 0.8353247549019608 0.016748366013071895 0.01133578431372549
0 0.5307393790849673 0.7564598651960784 0.0181781045751634 0.011694240196078431
0 0.36744281045751637 0.8624387254901961 0.02165032679738562 0.015318627450980392
1 0.2663051470588235 0.7836749387254902 0.017087418300653592 0.012815563725490196
0 0.3654003267973856 0.8792892156862745 0.016748366013071895 0.013480392156862746
0 0.8574346405228758 0.8636642156862745 0.017973856209150325 0.012867647058823529
0 0.4775326797385621 0.8468137254901961 0.014705882352941176 0.011029411764705883
0 0.05228758169934641 0.7518382352941176 0.014705882352941176 0.009191176470588236
0 0.037377450980392156 0.7472426470588235 0.01511437908496732 0.00980392156862745
0 0.43137254901960786 0.7539828431372549 0.015522875816993464 0.011029411764705883
0 0.6683006535947712 0.6845894607843137 0.012254901960784314 0.008272058823529412
0 0.7638888888888888 0.7094822303921569 0.015522875816993464 0.009037990196078432
0 0.21711601307189543 0.8157169117647058 0.023284313725490197 0.012561274509803922
0 0.24836601307189543 0.7971813725490197 0.021241830065359478 0.014093137254901961
1 0.5298202614379085 0.5700061274509803 0.021241830065359478 0.016237745098039217
0 0.6678921568627451 0.8112745098039216 0.0196078431372549 0.012254901960784314
0 0.33762254901960786 0.8016237745098039 0.01838235294117647 0.012561274509803922
0 0.016952614379084966 0.7028186274509803 0.014297385620915032 0.00857843137254902
0 0.025531045751633986 0.6891850490196079 0.01511437908496732 0.010723039215686275
0 0.6008986928104575 0.7130821078431373 0.013888888888888888 0.009497549019607842
0 0.3895016339869281 0.8722426470588235 0.020833333333333332 0.015931372549019607
0 0.5026552287581699 0.8011642156862745 0.01919934640522876 0.013480392156862746
1 0.09272875816993464 0.6791773897058824 0.015522875816993464 0.010315563725490197
0 0.36376633986928103 0.8180147058823529 0.015931372549019607 0.012254901960784314
0 0.5380249183006536 0.7627405024509804 0.01886029411764706 0.01200061274509804
0 0.19669117647058823 0.7365196078431373 0.017565359477124183 0.012254901960784314
0 0.17626633986928106 0.7495404411764706 0.016748366013071895 0.01133578431372549
0 0.37030228758169936 0.842984068627451 0.01919934640522876 0.014399509803921568
1 0.5553513071895425 0.4768688725490196 0.028186274509803922 0.018075980392156864
0 0.6523692810457516 0.7152267156862745 0.011437908496732025 0.007659313725490196
0 0.632046568627451 0.9137300857843137 0.017361111111111112 0.01496017156862745
0 0.46602736928104577 0.8335370710784313 0.016205065359477126 0.012049632352941176
0 0.4424019607843137 0.7904411764705882 0.016339869281045753 0.011642156862745098
0 0.639501633986928 0.7049632352941176 0.013480392156862746 0.00857843137254902
0 0.7287581699346405 0.7461703431372549 0.015522875816993464 0.009497549019607842
1 0.6334763071895425 0.5337270220588235 0.02185457516339869 0.01659620098039216
1 0.41482843137254904 0.6885723039215687 0.02165032679738562 0.015625
0 0.35467728758169936 0.8449249387254902 0.02062908496732026 0.01705575980392157
0 0.7340686274509803 0.842984068627451 0.014705882352941176 0.010723039215686275
0 0.1482843137254902 0.7348345588235294 0.016339869281045753 0.01133578431372549
0 0.6879084967320261 0.7549019607843137 0.015522875816993464 0.00980392156862745
1 0.5845588235294118 0.5458026960784313 0.024509803921568627 0.019301470588235295
0 0.7771650326797386 0.8435968137254902 0.015931372549019607 0.010723039215686275
0 0.6151960784313726 0.7647058823529411 0.01715686274509804 0.011029411764705883
0 0.46343954248366015 0.8258272058823529 0.02165032679738562 0.015625
1 0.5482700163398693 0.5067401960784313 0.027095588235294118 0.0196078431372549
1 0.46626633986928107 0.3861825980392157 0.027303921568627453 0.019301470588235295
1 0.31631331699346404 0.7720588235294118 0.02314950980392157 0.015931372549019607
0 0.5091911764705882 0.8872549019607843 0.020016339869281044 0.015318627450980392
0 0.8796977124183006 0.7659313725490197 0.015931372549019607 0.011029411764705883
1 0.47014501633986927 0.4346920955882353 0.023623366013071894 0.01705575980392157
0 0.7457107843137255 0.8321078431372549 0.017565359477124183 0.011642156862745098
0 0.15461601307189543 0.7610294117647058 0.01838235294117647 0.011642156862745098
0 0.21098856209150327 0.7879901960784313 0.01919934640522876 0.013480392156862746
0 0.37683823529411764 0.8806678921568627 0.02165032679738562 0.01685049019607843
0 0.4383517156862745 0.8389506740196079 0.01886029411764706 0.013685661764705884
0 0.41013071895424835 0.9469975490196079 0.025326797385620915 0.01838235294117647
0 0.4707924836601307 0.9633884803921569 0.026552287581699346 0.01991421568627451
1 0.5066727941176471 0.4384957107843137 0.024783496732026143 0.01608455882352941
0 0.24816176470588236 0.9610906862745098 0.0298202614379085 0.01838235294117647
0 0.2013888888888889 0.9604779411764706 0.02696078431372549 0.02144607843137255
1 0.5654268790849674 0.5430193014705882 0.024644607843137253 0.018636642156862743
0 0.35355392156862747 0.9673713235294118 0.028186274509803922 0.021752450980392156
0 0.46285743464052287 0.8436228553921569 0.016401143790849674 0.01200061274509804
0 0.4530249183006536 0.8333838848039216 0.01797794117647059 0.011743259803921569
0 0.44934027777777774 0.8424479166666666 0.014693627450980391 0.011488970588235295