1 0.8827614379084967 0.7685355392156863 0.02369281045751634 0.01685049019607843
1 0.06272058823529411 0.5449417892156863 0.02576797385620915 0.019417892156862748
0 0.9046160130718954 0.7769607843137255 0.020016339869281044 0.011029411764705883
0 0.0625 0.7109375 0.017973856209150325 0.01133578431372549
0 0.22123161764705884 0.7067432598039215 0.013541666666666665 0.00846200980392157
0 0.6999591503267973 0.7886029411764706 0.01511437908496732 0.010416666666666666
1 0.6499183006535948 0.5249693627450981 0.0196078431372549 0.013786764705882353
0 0.2632761437908497 0.9675245098039216 0.01919934640522876 0.012867647058823529
0 0.8525326797385621 0.8365502450980392 0.014705882352941176 0.01011029411764706
0 0.5855800653594772 0.7890625 0.01511437908496732 0.009497549019607842
0 0.13480392156862744 0.8318014705882353 0.021241830065359478 0.012867647058823529
1 0.3500816993464052 0.7458639705882353 0.01715686274509804 0.011948529411764705
1 0.24979575163398693 0.5778186274509803 0.020833333333333332 0.015931372549019607
0 0.8911356209150327 0.8235294117647058 0.015931372549019607 0.011642156862745098
0 0.20077614379084968 0.9060968137254902 0.016748366013071895 0.010723039215686275
0 0.27818627450980393 0.7833946078431373 0.015522875816993464 0.009191176470588236
0 0.9667075163398693 0.7978707107843137 0.013480392156862746 0.009344362745098039
0 0.7593954248366013 0.8858762254901961 0.018790849673202614 0.011948529411764705
0 0.017769607843137254 0.8785232843137255 0.02246732026143791 0.013786764705882353
0 0.6883169934640523 0.7787990196078431 0.018790849673202614 0.013480392156862746
0 0.15073529411764705 0.6924019607843137 0.015522875816993464 0.00980392156862745
0 0.2771650326797386 0.7536764705882353 0.01511437908496732 0.00980392156862745
0 0.764297385620915 0.8118872549019608 0.02042483660130719 0.014705882352941176
0 0.4172794117647059 0.8474264705882353 0.014297385620915032 0.011029411764705883
0 0.9791666666666666 0.7553615196078431 0.016339869281045753 0.010723039215686275
0 0.2079248366013072 0.8595281862745098 0.016339869281045753 0.012561274509803922
0 0.8110702614379085 0.9290747549019608 0.017565359477124183 0.012561274509803922
0 0.7404003267973857 0.9045649509803921 0.01919934640522876 0.012561274509803922
0 0.6240257352941176 0.7585661764705882 0.014391339869281044 0.009166666666666667
0 0.9009395424836601 0.8088235294117647 0.016748366013071895 0.012254901960784314
0 0.023284313725490197 0.8901654411764706 0.02287581699346405 0.014399509803921568
0 0.4180964052287582 0.9393382352941176 0.014297385620915032 0.011029411764705883
0 0.38296568627450983 0.8489583333333334 0.01919934640522876 0.013480392156862746
1 0.3954248366013072 0.5197610294117647 0.025326797385620915 0.017463235294117647
1 0.5108251633986928 0.6686580882352942 0.028186274509803922 0.018075980392156864
0 0.9191176470588235 0.9624693627450981 0.022058823529411766 0.015625
1 0.21361315359477123 0.5834512867647059 0.023631535947712418 0.01739276960784314
0 0.2577614379084967 0.8390012254901961 0.018790849673202614 0.012561274509803922
0 0.6670751633986928 0.8791360294117647 0.016339869281045753 0.01133578431372549
1 0.6274509803921569 0.5678615196078431 0.0196078431372549 0.015012254901960785
1 0.40931372549019607 0.5977328431372549 0.022058823529411766 0.015931372549019607
1 0.5428921568627451 0.7766544117647058 0.02696078431372549 0.018995098039215685
0 0.8733660130718954 0.9356617647058824 0.0196078431372549 0.012867647058823529
0 0.6096813725490197 0.8955269607843137 0.01838235294117647 0.011642156862745098
0 0.2863562091503268 0.8627450980392157 0.022058823529411766 0.01715686274509804
1 0.7015931372549019 0.5159313725490197 0.024918300653594773 0.015318627450980392
1 0.6172691993464052 0.6338373161764705 0.022120098039215684 0.015836397058823528
0 0.6893382352941176 0.8973651960784313 0.015931372549019607 0.012254901960784314
0 0.9916258169934641 0.8694852941176471 0.015931372549019607 0.015931372549019607
0 0.6762663398692811 0.8527879901960784 0.016748366013071895 0.011948529411764705
0 0.9742647058823529 0.7313112745098039 0.017973856209150325 0.010416666666666666
1 0.5696017156862745 0.7326317401960785 0.024007352941176473 0.018572303921568625
0 0.2555147058823529 0.9410232843137255 0.024918300653594773 0.020526960784313725
0 0.7401960784313726 0.9131433823529411 0.02042483660130719 0.014399509803921568
0 0.5300245098039216 0.8457414215686274 0.01919934640522876 0.013174019607843137
1 0.7653022875816994 0.6831632965686274 0.02161764705882353 0.015836397058823528
0 0.5230800653594772 0.8334865196078431 0.016748366013071895 0.013174019607843137
0 0.4158496732026144 0.8843443627450981 0.021241830065359478 0.013174019607843137
1 0.605251225490196 0.7359420955882352 0.024227941176470588 0.019678308823529413
0 0.6952614379084967 0.8017769607843137 0.017973856209150325 0.011642156862745098
1 0.5404411764705882 0.7533700980392157 0.02696078431372549 0.018995098039215685
1 0.24011846405228757 0.585890012254902 0.02435457516339869 0.01859375
1 0.6286764705882353 0.5199142156862745 0.022058823529411766 0.015931372549019607
0 0.7651143790849673 0.9122242647058824 0.017973856209150325 0.012561274509803922
0 0.5610702614379085 0.8711703431372549 0.01919934640522876 0.014399509803921568
0 0.7054738562091504 0.8762254901960784 0.017973856209150325 0.012867647058823529
0 0.6375857843137255 0.868624387254902 0.02108660130718954 0.015435049019607844
1 0.4319852941176471 0.48636642156862747 0.024101307189542485 0.01685049019607843
0 0.4258578431372549 0.8020833333333334 0.01919934640522876 0.014093137254901961
1 0.47487745098039214 0.5065870098039216 0.020833333333333332 0.015012254901960785
0 0.7689950980392157 0.9361213235294118 0.015931372549019607 0.011948529411764705
1 0.29963235294117646 0.6026348039215687 0.024918300653594773 0.01715686274509804
0 0.8858251633986928 0.8962928921568627 0.02165032679738562 0.015625
0 0.5191993464052288 0.9587928921568627 0.021241830065359478 0.015625
1 0.5870098039215687 0.7469362745098039 0.028594771241830064 0.02022058823529412
1 0.3633578431372549 0.6178002450980392 0.024918300653594773 0.019301470588235295
0 0.7303921568627451 0.9463848039215687 0.017973856209150325 0.013480392156862746
0 0.7620506535947712 0.8759191176470589 0.020833333333333332 0.014093137254901961
0 0.6452205882352942 0.8797487745098039 0.020833333333333332 0.013786764705882353
0 0.5735294117647058 0.8814338235294118 0.02042483660130719 0.015318627450980392
1 0.22597834967320263 0.5766513480392157 0.025486111111111112 0.018498774509803924
0 0.6617647058823529 0.8995098039215687 0.02287581699346405 0.015318627450980392
0 0.5373774509803921 0.8296568627450981 0.020016339869281044 0.014705882352941176
0 0.3901143790849673 0.8705575980392157 0.022058823529411766 0.015625
0 0.7344771241830066 0.8806678921568627 0.0196078431372549 0.015625
0 0.6621732026143791 0.8710171568627451 0.018790849673202614 0.012867647058823529
1 0.49244281045751637 0.6553308823529411 0.026552287581699346 0.0196078431372549
0 0.698937908496732 0.9203431372549019 0.021241830065359478 0.015318627450980392
1 0.2674550653594771 0.43014705882352944 0.022655228758169936 0.016544117647058824
1 0.7538807189542484 0.7305453431372549 0.023284313725490197 0.017463235294117647
0 0.8118872549019608 0.9142156862745098 0.020833333333333332 0.014705882352941176
0 0.9219771241830066 0.9313725490196079 0.02369281045751634 0.015931372549019607
1 0.3925653594771242 0.6764705882352942 0.027777777777777776 0.020833333333333332
1 0.2747140522875817 0.5951286764705882 0.024918300653594773 0.019301470588235295
0 0.3417075163398693 0.8893995098039216 0.024101307189542485 0.017769607843137254
0 0.8335375816993464 0.9103860294117647 0.024918300653594773 0.018075980392156864
0 0.9325980392156863 0.8970588235294118 0.02696078431372549 0.017769607843137254
0 0.7798202614379085 0.8852634803921569 0.02042483660130719 0.015012254901960785
0 0.5557598039215687 0.9656862745098039 0.02900326797385621 0.02267156862745098
0 0.6787173202614379 0.9114583333333334 0.020016339869281044 0.015318627450980392
1 0.30839052287581703 0.39027113970588234 0.020375816993464052 0.014610906862745097
0 0.6301613562091504 0.7631969975490196 0.013590686274509805 0.008011642156862744
0 0.8970853758169934 0.7798529411764706 0.014758986928104576 0.008235294117647058
1 0.8901143790849673 0.6550827205882354 0.015522875816993464 0.010533088235294119