0 0.6182598039215687 0.8370098039215687 0.01838235294117647 0.014093137254901961
1 0.24056781045751632 0.4673161764705882 0.01790032679738562 0.013676470588235295
0 0.5774101307189542 0.7647058823529411 0.020016339869281044 0.016544117647058824
0 0.26143790849673204 0.7352941176470589 0.01715686274509804 0.012254901960784314
0 0.2571486928104575 0.6256127450980392 0.01838235294117647 0.010416666666666666
0 0.3937908496732026 0.7011335784313726 0.017973856209150325 0.013786764705882353
1 0.9569035947712419 0.5194132965686274 0.016748366013071895 0.012478553921568627
1 0.954452614379085 0.49525122549019607 0.020833333333333332 0.015012254901960785
0 0.3984885620915033 0.7967218137254902 0.016748366013071895 0.011948529411764705
1 0.238562091503268 0.5490196078431373 0.018790849673202614 0.014093137254901961
0 0.34068627450980393 0.7113970588235294 0.015522875816993464 0.011029411764705883
1 0.9270281862745097 0.523938419117647 0.020723039215686273 0.014788602941176471
1 0.36566176470588235 0.6036933210784313 0.02380718954248366 0.01621017156862745
1 0.7549019607843137 0.39047181372549017 0.018790849673202614 0.014399509803921568
1 0.42892156862745096 0.5873161764705882 0.02369281045751634 0.015318627450980392
1 0.3572855392156863 0.45646752450980393 0.01849264705882353 0.0128125
0 0.3525326797385621 0.8397671568627451 0.01715686274509804 0.011642156862745098
0 0.9054330065359477 0.6181066176470589 0.01838235294117647 0.011948529411764705
0 0.3278186274509804 0.7069546568627451 0.01838235294117647 0.01133578431372549
1 0.6215277777777778 0.7196691176470589 0.02246732026143791 0.016544117647058824
1 0.9859436274509804 0.4366084558823529 0.02825980392156863 0.02150122549019608
1 0.4099264705882353 0.43857230392156865 0.02165032679738562 0.015012254901960785
1 0.3709150326797386 0.4530407475490196 0.018790849673202614 0.013924632352941177
1 0.6881127450980392 0.4252450980392157 0.020833333333333332 0.015318627450980392
0 0.6913807189542484 0.7855392156862745 0.01919934640522876 0.014705882352941176
1 0.9719444444444445 0.43617647058823533 0.027222222222222224 0.020024509803921568
1 0.8196486928104575 0.46017156862745096 0.023284313725490197 0.016544117647058824
0 0.5569852941176471 0.8397671568627451 0.02246732026143791 0.015931372549019607
1 0.8950163398692811 0.5350796568627451 0.02369281045751634 0.016237745098039217
0 0.9730392156862745 0.7919730392156863 0.02696078431372549 0.0196078431372549
0 0.8586601307189542 0.719515931372549 0.022058823529411766 0.014399509803921568
0 0.877859477124183 0.8488051470588235 0.02042483660130719 0.014399509803921568
1 0.7395833333333334 0.43612132352941174 0.023284313725490197 0.015625
1 0.19526143790849673 0.5784313725490197 0.024509803921568627 0.01715686274509804
0 0.1147875816993464 0.8347120098039216 0.024509803921568627 0.016237745098039217
1 0.5708741830065359 0.6135110294117647 0.02900326797385621 0.020526960784313725
1 0.553921568627451 0.6338848039215687 0.026143790849673203 0.01838235294117647
0 0.8304738562091504 0.8578431372549019 0.02696078431372549 0.018995098039215685
1 0.9291258169934641 0.5039828431372549 0.02165032679738562 0.015931372549019607
1 0.9446486928104575 0.507046568627451 0.02165032679738562 0.015931372549019607
0 0.3306781045751634 0.8426776960784313 0.020016339869281044 0.015012254901960785
1 0.4318178104575163 0.4456188725490196 0.026217320261437912 0.018075980392156864
1 0.9752859477124183 0.48943014705882354 0.03308823529411765 0.021752450980392156
1 0.35320261437908496 0.5987913602941176 0.02666666666666667 0.018661151960784314