0 0.9628267973856209 0.6911764705882353 0.016339869281045753 0.011029411764705883
0 0.715890522875817 0.6415441176470589 0.013480392156862746 0.00857843137254902
0 0.2555147058823529 0.6850490196078431 0.013480392156862746 0.00857843137254902
0 0.6603349673202614 0.6361825980392157 0.01511437908496732 0.01011029411764706
0 0.965890522875817 0.6167279411764706 0.012663398692810458 0.00857843137254902
0 0.7103758169934641 0.6300551470588235 0.016339869281045753 0.010723039215686275
1 0.9026613562091503 0.46043351715686276 0.020191993464052288 0.013391544117647059
0 0.1613562091503268 0.6441482843137255 0.01715686274509804 0.008272058823529412
0 0.04595588235294118 0.6620710784313726 0.016748366013071895 0.011642156862745098
0 0.8727532679738562 0.6884191176470589 0.01919934640522876 0.012254901960784314
1 0.8260396241830066 0.31517003676470584 0.019726307189542484 0.013305759803921569
0 0.9593545751633987 0.6390931372549019 0.015931372549019607 0.011029411764705883
1 0.7205882352941176 0.5364583333333334 0.02696078431372549 0.01838235294117647
0 0.8913398692810458 0.8973651960784313 0.029411764705882353 0.022058823529411766
1 0.8879268790849673 0.4907873774509804 0.021768790849673203 0.015275735294117647
1 0.8849795751633986 0.3698360906862745 0.019959150326797386 0.014794730392156863
0 0.5749591503267973 0.7715992647058824 0.02246732026143791 0.015625
0 0.9313725490196079 0.7107843137254902 0.021241830065359478 0.014705882352941176
1 0.8345588235294118 0.6155024509803921 0.028594771241830064 0.0196078431372549