0 0.32169117647058826 0.7700674019607843 0.020016339869281044 0.012561274509803922
0 0.5512663398692811 0.8158700980392157 0.016748366013071895 0.010416666666666666
0 0.514297385620915 0.6649816176470589 0.015522875816993464 0.010723039215686275
1 0.5929044117647059 0.3272058823529412 0.022410130718954247 0.01838235294117647
0 0.007148692810457516 0.7662377450980392 0.012663398692810458 0.014093137254901961
0 0.05718954248366013 0.6274509803921569 0.012254901960784314 0.007965686274509803
0 0.2920751633986928 0.7280943627450981 0.018790849673202614 0.01011029411764706
0 0.15155228758169934 0.8192401960784313 0.02369281045751634 0.014705882352941176
0 0.28860294117647056 0.6380208333333334 0.01184640522875817 0.008884803921568627
0 0.28556781045751634 0.6793811274509803 0.02620098039215686 0.01685049019607843
0 0.8680555555555556 0.6780024509803921 0.016339869281045753 0.011029411764705883
0 0.9822303921568627 0.657015931372549 0.016748366013071895 0.010723039215686275
0 0.21834150326797386 0.8161764705882353 0.01838235294117647 0.011642156862745098
1 0.4424019607843137 0.35202205882352944 0.021241830065359478 0.015931372549019607
0 0.27369281045751637 0.7329963235294118 0.016339869281045753 0.010723039215686275
0 0.3020833333333333 0.8026960784313726 0.017565359477124183 0.010416666666666666
0 0.5025102124183006 0.577140012254902 0.018092320261437908 0.00967218137254902
0 0.8553921568627451 0.6965379901960784 0.017973856209150325 0.011948529411764705
0 0.7722630718954249 0.6060049019607843 0.01511437908496732 0.00980392156862745
0 0.880718954248366 0.6593137254901961 0.016339869281045753 0.011029411764705883
0 0.7399918300653595 0.5752144607843137 0.01511437908496732 0.01011029411764706
0 0.17769607843137256 0.6827512254901961 0.014705882352941176 0.009497549019607842
0 0.5065359477124183 0.7919730392156863 0.01715686274509804 0.012867647058823529
0 0.5898692810457516 0.7567401960784313 0.016339869281045753 0.011642156862745098
0 0.12459150326797386 0.8416053921568627 0.018790849673202614 0.013480392156862746
0 0.8527369281045751 0.5548406862745098 0.014297385620915032 0.00980392156862745
0 0.19444444444444445 0.8163296568627451 0.022058823529411766 0.014399509803921568
0 0.17915441176470587 0.6228553921568627 0.012720588235294117 0.00857843137254902
0 0.10927287581699346 0.5517769607843137 0.014297385620915032 0.009191176470588236
0 0.6801470588235294 0.6288296568627451 0.014705882352941176 0.01011029411764706
0 0.889297385620915 0.6421568627450981 0.01715686274509804 0.009191176470588236
0 0.9934640522875817 0.5821078431372549 0.013071895424836602 0.011642156862745098
0 0.7730800653594772 0.7936580882352942 0.020016339869281044 0.013786764705882353
0 0.2571486928104575 0.7470894607843137 0.01919934640522876 0.011948529411764705
0 0.6840277777777778 0.7077205882352942 0.017565359477124183 0.012254901960784314
0 0.2963643790849673 0.7677696078431373 0.015931372549019607 0.011029411764705883
0 0.3043300653594771 0.6375612745098039 0.013888888888888888 0.00980392156862745
0 0.7269199346405228 0.7282475490196079 0.016748366013071895 0.011642156862745098
0 0.5465686274509803 0.7712928921568627 0.02287581699346405 0.014399509803921568
0 0.18382352941176472 0.602328431372549 0.013888888888888888 0.00857843137254902
0 0.20261437908496732 0.6636029411764706 0.016339869281045753 0.010416666666666666
1 0.5807945261437909 0.49754901960784315 0.024334150326797387 0.015318627450980392
0 0.258374183006536 0.7561274509803921 0.016748366013071895 0.011029411764705883
0 0.8029003267973857 0.6544117647058824 0.015931372549019607 0.011029411764705883
0 0.2555147058823529 0.7167585784313726 0.01838235294117647 0.01133578431372549
0 0.6035539215686274 0.6096813725490197 0.017565359477124183 0.012254901960784314
0 0.7888071895424836 0.6014093137254902 0.016339869281045753 0.010416666666666666
0 0.08415032679738563 0.6147365196078431 0.014705882352941176 0.01011029411764706
0 0.676062091503268 0.7306985294117647 0.02042483660130719 0.014093137254901961
0 0.19914215686274508 0.6833639705882353 0.01838235294117647 0.01133578431372549
0 0.23897058823529413 0.7837009803921569 0.017973856209150325 0.014093137254901961
0 0.6047794117647058 0.647671568627451 0.015931372549019607 0.011642156862745098
0 0.5361519607843137 0.7931985294117647 0.01919934640522876 0.015318627450980392
0 0.4805964052287582 0.8661151960784313 0.025735294117647058 0.017769607843137254
0 0.49019607843137253 0.7853860294117647 0.021241830065359478 0.014399509803921568
0 0.13276143790849673 0.6314338235294118 0.017973856209150325 0.010416666666666666
0 0.3084150326797386 0.6783088235294118 0.01715686274509804 0.012254901960784314
0 0.3257761437908497 0.7084865196078431 0.015931372549019607 0.011948529411764705
0 0.14011437908496732 0.7712928921568627 0.017973856209150325 0.014399509803921568
0 0.10641339869281045 0.8129595588235294 0.017565359477124183 0.011948529411764705
1 0.15537581699346406 0.31035539215686275 0.02235294117647059 0.015318627450980392
1 0.2982904411764706 0.4554227941176471 0.024685457516339868 0.017463235294117647
0 0.6241830065359477 0.6671262254901961 0.016339869281045753 0.01133578431372549
0 0.1642156862745098 0.6021752450980392 0.013888888888888888 0.008884803921568627
0 0.40032679738562094 0.6524203431372549 0.0196078431372549 0.014399509803921568
0 0.2426470588235294 0.8080575980392157 0.017973856209150325 0.015625
0 0.2775735294117647 0.7912071078431373 0.020833333333333332 0.016237745098039217
0 0.20526960784313725 0.8344056372549019 0.024918300653594773 0.015625
0 0.14399509803921567 0.5827205882352942 0.015931372549019607 0.011029411764705883
0 0.6674836601307189 0.7054227941176471 0.018790849673202614 0.012561274509803922
0 0.8654003267973857 0.6534926470588235 0.020833333333333332 0.014093137254901961
0 0.12071078431372549 0.8183210784313726 0.024918300653594773 0.017769607843137254
0 0.26266339869281047 0.8011642156862745 0.0196078431372549 0.014705882352941176
0 0.1503267973856209 0.7213541666666666 0.02369281045751634 0.014399509803921568
0 0.238562091503268 0.7244178921568627 0.01715686274509804 0.01133578431372549
0 0.6615604575163399 0.6888786764705882 0.020833333333333332 0.014399509803921568
0 0.12336601307189543 0.7745098039215687 0.021241830065359478 0.015931372549019607
0 0.32598039215686275 0.6721813725490197 0.017973856209150325 0.012867647058823529
0 0.7892156862745098 0.7360600490196079 0.022058823529411766 0.015625
1 0.5962009803921569 0.5664613970588236 0.026552287581699346 0.019564950980392157
0 0.6970996732026143 0.7450980392156863 0.02246732026143791 0.016544117647058824
0 0.4722222222222222 0.6551776960784313 0.0196078431372549 0.012561274509803922
0 0.018790849673202614 0.6188725490196079 0.01715686274509804 0.011642156862745098
0 0.13970588235294118 0.6150428921568627 0.014705882352941176 0.010723039215686275
1 0.7362581699346404 0.45883731617647056 0.026437908496732027 0.020615808823529414
0 0.7081290849673203 0.7668504901960784 0.023284313725490197 0.016544117647058824
0 0.10273692810457516 0.7835477941176471 0.02246732026143791 0.015012254901960785
0 0.6776960784313726 0.7454044117647058 0.021241830065359478 0.01715686274509804
1 0.13121527777777778 0.30033241421568624 0.03285539215686275 0.021620710784313723
0 0.09436274509803921 0.6210171568627451 0.017973856209150325 0.011029411764705883
0 0.505718954248366 0.7547487745098039 0.021241830065359478 0.01685049019607843
0 0.5741421568627451 0.6792279411764706 0.01838235294117647 0.012867647058823529
0 0.8053513071895425 0.7192095588235294 0.02165032679738562 0.015012254901960785
1 0.15216503267973855 0.3256954656862745 0.030637254901960783 0.02087622549019608
1 0.6334334150326797 0.586703431372549 0.031572712418300654 0.02267156862745098
0 0.6260212418300654 0.6309742647058824 0.017565359477124183 0.011948529411764705
0 0.4140114379084967 0.8080575980392157 0.024918300653594773 0.01685049019607843
0 0.19076797385620914 0.6729473039215687 0.017973856209150325 0.012561274509803922
0 0.641952614379085 0.6355698529411765 0.017565359477124183 0.012561274509803922
0 0.4272875816993464 0.7780330882352942 0.02287581699346405 0.01685049019607843
0 0.3668300653594771 0.7345281862745098 0.02369281045751634 0.01685049019607843
0 0.7232434640522876 0.789828431372549 0.024101307189542485 0.02022058823529412