1 0.9250408496732027 0.4860094975490196 0.012663398692810458 0.008783700980392157
0 0.994281045751634 0.6836703431372549 0.011437908496732025 0.008884803921568627
0 0.4117647058823529 0.8783700980392157 0.015522875816993464 0.011642156862745098
1 0.6625816993464052 0.6412882965686274 0.018790849673202614 0.011743259803921569
1 0.7760069444444444 0.6028385416666666 0.018517156862745097 0.012662377450980391
1 0.2630044934640523 0.4417386642156863 0.02110702614379085 0.015217524509803923
1 0.8400040849673203 0.5508072916666666 0.017426470588235293 0.013379289215686275
1 0.6569301470588235 0.41590073529411764 0.01892565359477124 0.012561274509803922
0 0.5486111111111112 0.7394301470588235 0.013071895424836602 0.008884803921568627
0 0.5132761437908496 0.7244178921568627 0.013480392156862746 0.009497549019607842
1 0.40093954248366015 0.6661044730392157 0.017565359477124183 0.01296875
1 0.25183823529411764 0.42105851715686277 0.017565359477124183 0.011847426470588236
1 0.5765931372549019 0.4181479779411765 0.015931372549019607 0.012153799019607843
1 0.5814950980392157 0.5735294117647058 0.023284313725490197 0.015318627450980392
0 0.47487745098039214 0.7239583333333334 0.013480392156862746 0.009191176470588236
0 0.0428921568627451 0.8575367647058824 0.016339869281045753 0.00980392156862745
1 0.8545751633986928 0.5496323529411765 0.01715686274509804 0.012254901960784314
1 0.8321078431372549 0.5087316176470589 0.02042483660130719 0.013174019607843137
0 0.06985294117647059 0.7588848039215687 0.016339869281045753 0.010416666666666666
0 0.5132761437908496 0.7155330882352942 0.01511437908496732 0.010723039215686275
1 0.5460927287581699 0.4019607843137255 0.019473039215686275 0.013480392156862746
1 0.6301736111111111 0.41441942401960785 0.01688316993464052 0.012662377450980391
1 0.9082924836601307 0.5875199142156863 0.01919934640522876 0.013887867647058823
1 0.4738562091503268 0.6698835784313726 0.025326797385620915 0.01685049019607843
0 0.34763071895424835 0.8307291666666666 0.015522875816993464 0.01011029411764706
0 0.3220996732026144 0.7284007352941176 0.016748366013071895 0.011948529411764705
1 0.45016339869281047 0.4028799019607843 0.018790849673202614 0.014705882352941176
1 0.6564542483660131 0.40579044117647056 0.01715686274509804 0.011948529411764705
0 0.4409722222222222 0.7526041666666666 0.013480392156862746 0.008884803921568627
0 0.676062091503268 0.7040441176470589 0.021241830065359478 0.014093137254901961
0 0.43770424836601307 0.7904411764705882 0.015931372549019607 0.010416666666666666
1 0.5072855392156863 0.45368719362745097 0.016205065359477126 0.011541053921568628
0 0.09027777777777778 0.7424938725490197 0.015522875816993464 0.011948529411764705
0 0.7888071895424836 0.7110906862745098 0.017973856209150325 0.012867647058823529
1 0.5287990196078431 0.42815563725490197 0.01919934640522876 0.012561274509803922
1 0.579248366013072 0.6798912377450981 0.025326797385620915 0.016645220588235293
0 0.23366013071895425 0.7579656862745098 0.016339869281045753 0.012254901960784314
1 0.02165032679738562 0.6717218137254902 0.0196078431372549 0.013786764705882353
1 0.6451531862745098 0.41309283088235293 0.019881535947712418 0.014911151960784314
0 0.35641339869281047 0.7196691176470589 0.017565359477124183 0.010416666666666666
1 0.5661764705882353 0.46236672794117645 0.02042483660130719 0.015419730392156862
0 0.35518790849673204 0.7660845588235294 0.01838235294117647 0.010723039215686275
0 0.19117647058823528 0.7945772058823529 0.015522875816993464 0.01011029411764706
0 0.2412173202614379 0.7740502450980392 0.01838235294117647 0.01011029411764706
0 0.3457924836601307 0.7303921568627451 0.014297385620915032 0.00980392156862745
1 0.5471813725490197 0.44025735294117646 0.016748366013071895 0.013480392156862746
0 0.32189542483660133 0.9224877450980392 0.018790849673202614 0.014093137254901961
0 0.36356209150326796 0.8806678921568627 0.021241830065359478 0.015625
0 0.4824346405228758 0.7991727941176471 0.0196078431372549 0.013786764705882353
1 0.6382761437908496 0.4483256740196079 0.016748366013071895 0.012460171568627451
1 0.5499734477124183 0.4615502450980392 0.019881535947712418 0.016237745098039217
1 0.5661764705882353 0.3670848651960784 0.01715686274509804 0.012356004901960784
1 0.9479166666666666 0.5991115196078431 0.023284313725490197 0.015625
1 0.8541666666666666 0.5784313725490197 0.018790849673202614 0.013480392156862746
0 0.20036764705882354 0.8731617647058824 0.026552287581699346 0.017769607843137254
0 0.26633986928104575 0.8521752450980392 0.02369281045751634 0.016237745098039217
1 0.7857434640522876 0.6223958333333334 0.020833333333333332 0.014399509803921568
1 0.8878676470588235 0.5569852941176471 0.020833333333333332 0.015318627450980392
0 0.6156045751633987 0.7668504901960784 0.02287581699346405 0.016544117647058824
0 0.9042075163398693 0.7107843137254902 0.016748366013071895 0.012254901960784314
0 0.505718954248366 0.8186274509803921 0.02287581699346405 0.015931372549019607
0 0.33108660130718953 0.7417279411764706 0.016748366013071895 0.010416666666666666
0 0.3860294117647059 0.7405024509803921 0.0196078431372549 0.012867647058823529
1 0.9040032679738562 0.5690870098039216 0.02369281045751634 0.015625
1 0.795547385620915 0.6631433823529411 0.027369281045751634 0.01991421568627451
0 0.8727532679738562 0.8253676470588235 0.026552287581699346 0.018995098039215685
1 0.5318627450980392 0.6173406862745098 0.03104575163398693 0.02144607843137255
1 0.4116462418300654 0.38848039215686275 0.014468954248366014 0.011029411764705883
1 0.533609068627451 0.4369898897058824 0.01983251633986928 0.014298406862745099
1 0.6207455065359477 0.5623973651960784 0.018451797385620916 0.01143688725490196
1 0.2603737745098039 0.5538189338235294 0.019930555555555556 0.013275122549019608
1 0.7616053921568627 0.5141957720588235 0.015857843137254902 0.011234681372549021
1 0.8285866013071896 0.4793704044117647 0.021552287581699345 0.013887867647058823