0 0.05575980392156863 0.6740196078431373 0.012663398692810458 0.007965686274509803
0 0.5492238562091504 0.8324142156862745 0.01919934640522876 0.013480392156862746
0 0.6345996732026143 0.8147977941176471 0.020016339869281044 0.013174019607843137
1 0.19162173202614377 0.5210416666666667 0.017230392156862746 0.011446078431372549
0 0.9540441176470589 0.7415747549019608 0.016748366013071895 0.01011029411764706
0 0.2777777777777778 0.7293198529411765 0.016339869281045753 0.01133578431372549
0 0.5004084967320261 0.8069852941176471 0.014705882352941176 0.010416666666666666
0 0.30943627450980393 0.8861825980392157 0.023284313725490197 0.012561274509803922
0 0.07618464052287582 0.7018995098039216 0.013480392156862746 0.00980392156862745
0 0.1940359477124183 0.7147671568627451 0.013888888888888888 0.00980392156862745
0 0.3486519607843137 0.8584558823529411 0.017565359477124183 0.013480392156862746
0 0.891748366013072 0.733609068627451 0.013888888888888888 0.009497549019607842
0 0.7767565359477124 0.913296568627451 0.01838235294117647 0.012254901960784314
0 0.3235294117647059 0.8494178921568627 0.0196078431372549 0.013174019607843137
0 0.6613562091503268 0.7083333333333334 0.017973856209150325 0.00980392156862745
0 0.2354983660130719 0.7925857843137255 0.015931372549019607 0.010416666666666666
0 0.11540032679738563 0.6891850490196079 0.01511437908496732 0.01011029411764706
0 0.5441176470588235 0.8883272058823529 0.016339869281045753 0.01133578431372549
0 0.49060457516339867 0.7942708333333334 0.017973856209150325 0.012561274509803922
0 0.24101307189542484 0.7766544117647058 0.018790849673202614 0.011029411764705883
0 0.48508986928104575 0.8069852941176471 0.015931372549019607 0.012867647058823529
0 0.2653186274509804 0.7391237745098039 0.015931372549019607 0.010723039215686275
0 0.6840277777777778 0.7397365196078431 0.01511437908496732 0.010723039215686275
0 0.23651960784313725 0.992953431372549 0.017973856209150325 0.011642156862745098
0 0.7075163398692811 0.7647058823529411 0.016339869281045753 0.010416666666666666
0 0.29534313725490197 0.8760723039215687 0.018790849673202614 0.011948529411764705
0 0.5872140522875817 0.9624693627450981 0.015931372549019607 0.011948529411764705
0 0.06699346405228758 0.733609068627451 0.015522875816993464 0.01011029411764706
0 0.2667483660130719 0.907015931372549 0.016339869281045753 0.011948529411764705
0 0.3954248366013072 0.8599877450980392 0.021241830065359478 0.014705882352941176
0 0.5610702614379085 0.8688725490196079 0.01838235294117647 0.012254901960784314
0 0.5447303921568627 0.7693014705882353 0.015931372549019607 0.012867647058823529
0 0.1337826797385621 0.7090992647058824 0.013480392156862746 0.01011029411764706
0 0.043913398692810454 0.8177083333333334 0.01919934640522876 0.013480392156862746
0 0.9660947712418301 0.9453125 0.02369281045751634 0.016237745098039217
0 0.2581699346405229 0.7447916666666666 0.016339869281045753 0.011029411764705883
0 0.6088643790849673 0.765625 0.017565359477124183 0.012254901960784314
0 0.061887254901960786 0.7078737745098039 0.014297385620915032 0.008884803921568627
0 0.45465686274509803 0.8883272058823529 0.017973856209150325 0.013786764705882353
0 0.5584150326797386 0.9241727941176471 0.015522875816993464 0.01133578431372549
0 0.7224264705882353 0.7469362745098039 0.017565359477124183 0.012254901960784314
0 0.633578431372549 0.7994791666666666 0.018790849673202614 0.013174019607843137
0 0.6879084967320261 0.7634803921568627 0.017973856209150325 0.012254901960784314
0 0.6372549019607843 0.8534007352941176 0.021241830065359478 0.015012254901960785
0 0.12193627450980392 0.711703431372549 0.01511437908496732 0.010416666666666666
0 0.32005718954248363 0.8714767156862745 0.020016339869281044 0.013174019607843137
0 0.28370098039215685 0.8956801470588235 0.023284313725490197 0.016237745098039217
0 0.13541666666666666 0.8008578431372549 0.01919934640522876 0.012254901960784314
0 0.6517565359477124 0.7274816176470589 0.015931372549019607 0.01011029411764706
0 0.6544117647058824 0.7398897058823529 0.013071895424836602 0.009191176470588236
1 0.7544015522875818 0.28349264705882354 0.025959967320261436 0.019191176470588236
0 0.2326388888888889 0.7026654411764706 0.01511437908496732 0.010723039215686275
0 0.6092728758169934 0.7489276960784313 0.015931372549019607 0.01133578431372549
0 0.5308415032679739 0.7855392156862745 0.017565359477124183 0.012254901960784314
0 0.6793300653594772 0.7208946078431373 0.013888888888888888 0.009191176470588236
0 0.6388888888888888 0.8682598039215687 0.02287581699346405 0.015318627450980392
0 0.1642156862745098 0.7110906862745098 0.014705882352941176 0.011029411764705883
0 0.35641339869281047 0.8200061274509803 0.020016339869281044 0.013786764705882353
0 0.16973039215686275 0.7018995098039216 0.016748366013071895 0.011642156862745098
0 0.5046977124183006 0.8779105392156863 0.023284313725490197 0.01685049019607843
0 0.7363153594771242 0.7339154411764706 0.01838235294117647 0.011948529411764705
0 0.005718954248366013 0.8527879901960784 0.011437908496732025 0.015012254901960785
0 0.5334967320261438 0.9244791666666666 0.02042483660130719 0.014399509803921568
0 0.24305555555555555 0.7496936274509803 0.015522875816993464 0.00980392156862745
0 0.17687908496732027 0.7158394607843137 0.015522875816993464 0.010723039215686275
0 0.2173202614379085 0.7504595588235294 0.0196078431372549 0.011948529411764705
0 0.01919934640522876 0.8512561274509803 0.02042483660130719 0.015625
1 0.4544893790849673 0.7606112132352942 0.02907679738562092 0.02183517156862745
1 0.366515522875817 0.28254442401960783 0.021429738562091502 0.016069240196078433
0 0.3576388888888889 0.8647365196078431 0.020833333333333332 0.013786764705882353
0 0.7706290849673203 0.7709865196078431 0.02165032679738562 0.015625
0 0.12009803921568628 0.6878063725490197 0.015522875816993464 0.00980392156862745
0 0.061683006535947715 0.8121936274509803 0.02369281045751634 0.01715686274509804
1 0.5725081699346405 0.6504289215686274 0.03145424836601307 0.02267156862745098
0 0.25674019607843135 0.7598039215686274 0.02246732026143791 0.014093137254901961
0 0.5959967320261438 0.7757352941176471 0.02287581699346405 0.015931372549019607
0 0.3984885620915033 0.8310355392156863 0.020016339869281044 0.016237745098039217
0 0.6125408496732027 0.7933517156862745 0.020833333333333332 0.015625
0 0.5298202614379085 0.9007352941176471 0.024509803921568627 0.018995098039215685