0 0.8803104575163399 0.8382352941176471 0.017973856209150325 0.011642156862745098
0 0.8178104575163399 0.8818933823529411 0.017973856209150325 0.012561274509803922
0 0.22099673202614378 0.6574754901960784 0.013888888888888888 0.009191176470588236
0 0.7314133986928104 0.9459252450980392 0.01511437908496732 0.01133578431372549
0 0.8688725490196079 0.8587622549019608 0.02042483660130719 0.013480392156862746
1 0.8454125816993465 0.5719316789215686 0.029060457516339868 0.020088848039215686
0 0.9944852941176471 0.7294730392156863 0.011029411764705883 0.012867647058823529
1 0.8475428921568627 0.594734987745098 0.030870098039215685 0.021577818627450982
0 0.747140522875817 0.8674938725490197 0.016339869281045753 0.012561274509803922
1 0.795547385620915 0.5666360294117647 0.02900326797385621 0.018075980392156864
0 0.9052287581699346 0.7141544117647058 0.015522875816993464 0.011029411764705883
0 0.7397875816993464 0.8803615196078431 0.016339869281045753 0.01133578431372549
0 0.23774509803921567 0.6675857843137255 0.015522875816993464 0.00980392156862745
1 0.9399509803921569 0.45511642156862747 0.024509803921568627 0.018075980392156864
1 0.8690767973856209 0.5575980392156863 0.024101307189542485 0.017769607843137254
0 0.6693218954248366 0.9529718137254902 0.024101307189542485 0.017463235294117647
0 0.9740604575163399 0.7564338235294118 0.015931372549019607 0.011642156862745098
0 0.7763480392156863 0.9632352941176471 0.02246732026143791 0.014093137254901961
0 0.8525326797385621 0.8933823529411765 0.02369281045751634 0.016544117647058824
0 0.9897875816993464 0.7045036764705882 0.016339869281045753 0.010723039215686275
1 0.8877798202614379 0.3473606004901961 0.023108660130718953 0.01518688725490196
0 0.7708333333333334 0.9511335784313726 0.022058823529411766 0.015012254901960785
1 0.8062561274509804 0.4810707720588235 0.021008986928104576 0.015450367647058823
0 0.9522058823529411 0.7207414215686274 0.015522875816993464 0.01133578431372549
0 0.4452614379084967 0.9169730392156863 0.02369281045751634 0.015931372549019607
1 0.9082638888888889 0.34512867647058826 0.02159313725490196 0.015012254901960785
0 0.6374591503267973 0.8768382352941176 0.017565359477124183 0.014093137254901961
0 0.6245915032679739 0.7685355392156863 0.017973856209150325 0.012561274509803922
0 0.9948937908496732 0.8817401960784313 0.010212418300653595 0.02022058823529412
1 0.8217790032679738 0.3848912377450981 0.021825980392156864 0.015493259803921569
0 0.6437908496732027 0.7737438725490197 0.017973856209150325 0.013174019607843137
1 0.957079248366013 0.4589905024509804 0.02935457516339869 0.021534926470588238
1 0.8559170751633987 0.45632046568627455 0.025559640522875817 0.017420343137254903
1 0.9274918300653595 0.5110294117647058 0.024918300653594773 0.01715686274509804
0 0.6025326797385621 0.9397977941176471 0.02369281045751634 0.020526960784313725
0 0.8774509803921569 0.8881740196078431 0.026143790849673203 0.0196078431372549
1 0.9468954248366013 0.48743872549019607 0.032679738562091505 0.02267156862745098