0 0.11329452614379086 0.6300076593137254 0.011719771241830067 0.007564338235294118
1 0.4852308006535948 0.3031433823529412 0.020298202614379084 0.013762254901960785
0 0.03758169934640523 0.7751225490196079 0.015522875816993464 0.011029411764705883
0 0.11070261437908496 0.7002144607843137 0.017973856209150325 0.01133578431372549
0 0.9718137254901961 0.8126531862745098 0.018790849673202614 0.015625
0 0.18913398692810457 0.6942401960784313 0.014705882352941176 0.011029411764705883
0 0.22773692810457516 0.8046875 0.017565359477124183 0.014399509803921568
1 0.605093954248366 0.4329871323529412 0.02309640522875817 0.01670955882352941
1 0.4714052287581699 0.3850980392156863 0.018790849673202614 0.014068627450980392
1 0.45162377450980395 0.30395680147058823 0.020894607843137254 0.014776348039215686
1 0.35723039215686275 0.6363357843137255 0.023284313725490197 0.01715686274509804
1 0.7245486111111111 0.3403569240196078 0.008737745098039216 0.007306985294117647
1 0.7391891339869281 0.4085125612745098 0.007790032679738562 0.0063633578431372545
1 0.7963725490196079 0.37457567401960784 0.0077777777777777776 0.005891544117647059