1 0.03002450980392157 0.42401960784313725 0.014297385620915032 0.010416666666666666
0 0.1627859477124183 0.6505821078431373 0.01184640522875817 0.007659313725490196
0 0.15522875816993464 0.6533394607843137 0.013888888888888888 0.008272058823529412
0 0.6303104575163399 0.7412683823529411 0.018790849673202614 0.012561274509803922
1 0.14522058823529413 0.5284926470588235 0.015931372549019607 0.011642156862745098
0 0.46629901960784315 0.641390931372549 0.014297385620915032 0.009497549019607842
0 0.08762254901960784 0.6764705882352942 0.013480392156862746 0.00857843137254902
0 0.0196078431372549 0.6600796568627451 0.012254901960784314 0.008272058823529412
0 0.03431372549019608 0.6588541666666666 0.012254901960784314 0.008272058823529412
0 0.258374183006536 0.6266850490196079 0.01511437908496732 0.009497549019607842
1 0.14501633986928106 0.45557598039215685 0.014705882352941176 0.011029411764705883
0 0.9581290849673203 0.6623774509803921 0.01919934640522876 0.011642156862745098
1 0.7320261437908496 0.43152573529411764 0.01715686274509804 0.011948529411764705
0 0.6172385620915033 0.7526041666666666 0.018790849673202614 0.013174019607843137
0 0.9387254901960784 0.6983762254901961 0.01715686274509804 0.011948529411764705
0 0.12908496732026145 0.6567095588235294 0.014705882352941176 0.009497549019607842
0 0.1337826797385621 0.6191789215686274 0.015931372549019607 0.00980392156862745
0 0.11540032679738563 0.6688112745098039 0.016748366013071895 0.010416666666666666
0 0.6378288398692811 0.7110906862745098 0.011768790849673203 0.007352941176470588
0 0.12233047385620914 0.6505821078431373 0.01508578431372549 0.008884803921568627
1 0.2295424836601307 0.43581495098039214 0.015457516339869283 0.01133578431372549
0 0.1121078431372549 0.6628370098039216 0.01343137254901961 0.0070465686274509805