1 0.8823876633986928 0.42800245098039214 0.01804330065359477 0.012867647058823529
0 0.10784313725490197 0.7132352941176471 0.013071895424836602 0.007965686274509803
0 0.11458333333333333 0.7222732843137255 0.012663398692810458 0.008884803921568627
0 0.18361928104575165 0.7489276960784313 0.014297385620915032 0.008272058823529412
0 0.8986928104575164 0.6742754289215687 0.011437908496732025 0.007864583333333335
0 0.9579248366013072 0.7817095588235294 0.018790849673202614 0.012561274509803922
0 0.5008169934640523 0.8455882352941176 0.013071895424836602 0.011029411764705883
0 0.6885212418300654 0.7127757352941176 0.011029411764705883 0.008272058823529412
0 0.5500408496732027 0.8446691176470589 0.016748366013071895 0.011029411764705883
0 0.542687908496732 0.8481924019607843 0.015931372549019607 0.010723039215686275
0 0.4818218954248366 0.8488556985294118 0.016748366013071895 0.010824142156862745
1 0.8843954248366013 0.49862132352941174 0.017973856209150325 0.014399509803921568
0 0.056372549019607844 0.7594975490196079 0.012254901960784314 0.00857843137254902
0 0.9448529411764706 0.7057291666666666 0.013888888888888888 0.008884803921568627
0 0.6088643790849673 0.7428002450980392 0.014297385620915032 0.010723039215686275
0 0.09497549019607843 0.749234068627451 0.014297385620915032 0.008884803921568627
0 0.9673202614379085 0.7892156862745098 0.018790849673202614 0.011642156862745098
0 0.6738153594771242 0.7213541666666666 0.012663398692810458 0.008884803921568627
0 0.8638337418300653 0.6969469975490196 0.011981209150326797 0.007251838235294118
0 0.9213643790849673 0.7008272058823529 0.012663398692810458 0.007659313725490196
0 0.9285130718954249 0.7542892156862745 0.016339869281045753 0.012254901960784314
0 0.24877450980392157 0.7760416666666666 0.016339869281045753 0.011029411764705883
1 0.12003063725490196 0.49634957107843136 0.016205065359477126 0.012306985294117648
0 0.8780637254901961 0.6896446078431373 0.012663398692810458 0.00857843137254902
0 0.5855800653594772 0.7642463235294118 0.014297385620915032 0.009497549019607842
0 0.16666666666666666 0.7129289215686274 0.014705882352941176 0.00857843137254902
1 0.18055555555555555 0.5589767156862745 0.017973856209150325 0.013174019607843137
0 0.007148692810457516 0.7096354166666666 0.013480392156862746 0.010569852941176471
0 0.9393382352941176 0.8910845588235294 0.01919934640522876 0.015625
1 0.9511499183006535 0.4261902573529412 0.022397875816993464 0.01659620098039216
0 0.8449754901960784 0.7132352941176471 0.015931372549019607 0.011029411764705883
0 0.25388071895424835 0.850796568627451 0.016748366013071895 0.012867647058823529
0 0.11825980392156862 0.75 0.012663398692810458 0.00857843137254902
1 0.8360559640522875 0.5651807598039216 0.018517156862745097 0.014552696078431373
1 0.6560457516339869 0.705219056372549 0.017973856209150325 0.01276654411764706
0 0.9078839869281046 0.9122242647058824 0.02246732026143791 0.015625
0 0.4883578431372549 0.875 0.020016339869281044 0.015318627450980392
0 0.10049019607843138 0.7239583333333334 0.013888888888888888 0.009191176470588236
0 0.9084967320261438 0.7866115196078431 0.017973856209150325 0.013174019607843137
0 0.19607843137254902 0.7452512254901961 0.014705882352941176 0.009497549019607842
1 0.23927696078431374 0.45163143382352944 0.023488562091503268 0.018458946078431373
0 0.3472222222222222 0.8135723039215687 0.01715686274509804 0.01133578431372549
0 0.22722630718954248 0.8188311887254902 0.017361111111111112 0.01143688725490196
0 0.6027369281045751 0.8635110294117647 0.01919934640522876 0.012561274509803922
0 0.4223856209150327 0.8615196078431373 0.018790849673202614 0.013480392156862746
0 0.8296568627450981 0.7306985294117647 0.01715686274509804 0.010416666666666666
0 0.8459967320261438 0.7800245098039216 0.018790849673202614 0.012254901960784314
1 0.4227941176470588 0.6818321078431373 0.024509803921568627 0.017463235294117647
0 0.6633986928104575 0.8143382352941176 0.018790849673202614 0.015318627450980392
0 0.16258169934640523 0.7218137254901961 0.015522875816993464 0.010416666666666666
0 0.48999183006535946 0.9087009803921569 0.020016339869281044 0.015318627450980392
0 0.508578431372549 0.7876838235294118 0.0196078431372549 0.014705882352941176
1 0.38848039215686275 0.6622242647058824 0.02287581699346405 0.017463235294117647
0 0.320874183006536 0.8360906862745098 0.016748366013071895 0.012867647058823529
0 0.3443627450980392 0.8604473039215687 0.02287581699346405 0.016237745098039217
0 0.3562091503267974 0.8319546568627451 0.02042483660130719 0.013786764705882353
0 0.1527777777777778 0.8671875 0.022058823529411766 0.01685049019607843
0 0.06209150326797386 0.9332107843137255 0.0196078431372549 0.014705882352941176
0 0.9803921568627451 0.7725183823529411 0.0196078431372549 0.012561274509803922
0 0.20874183006535948 0.8851102941176471 0.021241830065359478 0.014705882352941176
0 0.4144199346405229 0.8733149509803921 0.020016339869281044 0.014399509803921568
1 0.12811274509803922 0.5012254901960784 0.016029411764705882 0.012254901960784314
0 0.23004901960784313 0.8251378676470589 0.01810457516339869 0.013020833333333334
0 0.9345322712418301 0.7003416053921568 0.012855392156862745 0.00791360294117647