0 0.9389297385620915 0.6819852941176471 0.013480392156862746 0.009191176470588236
0 0.6624264705882352 0.6646875 0.01357843137254902 0.0070710784313725485
0 0.034926470588235295 0.7306985294117647 0.01511437908496732 0.010416666666666666
0 0.4252450980392157 0.6822916666666666 0.013071895424836602 0.00857843137254902
0 0.8024918300653595 0.6881127450980392 0.012663398692810458 0.009191176470588236
0 0.45036764705882354 0.7997855392156863 0.01511437908496732 0.010723039215686275
0 0.37905433006535943 0.7960386029411765 0.015461601307189543 0.009356617647058823
0 0.4264705882352941 0.7719056372549019 0.018790849673202614 0.013174019607843137
0 0.8946078431372549 0.7054227941176471 0.013888888888888888 0.008272058823529412
0 0.2792075163398693 0.6899509803921569 0.01184640522875817 0.007352941176470588
0 0.5861928104575164 0.6902573529411765 0.013888888888888888 0.009191176470588236
0 0.4742647058823529 0.7800245098039216 0.016339869281045753 0.010416666666666666
0 0.5089869281045751 0.7591911764705882 0.01715686274509804 0.012254901960784314
0 0.3633578431372549 0.7299325980392157 0.01511437908496732 0.01011029411764706
0 0.3937908496732026 0.7870710784313726 0.01715686274509804 0.012867647058823529
1 0.5447303921568627 0.5811887254901961 0.024101307189542485 0.016544117647058824
0 0.18872549019607843 0.7086397058823529 0.014705882352941176 0.00980392156862745
0 0.4636437908496732 0.7568933823529411 0.016339869281045753 0.01011029411764706
0 0.5616830065359477 0.7068014705882353 0.017973856209150325 0.012254901960784314
0 0.24040032679738563 0.7182904411764706 0.015931372549019607 0.009497549019607842
0 0.27798202614379086 0.7705269607843137 0.01511437908496732 0.00980392156862745
0 0.22208129084967318 0.7319010416666667 0.016875 0.010370710784313725
0 0.6114889705882353 0.8333333333333334 0.021180555555555557 0.014705882352941176
0 0.45159313725490197 0.7264093137254902 0.014297385620915032 0.010416666666666666
0 0.409109477124183 0.7068014705882353 0.015931372549019607 0.010416666666666666
1 0.17332924836601307 0.3982368259803922 0.01986111111111111 0.014610906862745097
0 0.3075980392156863 0.7424938725490197 0.017973856209150325 0.01133578431372549
1 0.32739379084967324 0.5764276960784314 0.017532679738562092 0.012536764705882353
1 0.3694076797385621 0.5417141544117647 0.01986111111111111 0.01418811274509804
0 0.27124183006535946 0.7389705882352942 0.016339869281045753 0.011029411764705883
0 0.4319852941176471 0.7780330882352942 0.020016339869281044 0.015012254901960785
0 0.41217320261437906 0.7720588235294118 0.015522875816993464 0.012254901960784314
0 0.0988562091503268 0.7162990196078431 0.016339869281045753 0.011642156862745098
0 0.39419934640522875 0.742953431372549 0.016339869281045753 0.011642156862745098
0 0.2013888888888889 0.7406556372549019 0.01715686274509804 0.012561274509803922
0 0.6527471405228757 0.6640747549019608 0.012193627450980392 0.0070710784313725485
0 0.6625183823529411 0.6705545343137255 0.013762254901960784 0.007775735294117647