0 0.3792892156862745 0.8484987745098039 0.015931372549019607 0.010723039215686275
0 0.803921568627451 0.8161764705882353 0.017973856209150325 0.011642156862745098
0 0.7418995098039216 0.7398131127450981 0.018929738562091503 0.010876225490196078
0 0.8956290849673203 0.7931985294117647 0.016748366013071895 0.012254901960784314
0 0.2204861111111111 0.7172441789215687 0.014501633986928105 0.01046875
0 0.22406045751633988 0.6971001838235295 0.01511437908496732 0.010621936274509804
1 0.7902369281045751 0.6760110294117647 0.020016339869281044 0.015625
0 0.8760212418300654 0.8477328431372549 0.01838235294117647 0.013480392156862746
0 0.8888888888888888 0.8350183823529411 0.0196078431372549 0.013174019607843137
0 0.2506127450980392 0.7097120098039216 0.015931372549019607 0.012561274509803922
1 0.19107434640522875 0.7864077818627451 0.023488562091503268 0.016443014705882355
0 0.6928104575163399 0.7625612745098039 0.0196078431372549 0.013480392156862746
0 0.8968545751633987 0.7022058823529411 0.014297385620915032 0.009191176470588236
0 0.4050245098039216 0.8492647058823529 0.015931372549019607 0.012867647058823529
0 0.5265522875816994 0.8382352941176471 0.021241830065359478 0.014093137254901961
0 0.45911560457516337 0.9108195465686274 0.024440359477124182 0.017104779411764706
0 0.991421568627451 0.7481617647058824 0.014705882352941176 0.013480392156862746
0 0.9048202614379085 0.8930759803921569 0.021241830065359478 0.013480392156862746
0 0.8069852941176471 0.9718137254901961 0.027369281045751634 0.02144607843137255
1 0.39103349673202614 0.3581234681372549 0.015727124183006536 0.010977328431372549
0 0.12990196078431374 0.9264705882352942 0.02369281045751634 0.016544117647058824
0 0.4411764705882353 0.8356311274509803 0.018790849673202614 0.013174019607843137
1 0.6192136437908496 0.2508685661764706 0.020290032679738564 0.014604779411764706
0 0.8569934640522876 0.7167325367647058 0.014640522875816995 0.00944546568627451
1 0.542687908496732 0.4730392156862745 0.023284313725490197 0.01715686274509804
1 0.1721139705882353 0.5972732843137255 0.017430555555555557 0.012561274509803922
1 0.8121589052287581 0.7568673406862745 0.020559640522875816 0.014347426470588235
0 0.29758986928104575 0.8964460784313726 0.02246732026143791 0.016544117647058824
1 0.724468954248366 0.6873468137254902 0.024101307189542485 0.01685049019607843
0 0.5849673202614379 0.8621323529411765 0.02287581699346405 0.015318627450980392
0 0.9428104575163399 0.7326899509803921 0.015522875816993464 0.009497549019607842
0 0.6552287581699346 0.8405330882352942 0.015522875816993464 0.011948529411764705
0 0.8658088235294118 0.7342218137254902 0.015931372549019607 0.010723039215686275
0 0.6198937908496732 0.8121936274509803 0.01919934640522876 0.013480392156862746
0 0.6560457516339869 0.9059436274509803 0.022058823529411766 0.015318627450980392
1 0.5745506535947712 0.15487132352941177 0.02246732026143791 0.015625
0 0.2440767973856209 0.8241421568627451 0.023284313725490197 0.016544117647058824
0 0.8931781045751634 0.7893688725490197 0.01838235294117647 0.011948529411764705
0 0.8457924836601307 0.7944240196078431 0.015931372549019607 0.00980392156862745
0 0.6680964052287581 0.8414522058823529 0.017565359477124183 0.013174019607843137
1 0.19127859477124182 0.7741528799019608 0.02062908496732026 0.01399203431372549
0 0.0959967320261438 0.8503370098039216 0.021241830065359478 0.013786764705882353
0 0.4048202614379085 0.9116115196078431 0.02042483660130719 0.016237745098039217
1 0.898625408496732 0.5602527573529411 0.02110702614379085 0.015113357843137254
0 0.9579248366013072 0.8082107843137255 0.01715686274509804 0.012254901960784314
1 0.7784579248366013 0.7662117034313726 0.02423611111111111 0.01649203431372549
0 0.9932598039215687 0.7962622549019608 0.013480392156862746 0.014093137254901961
1 0.809640522875817 0.7809436274509803 0.017973856209150325 0.013480392156862746
1 0.411968954248366 0.7161458333333334 0.03227124183006536 0.021752450980392156
1 0.40870098039215685 0.6496629901960784 0.02900326797385621 0.020526960784313725
1 0.4097222222222222 0.6354166666666666 0.027777777777777776 0.02022058823529412
0 0.539828431372549 0.7965686274509803 0.01838235294117647 0.013480392156862746
1 0.8407209967320262 0.5922947303921569 0.019677287581699347 0.01485906862745098
0 0.5700571895424836 0.8089767156862745 0.01919934640522876 0.015012254901960785
1 0.25245098039215685 0.5513174019607843 0.026143790849673203 0.01991421568627451
1 0.49486111111111114 0.7214568014705882 0.033022875816993466 0.02257046568627451
1 0.349468954248366 0.8325674019607843 0.023284313725490197 0.01685049019607843
1 0.3272058823529412 0.8492647058823529 0.02287581699346405 0.01715686274509804
0 0.9485294117647058 0.7412683823529411 0.017973856209150325 0.011948529411764705
0 0.9011437908496732 0.8193933823529411 0.022058823529411766 0.014399509803921568
0 0.5614787581699346 0.8921568627450981 0.02165032679738562 0.015931372549019607
1 0.5933415032679739 0.23008578431372548 0.024101307189542485 0.01715686274509804
1 0.8776552287581699 0.6818321078431373 0.02165032679738562 0.015625
1 0.2577614379084967 0.6579350490196079 0.022058823529411766 0.01685049019607843
1 0.7798202614379085 0.741421568627451 0.022058823529411766 0.014705882352941176
0 0.7604166666666666 0.8184742647058824 0.023284313725490197 0.017463235294117647
0 0.08169934640522876 0.8556985294117647 0.02042483660130719 0.013480392156862746
1 0.09034517973856208 0.46900582107843136 0.022193627450980392 0.015830269607843138
1 0.6207107843137255 0.3085171568627451 0.023284313725490197 0.016544117647058824
1 0.5972222222222222 0.16804534313725492 0.02287581699346405 0.015625
0 0.06331699346405228 0.9719669117647058 0.02369281045751634 0.018075980392156864
1 0.2034313725490196 0.749234068627451 0.022058823529411766 0.016237745098039217
1 0.6437908496732027 0.6170343137254902 0.025326797385620915 0.017769607843137254
1 0.6217994281045751 0.6232889093137255 0.02954656862745098 0.019862132352941177
1 0.38848039215686275 0.6378676470588235 0.028594771241830064 0.02144607843137255
1 0.4360702614379085 0.7043504901960784 0.0298202614379085 0.022058823529411766
1 0.6138684640522876 0.29253523284313726 0.023488562091503268 0.016443014705882355
1 0.3972630718954248 0.5615808823529411 0.028186274509803922 0.020833333333333332
0 0.4599673202614379 0.8792892156862745 0.02369281045751634 0.01838235294117647
1 0.6529820261437909 0.6672794117647058 0.034722222222222224 0.02389705882352941
1 0.6611519607843137 0.7256433823529411 0.0363562091503268 0.02542892156862745
1 0.6127450980392157 0.6083026960784313 0.029411764705882353 0.01991421568627451
1 0.19814746732026145 0.7745098039215687 0.020477941176470588 0.015318627450980392
1 0.628639705882353 0.6327619485294118 0.024436274509803922 0.01736213235294118
0 0.8645506535947712 0.7151501225490197 0.015049019607843139 0.009957107843137254