0 0.06229575163398693 0.7826286764705882 0.016748366013071895 0.012561274509803922
0 0.05535130718954248 0.6496629901960784 0.013480392156862746 0.008884803921568627
0 0.18035130718954248 0.8606847426470589 0.02165032679738562 0.016712622549019607
0 0.815359477124183 0.7542892156862745 0.015522875816993464 0.011029411764705883
0 0.04513888888888889 0.6415441176470589 0.013480392156862746 0.009191176470588236
1 0.9634395424836601 0.5326286764705882 0.025735294117647058 0.018075980392156864
0 0.8349673202614379 0.7928921568627451 0.01715686274509804 0.012254901960784314
0 0.016952614379084966 0.6830575980392157 0.014297385620915032 0.009497549019607842
0 0.11131535947712418 0.6803002450980392 0.015931372549019607 0.012561274509803922
1 0.008169934640522876 0.4736519607843137 0.016339869281045753 0.015931372549019607
1 0.9151062091503267 0.38378676470588236 0.01730392156862745 0.012058823529411764
0 0.207312091503268 0.7008272058823529 0.017565359477124183 0.013174019607843137
0 0.17136437908496732 0.7216605392156863 0.01838235294117647 0.013174019607843137
0 0.7506127450980392 0.7481617647058824 0.017565359477124183 0.012254901960784314
1 0.012459150326797386 0.4892769607843137 0.020833333333333332 0.015931372549019607
0 0.00857843137254902 0.8071384803921569 0.01715686274509804 0.018688725490196078
0 0.7861519607843137 0.7565870098039216 0.020833333333333332 0.013786764705882353
0 0.01838235294117647 0.7098651960784313 0.018790849673202614 0.013480392156862746
0 0.14440359477124182 0.7881433823529411 0.024918300653594773 0.017463235294117647
0 0.007148692810457516 0.6683517156862745 0.014297385620915032 0.013174019607843137
0 0.3008578431372549 0.8092830882352942 0.02246732026143791 0.018688725490196078
0 0.0886437908496732 0.8952205882352942 0.027777777777777776 0.02022058823529412
0 0.061070261437908495 0.8120404411764706 0.026552287581699346 0.01991421568627451