1 0.7465277777777778 0.5448835784313726 0.017565359477124183 0.013174019607843137
1 0.1412234477124183 0.6660983455882353 0.0259109477124183 0.01785845588235294
1 0.007994281045751634 0.3722640931372549 0.015988562091503268 0.01352328431372549
1 0.9452022058823529 0.6966038602941177 0.021940359477124183 0.013918504901960784
0 0.7806372549019608 0.9459252450980392 0.02042483660130719 0.014399509803921568
1 0.7066115196078432 0.3729212622549019 0.014530228758169934 0.011161151960784314
1 0.9676409313725489 0.7043504901960784 0.017798202614379085 0.012867647058823529
0 0.843517156862745 0.7374387254901961 0.01301470588235294 0.00857843137254902
0 0.22712418300653595 0.8834252450980392 0.022058823529411766 0.015625
0 0.08129084967320262 0.7990196078431373 0.022058823529411766 0.013480392156862746
0 0.08415032679738563 0.7855392156862745 0.014705882352941176 0.00980392156862745
0 0.17238562091503268 0.9165134803921569 0.024509803921568627 0.016237745098039217
0 0.9585375816993464 0.8739276960784313 0.01838235294117647 0.013174019607843137
0 0.015318627450980392 0.7685355392156863 0.02246732026143791 0.016237745098039217
1 0.6867116013071896 0.6974356617647058 0.022933006535947712 0.01619485294117647
0 0.8656924019607843 0.7450107230392158 0.016515522875816993 0.01024203431372549
0 0.2661356209150327 0.8331801470588235 0.02165032679738562 0.016237745098039217
1 0.9381127450980392 0.6282169117647058 0.01919934640522876 0.013174019607843137
1 0.9084375 0.6628155637254901 0.01622140522875817 0.011292892156862746
0 0.9483251633986928 0.9087009803921569 0.017565359477124183 0.013480392156862746
0 0.24142156862745098 0.7703737745098039 0.021241830065359478 0.013786764705882353
0 0.6527777777777778 0.9557291666666666 0.02369281045751634 0.016237745098039217
0 0.09456699346405228 0.8370098039215687 0.020016339869281044 0.014093137254901961
0 0.20547385620915032 0.7215073529411765 0.013888888888888888 0.010416666666666666
0 0.00959967320261438 0.7512254901960784 0.017565359477124183 0.015931372549019607
0 0.1823937908496732 0.7757352941176471 0.01511437908496732 0.00980392156862745
0 0.727328431372549 0.7693014705882353 0.015931372549019607 0.010416666666666666
1 0.9553267973856209 0.6789659926470588 0.022581699346405228 0.014181985294117646
0 0.013480392156862746 0.8079044117647058 0.02287581699346405 0.017769607843137254
0 0.5251225490196079 0.8010110294117647 0.017565359477124183 0.013174019607843137
0 0.8768382352941176 0.7464767156862745 0.01511437908496732 0.01011029411764706
0 0.17769607843137256 0.7190563725490197 0.016339869281045753 0.010416666666666666
1 0.17655841503267972 0.5700061274509803 0.01733251633986928 0.012561274509803922
1 0.37336601307189543 0.7784926470588235 0.022058823529411766 0.015931372549019607
0 0.04636437908496732 0.7072610294117647 0.015931372549019607 0.009497549019607842
0 0.30718954248366015 0.8218443627450981 0.021241830065359478 0.013786764705882353
0 0.7990196078431373 0.9347426470588235 0.02042483660130719 0.014093137254901961
1 0.41068627450980394 0.37410232843137253 0.023169934640522874 0.014748774509803922
0 0.03227124183006536 0.7418811274509803 0.0196078431372549 0.011948529411764705
0 0.8120915032679739 0.8123468137254902 0.018790849673202614 0.012561274509803922
0 0.17320261437908496 0.7113970588235294 0.013888888888888888 0.00980392156862745
0 0.5151143790849673 0.8163296568627451 0.016339869281045753 0.012561274509803922
0 0.9035947712418301 0.789828431372549 0.02042483660130719 0.012254901960784314
0 0.8678513071895425 0.8501838235294118 0.02165032679738562 0.01715686274509804
0 0.8329248366013072 0.7579656862745098 0.017973856209150325 0.012254901960784314
0 0.8296568627450981 0.8589154411764706 0.01715686274509804 0.011948529411764705
0 0.670547385620915 0.9198835784313726 0.024101307189542485 0.018688725490196078
1 0.1750408496732026 0.6216299019607843 0.020833333333333332 0.014705882352941176
1 0.9550653594771242 0.6334252450980392 0.0196078431372549 0.016237745098039217
1 0.629609885620915 0.3873207720588235 0.02147467320261438 0.014837622549019608
0 0.6823937908496732 0.7524509803921569 0.015931372549019607 0.011642156862745098
0 0.09272875816993464 0.8639705882352942 0.022058823529411766 0.014093137254901961
0 0.9352532679738562 0.8719362745098039 0.02165032679738562 0.014705882352941176
1 0.9121732026143791 0.5657169117647058 0.02042483660130719 0.013786764705882353
1 0.889297385620915 0.6525735294117647 0.0196078431372549 0.014705882352941176
0 0.9481209150326797 0.8256740196078431 0.021241830065359478 0.014705882352941176
1 0.3000408496732026 0.8434436274509803 0.02246732026143791 0.016544117647058824
1 0.18341503267973855 0.5618872549019608 0.02042483660130719 0.014705882352941176
0 0.6460375816993464 0.734375 0.017565359477124183 0.012254901960784314
0 0.05759803921568627 0.7477022058823529 0.01715686274509804 0.01133578431372549
0 0.36000204248366013 0.8939736519607843 0.02147467320261438 0.017113970588235293
1 0.9084967320261438 0.5758272058823529 0.021241830065359478 0.015012254901960785
1 0.3363705065359477 0.3929013480392157 0.01832924836601307 0.014969362745098039
0 0.8163807189542484 0.8771660539215687 0.020016339869281044 0.015361519607843137
0 0.10559640522875817 0.7377450980392157 0.017565359477124183 0.00980392156862745
0 0.9560866013071896 0.8779105392156863 0.01838235294117647 0.012561274509803922
0 0.8629493464052288 0.7506127450980392 0.016748366013071895 0.011642156862745098
1 0.13252859477124182 0.6454610906862744 0.02486111111111111 0.017025122549019608
0 0.7532679738562091 0.8028492647058824 0.018790849673202614 0.013786764705882353
0 0.14113562091503268 0.9030330882352942 0.024101307189542485 0.018075980392156864
0 0.6288807189542484 0.7719056372549019 0.01919934640522876 0.013174019607843137
1 0.3104575163398693 0.5268075980392157 0.025326797385620915 0.018075980392156864
1 0.20302287581699346 0.5263480392156863 0.022058823529411766 0.016544117647058824
0 0.823937908496732 0.8236825980392157 0.018790849673202614 0.011948529411764705
1 0.01511437908496732 0.6272977941176471 0.02369281045751634 0.016237745098039217
0 0.7377450980392157 0.9402573529411765 0.02287581699346405 0.017769607843137254
0 0.8991013071895425 0.7778799019607843 0.018790849673202614 0.012254901960784314
0 0.18504901960784315 0.8031556372549019 0.02042483660130719 0.015012254901960785
1 0.7779248366013072 0.42903033088235293 0.019901960784313725 0.013697916666666667
0 0.8901143790849673 0.7558210784313726 0.01715686274509804 0.012254901960784314
0 0.15992647058823528 0.7127757352941176 0.016748366013071895 0.010723039215686275
0 0.8903186274509803 0.7446384803921569 0.01838235294117647 0.011948529411764705
0 0.6209150326797386 0.813265931372549 0.02369281045751634 0.017463235294117647
0 0.46854575163398693 0.8123468137254902 0.02042483660130719 0.016237745098039217
1 0.3633578431372549 0.35799632352941174 0.02165032679738562 0.016237745098039217
0 0.2563316993464052 0.9269301470588235 0.027369281045751634 0.01991421568627451
1 0.3684640522875817 0.42141544117647056 0.02369281045751634 0.017463235294117647
0 0.5982434640522876 0.7990196078431373 0.01919934640522876 0.014093137254901961
0 0.9632352941176471 0.7787990196078431 0.018790849673202614 0.012254901960784314
0 0.6315359477124183 0.8518688725490197 0.02287581699346405 0.017463235294117647
0 0.9777369281045751 0.7846200980392157 0.016748366013071895 0.012254901960784314
0 0.8459967320261438 0.8331801470588235 0.017973856209150325 0.013786764705882353
0 0.8936437908496732 0.7498682598039216 0.015228758169934641 0.008314950980392158
0 0.3720200163398693 0.8992248774509805 0.020183823529411764 0.012910539215686275
1 0.1207720588235294 0.6577818627450981 0.020955882352941175 0.015318627450980392
1 0.32150735294117644 0.3974739583333333 0.018014705882352943 0.012472426470588235