0 0.9385212418300654 0.5942095588235294 0.01184640522875817 0.008272058823529412
1 0.9667075163398693 0.5995710784313726 0.014297385620915032 0.011029411764705883
1 0.05266748366013072 0.4514613970588235 0.01628267973856209 0.012604166666666666
0 0.9246323529411765 0.5935968137254902 0.012663398692810458 0.007659313725490196
0 0.9904003267973857 0.616421568627451 0.012663398692810458 0.00857843137254902
1 0.10702614379084967 0.5355392156862745 0.02369281045751634 0.01838235294117647
1 0.814485294117647 0.34849877450980393 0.015408496732026144 0.010723039215686275
1 0.08569648692810457 0.40246476715686275 0.01616421568627451 0.012037377450980392
1 0.7951388888888888 0.6380208333333334 0.01919934640522876 0.013786764705882353
1 0.9270547385620914 0.5335922181372549 0.017508169934640522 0.013262867647058823
1 0.8062561274509804 0.34797334558823534 0.014473039215686274 0.010897671568627452
0 0.28574346405228757 0.6749387254901961 0.015931372549019607 0.010416666666666666
0 0.2651143790849673 0.6196384803921569 0.013888888888888888 0.008884803921568627
0 0.176062091503268 0.6893382352941176 0.013071895424836602 0.00857843137254902
1 0.7591911764705882 0.5430453431372549 0.020833333333333332 0.013786764705882353
1 0.5588235294117647 0.5957414215686274 0.0196078431372549 0.013786764705882353
0 0.8576388888888888 0.6908700980392157 0.015931372549019607 0.010416666666666666
0 0.20016339869281047 0.688265931372549 0.013888888888888888 0.009497549019607842
1 0.7514297385620915 0.5318627450980392 0.020016339869281044 0.014093137254901961
1 0.6642156862745098 0.6357230392156863 0.024509803921568627 0.017769607843137254
0 0.18770424836601307 0.6930147058823529 0.014297385620915032 0.00980392156862745
1 0.0806781045751634 0.5232843137254902 0.02165032679738562 0.014705882352941176
0 0.9566993464052288 0.7300857843137255 0.0196078431372549 0.012867647058823529
1 0.6282393790849673 0.5703998161764706 0.024452614379084966 0.017637867647058825
1 0.6837152777777777 0.31039981617647056 0.013672385620915032 0.010505514705882353
1 0.49964869281045754 0.2568933823529412 0.01073529411764706 0.007659313725490196
1 0.4444873366013072 0.5277267156862745 0.01397467320261438 0.010723039215686275