0 0.9821670751633986 0.6942279411764706 0.012536764705882353 0.007941176470588236
0 0.9952083333333334 0.6946047794117647 0.009207516339869281 0.009920343137254903
0 0.9795751633986928 0.7241115196078431 0.015522875816993464 0.009497549019607842
0 0.027777777777777776 0.6645220588235294 0.016339869281045753 0.00980392156862745
0 0.2326388888888889 0.6630958946078431 0.00857843137254902 0.006951593137254903
0 0.6915849673202614 0.741421568627451 0.018790849673202614 0.012254901960784314
1 0.05864991830065359 0.6658425245098039 0.01926062091503268 0.013670343137254902
0 0.10477941176470588 0.6395526960784313 0.012663398692810458 0.008884803921568627
0 0.12663398692810457 0.6548713235294118 0.012254901960784314 0.007659313725490196
0 0.36294934640522875 0.6625306372549019 0.01838235294117647 0.011948529411764705
0 0.43716911764705885 0.750329350490196 0.02139705882352941 0.014139093137254902
0 0.994281045751634 0.7876838235294118 0.011437908496732025 0.012254901960784314
0 0.29726102941176474 0.6216176470588235 0.011188725490196078 0.007941176470588236
0 0.9164624183006536 0.6645220588235294 0.01511437908496732 0.009191176470588236
0 0.11621732026143791 0.6646752450980392 0.012663398692810458 0.008272058823529412
0 0.10600490196078431 0.7069546568627451 0.01184640522875817 0.008272058823529412
0 0.05269607843137255 0.7673100490196079 0.013071895424836602 0.008272058823529412
0 0.9185049019607843 0.7290134803921569 0.016748366013071895 0.01011029411764706
0 0.18872549019607843 0.8950674019607843 0.022058823529411766 0.01685049019607843
0 0.14602124183006535 0.6573805147058823 0.010996732026143792 0.006550245098039215
0 0.9899918300653595 0.7150735294117647 0.014297385620915032 0.010416666666666666
0 0.19914215686274508 0.6839767156862745 0.01184640522875817 0.008272058823529412
0 0.17708333333333334 0.7061887254901961 0.011029411764705883 0.007352941176470588
0 0.09191176470588236 0.7051164215686274 0.013071895424836602 0.008884803921568627
1 0.8648182189542483 0.5548988970588236 0.018852124183006535 0.012984068627450981
0 0.08660130718954248 0.727328431372549 0.016339869281045753 0.011029411764705883
0 0.7687908496732027 0.8310355392156863 0.0196078431372549 0.013174019607843137
1 0.25542279411764707 0.4530193014705882 0.021466503267973856 0.01571997549019608
0 0.16319444444444445 0.6876531862745098 0.013480392156862746 0.008884803921568627
0 0.3402777777777778 0.6721813725490197 0.014705882352941176 0.011029411764705883
0 0.19587418300653595 0.6871936274509803 0.013480392156862746 0.009191176470588236
1 0.5208333333333334 0.3909313725490196 0.03104575163398693 0.017769607843137254
0 0.9901960784313726 0.8495710784313726 0.0196078431372549 0.016544117647058824
0 0.9785539215686274 0.7092524509803921 0.014297385620915032 0.010416666666666666
0 0.48713235294117646 0.8166360294117647 0.01919934640522876 0.014399509803921568
0 0.1409313725490196 0.7352941176470589 0.013888888888888888 0.010416666666666666
0 0.21180555555555555 0.6939338235294118 0.012663398692810458 0.00857843137254902
1 0.7261029411764706 0.5136335784313726 0.023284313725490197 0.016237745098039217
1 0.8696895424836601 0.546109068627451 0.02042483660130719 0.015625
0 0.9354575163398693 0.6596200980392157 0.017973856209150325 0.011029411764705883
1 0.2315236928104575 0.49848039215686274 0.033308823529411766 0.022696078431372547
1 0.22003880718954247 0.5947395833333333 0.023410947712418303 0.017910539215686274
0 0.8143382352941176 0.7758884803921569 0.01919934640522876 0.013786764705882353
0 0.9356617647058824 0.6685049019607843 0.01511437908496732 0.009191176470588236
1 0.3954248366013072 0.7247242647058824 0.017973856209150325 0.012561274509803922
0 0.06556372549019608 0.7598039215686274 0.015931372549019607 0.010416666666666666
0 0.9330065359477124 0.6973039215686274 0.014705882352941176 0.00980392156862745
1 0.5759640522875817 0.6960202205882353 0.02366013071895425 0.0176531862745098
0 0.23681781045751635 0.6810539215686274 0.012851307189542483 0.009166666666666667
0 0.9395424836601307 0.7323835784313726 0.017973856209150325 0.009497549019607842
1 0.3306781045751634 0.3570772058823529 0.01919934640522876 0.015012254901960785
0 0.9611928104575164 0.7775735294117647 0.016339869281045753 0.011029411764705883
0 0.1772875816993464 0.6790747549019608 0.014705882352941176 0.009497549019607842
0 0.7510212418300654 0.6835171568627451 0.01511437908496732 0.011642156862745098
1 0.5872140522875817 0.7481035539215686 0.025735294117647058 0.01826593137254902
1 0.5516748366013072 0.39261642156862747 0.026552287581699346 0.016237745098039217
1 0.9810049019607843 0.48575367647058826 0.025735294117647058 0.01685049019607843
0 0.1715686274509804 0.6559436274509803 0.013071895424836602 0.00857843137254902
0 0.9336192810457516 0.7466299019607843 0.020016339869281044 0.012254901960784314
0 0.7743055555555556 0.6881127450980392 0.017565359477124183 0.011029411764705883
0 0.8513071895424836 0.6703431372549019 0.013071895424836602 0.00857843137254902
1 0.4847753267973856 0.6289828431372549 0.02102124183006536 0.015931372549019607
1 0.4001858660130719 0.5422671568627451 0.024227941176470588 0.017745098039215687
0 0.7395833333333334 0.7460171568627451 0.017565359477124183 0.013480392156862746
0 0.8707107843137255 0.6548713235294118 0.014297385620915032 0.008884803921568627
1 0.3770424836601307 0.7077205882352942 0.0196078431372549 0.015318627450980392
1 0.20159313725490197 0.5625 0.024101307189542485 0.015931372549019607
0 0.1881127450980392 0.6876531862745098 0.012663398692810458 0.008884803921568627
1 0.5304330065359477 0.4332107843137255 0.02246732026143791 0.014705882352941176
1 0.08088235294117647 0.5640318627450981 0.02042483660130719 0.014093137254901961
0 0.45874183006535946 0.8532475490196079 0.025326797385620915 0.01838235294117647
1 0.0573937908496732 0.49172794117647056 0.01838235294117647 0.013480392156862746
1 0.6811213235294118 0.5094975490196079 0.023190359477124185 0.015931372549019607
1 0.16930555555555554 0.6016329656862746 0.02080065359477124 0.016378676470588237
1 0.45578839869281046 0.7903707107843138 0.022687908496732027 0.018854166666666665
1 0.946078431372549 0.5015318627450981 0.02042483660130719 0.014093137254901961
1 0.09313725490196079 0.5013786764705882 0.021241830065359478 0.015012254901960785
0 0.8641748366013072 0.7282475490196079 0.01838235294117647 0.012867647058823529
1 0.2818790849673202 0.6678691789215687 0.02127450980392157 0.015885416666666666
1 0.3925183823529412 0.4550459558823529 0.024415849673202615 0.016096813725490197
1 0.8758169934640523 0.5618872549019608 0.02042483660130719 0.014093137254901961
0 0.9838643790849673 0.7598039215686274 0.020016339869281044 0.014093137254901961
0 0.8308823529411765 0.8037683823529411 0.018790849673202614 0.014399509803921568
1 0.08905228758169935 0.5831801470588235 0.02042483660130719 0.014399509803921568
0 0.9477124183006536 0.702359068627451 0.015522875816993464 0.010723039215686275
1 0.747140522875817 0.5533088235294118 0.02696078431372549 0.01838235294117647
1 0.6550245098039216 0.5896139705882353 0.026552287581699346 0.018688725490196078
1 0.514297385620915 0.6302083333333334 0.02287581699346405 0.015318627450980392
0 0.7124183006535948 0.8111213235294118 0.026143790849673203 0.018688725490196078
0 0.24571078431372548 0.8622855392156863 0.026552287581699346 0.017463235294117647
1 0.4070976307189543 0.5351853553921568 0.02661356209150327 0.018900122549019606
1 0.30330882352941174 0.3772977941176471 0.02246732026143791 0.01685049019607843
0 0.8899101307189542 0.7944240196078431 0.020016339869281044 0.014093137254901961
1 0.7305964052287581 0.49142156862745096 0.023284313725490197 0.015931372549019607
1 0.6331699346405228 0.508578431372549 0.025326797385620915 0.017769607843137254
1 0.19321895424836602 0.5819546568627451 0.02042483660130719 0.014399509803921568
1 0.4270996732026144 0.7919852941176471 0.02576797385620915 0.01963235294117647
1 0.5575980392156863 0.49203431372549017 0.02369281045751634 0.015931372549019607
1 0.3568218954248366 0.3561580882352941 0.024918300653594773 0.017463235294117647
1 0.5035518790849673 0.5505867034313725 0.026711601307189543 0.02029105392156863
1 0.5247140522875817 0.4172794117647059 0.02165032679738562 0.015318627450980392
1 0.37888071895424835 0.38419117647058826 0.023284313725490197 0.015318627450980392
1 0.7077205882352942 0.5159313725490197 0.023284313725490197 0.01838235294117647
1 0.6215277777777778 0.5496323529411765 0.02246732026143791 0.01715686274509804
0 0.9021650326797386 0.8455882352941176 0.023284313725490197 0.017769607843137254
1 0.10572099673202615 0.5826148897058824 0.02189950980392157 0.016332720588235296
1 0.678921568627451 0.42830882352941174 0.028594771241830064 0.02022058823529412
0 0.6764705882352942 0.8641237745098039 0.025326797385620915 0.018075980392156864
1 0.4348447712418301 0.44025735294117646 0.023284313725490197 0.015931372549019607
1 0.6021241830065359 0.5951286764705882 0.027777777777777776 0.018688725490196078
1 0.37316176470588236 0.3622855392156863 0.024101307189542485 0.01685049019607843
1 0.7236519607843137 0.6446078431372549 0.023284313725490197 0.015931372549019607
1 0.6452205882352942 0.5485600490196079 0.02900326797385621 0.019301470588235295
1 0.24142156862745098 0.5300245098039216 0.026143790849673203 0.018995098039215685
1 0.6921977124183006 0.47809436274509803 0.027369281045751634 0.018075980392156864
0 0.8784722222222222 0.8451286764705882 0.023284313725490197 0.01685049019607843
1 0.2589869281045752 0.5071997549019608 0.029411764705882353 0.020526960784313725
1 0.5126000816993465 0.5500091911764706 0.02520016339869281 0.017910539215686274
0 0.769123774509804 0.6930147058823529 0.013737745098039216 0.009191176470588236