1 0.03125 0.6603860294117647 0.015931372549019607 0.012561274509803922
0 0.6000816993464052 0.7740502450980392 0.014705882352941176 0.01011029411764706
0 0.5929330065359477 0.7973345588235294 0.01511437908496732 0.010723039215686275
0 0.3098447712418301 0.9136029411764706 0.01919934640522876 0.013480392156862746
0 0.9549979575163399 0.7966191789215686 0.013754084967320262 0.009292279411764706
0 0.9040032679738562 0.9188112745098039 0.02042483660130719 0.014093137254901961
0 0.7779820261437909 0.9517463235294118 0.023284313725490197 0.01685049019607843
0 0.4332107843137255 0.7889093137254902 0.016748366013071895 0.011029411764705883
0 0.8962418300653595 0.8383884803921569 0.0196078431372549 0.01133578431372549
1 0.13065155228758168 0.5967631740196079 0.021924019607843136 0.015830269607843138
1 0.04105392156862745 0.8518688725490197 0.02246732026143791 0.015012254901960785
1 0.619281045751634 0.757046568627451 0.01715686274509804 0.011642156862745098
0 0.2908496732026144 0.8627450980392157 0.017973856209150325 0.012254901960784314
0 0.21752450980392157 0.9517463235294118 0.01919934640522876 0.015012254901960785
0 0.30780228758169936 0.9802389705882353 0.020833333333333332 0.01685049019607843
0 0.09170751633986927 0.8638174019607843 0.01919934640522876 0.013786764705882353
1 0.07400735294117648 0.6216804534313726 0.02056372549019608 0.014806985294117647
1 0.0985171568627451 0.509140625 0.02383169934640523 0.016443014705882355
0 0.18280228758169934 0.782015931372549 0.020016339869281044 0.013786764705882353
0 0.1111111111111111 0.8610600490196079 0.021241830065359478 0.015012254901960785
0 0.27144607843137253 0.8687193627450981 0.020016339869281044 0.015012254901960785
0 0.1962826797385621 0.9227941176470589 0.02165032679738562 0.015931372549019607