0 0.13690359477124184 0.699952512254902 0.014820261437908497 0.00958639705882353
1 0.8636580882352942 0.477905943627451 0.006727941176470588 0.0048314950980392155
0 0.9912173202614379 0.9822303921568627 0.017565359477124183 0.017769607843137254
0 0.34191176470588236 0.7752757352941176 0.017973856209150325 0.013174019607843137
1 0.8606107026143791 0.4670772058823529 0.007169117647058824 0.005232843137254901
0 0.3464052287581699 0.7861519607843137 0.0196078431372549 0.012254901960784314
0 0.5998774509803921 0.9016544117647058 0.01838235294117647 0.011029411764705883
1 0.7174938725490196 0.4603829656862745 0.02485702614379085 0.018192401960784314
0 0.5665849673202614 0.8046875 0.022058823529411766 0.014399509803921568
0 0.059640522875817 0.7936580882352942 0.02042483660130719 0.012561274509803922
0 0.47630718954248363 0.8916973039215687 0.015522875816993464 0.011948529411764705
0 0.5424836601307189 0.8726577818627451 0.016339869281045753 0.01185968137254902
0 0.5091911764705882 0.8023897058823529 0.020016339869281044 0.014093137254901961
0 0.20652369281045752 0.8326332720588235 0.020073529411764705 0.012693014705882353
0 0.47630718954248363 0.7521446078431373 0.018790849673202614 0.012867647058823529
1 0.633359885620915 0.5596124387254902 0.025706699346405227 0.018121936274509802
0 0.5524918300653595 0.8809742647058824 0.01838235294117647 0.012561274509803922
0 0.40951797385620914 0.7009803921568627 0.01919934640522876 0.012254901960784314
0 0.702001633986928 0.7290134803921569 0.01511437908496732 0.01133578431372549
1 0.8886846405228758 0.6609987745098039 0.020016339869281044 0.015012254901960785
0 0.9385212418300654 0.8178615196078431 0.01511437908496732 0.01011029411764706
0 0.39950980392156865 0.805453431372549 0.017973856209150325 0.012867647058823529
1 0.19720996732026144 0.5454610906862745 0.025955882352941176 0.016780024509803922
0 0.46568627450980393 0.9004289215686274 0.0196078431372549 0.012867647058823529
0 0.10437091503267974 0.8129595588235294 0.023284313725490197 0.013174019607843137
0 0.8063725490196079 0.9005821078431373 0.017973856209150325 0.012561274509803922
1 0.8237336601307189 0.5783961397058823 0.017565359477124183 0.013409926470588236
0 0.20833333333333334 0.8993566176470589 0.02369281045751634 0.014399509803921568
0 0.17565359477124182 0.6994485294117647 0.016339869281045753 0.010416666666666666
0 0.9924428104575164 0.8964460784313726 0.01511437908496732 0.016544117647058824
0 0.6311274509803921 0.8803615196078431 0.016339869281045753 0.011948529411764705
0 0.00755718954248366 0.7097120098039216 0.014297385620915032 0.012561274509803922
0 0.3897058823529412 0.8699448529411765 0.02042483660130719 0.013174019607843137
1 0.8368688725490196 0.5785140931372549 0.015241013071895427 0.010582107843137255
0 0.6578839869281046 0.7440257352941176 0.017565359477124183 0.011948529411764705
0 0.13909313725490197 0.6926639093137255 0.012663398692810458 0.008489583333333333
0 0.1809640522875817 0.7268688725490197 0.014705882352941176 0.009497549019607842
0 0.5704656862745098 0.8802083333333334 0.020016339869281044 0.014705882352941176
0 0.25040849673202614 0.8371629901960784 0.022058823529411766 0.015625
0 0.4021650326797386 0.7375919117647058 0.01838235294117647 0.01011029411764706
0 0.09818627450980393 0.7359941789215686 0.012549019607843137 0.00814031862745098
0 0.380718954248366 0.8500306372549019 0.021241830065359478 0.014399509803921568
0 0.9587418300653595 0.7809436274509803 0.0196078431372549 0.011029411764705883
0 0.7867647058823529 0.8754595588235294 0.01715686274509804 0.011948529411764705
0 0.17063521241830065 0.8616727941176471 0.019375 0.014399509803921568
0 0.08231209150326797 0.7311580882352942 0.015931372549019607 0.01133578431372549
0 0.9679330065359477 0.858609068627451 0.020833333333333332 0.015012254901960785
1 0.6298713235294118 0.47091758578431375 0.01709558823529412 0.012300857843137255
0 0.0959967320261438 0.6865808823529411 0.01715686274509804 0.010416666666666666
0 0.8833741830065359 0.7780330882352942 0.016748366013071895 0.011948529411764705
0 0.43770424836601307 0.7697610294117647 0.02165032679738562 0.013786764705882353
1 0.32013684640522877 0.644313725490196 0.026711601307189543 0.01779411764705882
0 0.8954248366013072 0.7562806372549019 0.015522875816993464 0.01011029411764706
1 0.8167892156862745 0.5505514705882353 0.023284313725490197 0.01715686274509804
0 0.8459967320261438 0.8541666666666666 0.02287581699346405 0.014705882352941176
0 0.9183006535947712 0.803921568627451 0.0196078431372549 0.012867647058823529
0 0.43137254901960786 0.8200061274509803 0.022058823529411766 0.015012254901960785
0 0.369281045751634 0.7613357843137255 0.018790849673202614 0.012254901960784314
1 0.7933006535947712 0.6037775735294117 0.02042483660130719 0.015153186274509805
1 0.47880310457516334 0.4793367034313726 0.03113562091503268 0.021173406862745096
0 0.2595996732026144 0.8854166666666666 0.02165032679738562 0.015318627450980392
1 0.49611928104575165 0.5194546568627451 0.03308823529411765 0.02420343137254902
0 0.10743464052287582 0.6862745098039216 0.015522875816993464 0.010416666666666666
0 0.0872140522875817 0.7219669117647058 0.017565359477124183 0.012561274509803922
1 0.5349264705882353 0.6969975490196079 0.024918300653594773 0.017769607843137254
1 0.9559129901960783 0.5477941176470589 0.019669117647058823 0.013480392156862746
0 0.014093137254901961 0.7823223039215687 0.01838235294117647 0.011948529411764705
0 0.4536356209150327 0.7647058823529411 0.01838235294117647 0.013480392156862746
0 0.12724673202614378 0.7086397058823529 0.016748366013071895 0.011029411764705883
1 0.4424509803921568 0.3908731617647059 0.024607843137254903 0.0176531862745098
0 0.04616013071895425 0.7447916666666666 0.01715686274509804 0.011029411764705883
0 0.07312091503267974 0.7512254901960784 0.018790849673202614 0.011642156862745098
0 0.21142565359477125 0.8837316176470589 0.02170751633986928 0.016237745098039217
0 0.21650326797385622 0.8141850490196079 0.02287581699346405 0.016237745098039217
1 0.16342933006535948 0.5347257965686275 0.022937091503267972 0.016142769607843138
1 0.7281760620915033 0.6017861519607843 0.02252859477124183 0.017910539215686274
0 0.07495915032679738 0.8765318627450981 0.0298202614379085 0.01838235294117647
0 0.48304738562091504 0.9753370098039216 0.024918300653594773 0.019301470588235295
1 0.5108251633986928 0.3756127450980392 0.02246732026143791 0.01715686274509804
1 0.7659313725490197 0.4554227941176471 0.02696078431372549 0.018075980392156864
0 0.05718954248366013 0.7242647058823529 0.0196078431372549 0.013480392156862746
0 0.08517156862745098 0.7876838235294118 0.02246732026143791 0.015931372549019607
0 0.09722222222222222 0.8673406862745098 0.02369281045751634 0.015318627450980392
1 0.42034313725490197 0.39276960784313725 0.026143790849673203 0.0196078431372549
0 0.2824754901960784 0.8800551470588235 0.024101307189542485 0.017463235294117647
0 0.38643790849673204 0.8129595588235294 0.02369281045751634 0.017463235294117647
1 0.4187091503267974 0.5500919117647058 0.03022875816993464 0.021139705882352942
0 0.7050653594771242 0.9059436274509803 0.021241830065359478 0.015931372549019607
1 0.9554738562091504 0.5577512254901961 0.02369281045751634 0.015012254901960785
0 0.02389705882352941 0.774203431372549 0.02165032679738562 0.013480392156862746
0 0.3090277777777778 0.8771446078431373 0.02246732026143791 0.01838235294117647
1 0.7693729575163398 0.5040058210784314 0.024040032679738563 0.016590073529411765
1 0.6327614379084967 0.7018995098039216 0.029411764705882353 0.022058823529411766
0 0.4548611111111111 0.8412990196078431 0.024101307189542485 0.01715686274509804
1 0.7551368464052288 0.6629427083333332 0.02497957516339869 0.018287377450980392
0 0.5988562091503268 0.8912377450980392 0.02287581699346405 0.016544117647058824
1 0.7657271241830066 0.4183517156862745 0.027369281045751634 0.020526960784313725
1 0.41605392156862747 0.4840686274509804 0.034722222222222224 0.024509803921568627
0 0.8670343137254902 0.9727328431372549 0.02900326797385621 0.022058823529411766
0 0.22569444444444445 0.8304227941176471 0.02246732026143791 0.016237745098039217
0 0.0934579248366013 0.8943887867647058 0.030870098039215685 0.02100796568627451
0 0.4076797385620915 0.9765625 0.03104575163398693 0.023590686274509803
0 0.36499183006535946 0.9048713235294118 0.025735294117647058 0.020526960784313725
1 0.7285539215686274 0.4209558823529412 0.027369281045751634 0.0196078431372549
1 0.5306372549019608 0.38005514705882354 0.02287581699346405 0.018688725490196078
1 0.5271650326797386 0.3316482843137255 0.027369281045751634 0.01991421568627451
1 0.7526552287581699 0.5787377450980392 0.028186274509803922 0.0196078431372549
0 0.8574346405228758 0.9284620098039216 0.02696078431372549 0.020526960784313725
1 0.17846813725490196 0.5481479779411764 0.021968954248366014 0.016026348039215686
1 0.18795547385620914 0.5352803308823529 0.02133578431372549 0.01296262254901961
1 0.45228553921568626 0.3879856004901961 0.021401143790849675 0.015554534313725492
1 0.7364093137254902 0.5840119485294117 0.01775326797385621 0.014224877450980392