0 0.2928921568627451 0.7735906862745098 0.0196078431372549 0.013480392156862746
0 0.0821078431372549 0.657015931372549 0.017973856209150325 0.01133578431372549
0 0.383374183006536 0.8702512254901961 0.020016339869281044 0.013786764705882353
0 0.4695669934640523 0.774203431372549 0.024101307189542485 0.015931372549019607
0 0.12581699346405228 0.6348039215686274 0.013888888888888888 0.009191176470588236
0 0.34824346405228757 0.7107843137254902 0.017565359477124183 0.012254901960784314
0 0.1417483660130719 0.6199448529411765 0.013071895424836602 0.008272058823529412
0 0.184640522875817 0.6620710784313726 0.01715686274509804 0.011029411764705883
0 0.12581699346405228 0.6832107843137255 0.02042483660130719 0.013480392156862746
0 0.08026960784313726 0.7489276960784313 0.020833333333333332 0.012561274509803922
0 0.012459150326797386 0.7247242647058824 0.01919934640522876 0.012561274509803922
1 0.1935110294117647 0.41434742647058825 0.017741013071895424 0.012518382352941176
0 0.18770424836601307 0.6075367647058824 0.01511437908496732 0.00980392156862745
0 0.4375 0.6698835784313726 0.02287581699346405 0.016237745098039217
0 0.8310866013071896 0.6792279411764706 0.01838235294117647 0.011642156862745098
0 0.19934640522875818 0.6079963235294118 0.016339869281045753 0.01011029411764706
0 0.6703431372549019 0.8569240196078431 0.025326797385620915 0.018995098039215685
0 0.7205882352941176 0.7524509803921569 0.021241830065359478 0.015318627450980392
0 0.07598039215686274 0.6557904411764706 0.016339869281045753 0.010723039215686275
0 0.8515114379084967 0.750765931372549 0.02246732026143791 0.015012254901960785
0 0.15645424836601307 0.6072303921568627 0.013071895424836602 0.009191176470588236
0 0.09191176470588236 0.6573223039215687 0.015522875816993464 0.010723039215686275
0 0.778390522875817 0.7415747549019608 0.017565359477124183 0.013786764705882353
1 0.12625408496732027 0.25542738970588236 0.021299019607843136 0.01453125
0 0.5518790849673203 0.6537990196078431 0.02042483660130719 0.013480392156862746
0 0.11683006535947713 0.6801470588235294 0.017973856209150325 0.012867647058823529
0 0.9191176470588235 0.8086703431372549 0.03349673202614379 0.017463235294117647
0 0.27675653594771243 0.7866115196078431 0.024101307189542485 0.018075980392156864
0 0.6576797385620915 0.8707107843137255 0.028594771241830064 0.02022058823529412
0 0.7432598039215687 0.7463235294117647 0.020016339869281044 0.013480392156862746
0 0.20322712418300654 0.6233149509803921 0.014297385620915032 0.008884803921568627
0 0.3911356209150327 0.7222732843137255 0.020016339869281044 0.015012254901960785
0 0.18137254901960784 0.6210171568627451 0.015522875816993464 0.010416666666666666
0 0.014093137254901961 0.6971507352941176 0.01838235294117647 0.012561274509803922
0 0.2207924836601307 0.6230085784313726 0.015931372549019607 0.009497549019607842
0 0.7154820261437909 0.6234681372549019 0.01919934640522876 0.012254901960784314
0 0.3290441176470588 0.6904105392156863 0.02165032679738562 0.014399509803921568
0 0.40318627450980393 0.7118566176470589 0.024509803921568627 0.016237745098039217
0 0.1147875816993464 0.6487438725490197 0.016339869281045753 0.01133578431372549
0 0.5508578431372549 0.7359068627450981 0.01919934640522876 0.014705882352941176
0 0.3145424836601307 0.6833639705882353 0.0196078431372549 0.013786764705882353
0 0.8856209150326797 0.7241115196078431 0.02696078431372549 0.017463235294117647
0 0.3292483660130719 0.7037377450980392 0.022058823529411766 0.014093137254901961
0 0.48161764705882354 0.8632046568627451 0.03349673202614379 0.023590686274509803
0 0.6182598039215687 0.7634803921568627 0.023284313725490197 0.01715686274509804
0 0.7941176470588235 0.8515625 0.03104575163398693 0.022365196078431373
0 0.8711192810457516 0.7446384803921569 0.028186274509803922 0.018688725490196078
0 0.2716503267973856 0.7054227941176471 0.02287581699346405 0.01685049019607843
0 0.4520016339869281 0.8279718137254902 0.028186274509803922 0.02297794117647059
0 0.5147058823529411 0.8714767156862745 0.031862745098039214 0.024816176470588234
0 0.42810457516339867 0.8625919117647058 0.031862745098039214 0.02420343137254902