0 0.05494281045751634 0.7158394607843137 0.020016339869281044 0.01133578431372549
0 0.06576797385620915 0.9397977941176471 0.03594771241830065 0.020526960784313725
1 0.0044199346405228756 0.6207521446078431 0.008839869281045751 0.013563112745098041
1 0.41913602941176475 0.7387055759803922 0.02454656862745098 0.01662683823529412
0 0.4636437908496732 0.7979473039215687 0.021241830065359478 0.016237745098039217
0 0.2902369281045752 0.8091299019607843 0.020833333333333332 0.015318627450980392
1 0.023600898692810457 0.6285370710784314 0.0284109477124183 0.019941789215686276
0 0.2508169934640523 0.7924325980392157 0.02042483660130719 0.016237745098039217
0 0.10273692810457516 0.7607230392156863 0.020016339869281044 0.013480392156862746
0 0.40808823529411764 0.8840379901960784 0.03022875816993464 0.023590686274509803
0 0.19566993464052287 0.8123468137254902 0.027777777777777776 0.021752450980392156
0 0.9842075163398694 0.7827542892156862 0.020702614379084966 0.0128125