1 0.007352941176470588 0.4114583333333333 0.014705882352941176 0.011642156862745098
0 0.6568627450980392 0.8259803921568627 0.018790849673202614 0.012867647058823529
0 0.09538398692810457 0.7049632352941176 0.013480392156862746 0.00980392156862745
1 0.7326756535947712 0.6041804534313726 0.020089869281045752 0.014733455882352942
0 0.8417075163398693 0.7455575980392157 0.01184640522875817 0.008272058823529412
1 0.6086601307189542 0.5510110294117647 0.02042483660130719 0.015625
0 0.7759395424836601 0.7378982843137255 0.012663398692810458 0.009497549019607842
0 0.5959967320261438 0.8025428921568627 0.022058823529411766 0.014399509803921568
1 0.009191176470588236 0.4341299019607843 0.013480392156862746 0.010416666666666666
1 0.6256127450980392 0.5692815563725491 0.01838235294117647 0.014175857843137256
1 0.034926470588235295 0.6597732843137255 0.015931372549019607 0.011948529411764705
0 0.8302696078431373 0.7905943627450981 0.016748366013071895 0.012561274509803922
0 0.31862745098039214 0.7135416666666666 0.011437908496732025 0.00857843137254902
0 0.3082107843137255 0.7136948529411765 0.013480392156862746 0.009497549019607842
0 0.34967320261437906 0.7199754901960784 0.012254901960784314 0.009191176470588236
0 0.19934640522875818 0.7484681372549019 0.013888888888888888 0.010416666666666666
1 0.7099673202614379 0.7321645220588234 0.0196078431372549 0.01396139705882353
0 0.24571078431372548 0.7752757352941176 0.013480392156862746 0.010723039215686275
0 0.5006127450980392 0.8463541666666666 0.01838235294117647 0.011948529411764705
1 0.03165849673202614 0.4246109068627451 0.01511437908496732 0.01221200980392157
1 0.32011642156862746 0.4117861519607843 0.014415849673202615 0.009846813725490197
0 0.23672385620915032 0.8457414215686274 0.015931372549019607 0.010723039215686275
0 0.9636437908496732 0.8731617647058824 0.018790849673202614 0.012254901960784314
1 0.6169628267973857 0.5460110294117647 0.015788398692810457 0.01113970588235294
0 0.2687908496732026 0.7271752450980392 0.013071895424836602 0.008884803921568627
0 0.45608660130718953 0.7651654411764706 0.01511437908496732 0.010723039215686275
1 0.6900388071895425 0.500219056372549 0.014881535947712419 0.011467524509803921
0 0.00980392156862745 0.8314950980392157 0.016339869281045753 0.012254901960784314
1 0.06384191176470588 0.514859068627451 0.015755718954248366 0.010723039215686275
1 0.7209211601307189 0.7130407475490196 0.021090686274509805 0.01492953431372549
0 0.7757352941176471 0.7190563725490197 0.013888888888888888 0.009191176470588236
0 0.4223856209150327 0.7598039215686274 0.01715686274509804 0.011642156862745098
1 0.5883517156862745 0.47306066176470585 0.02065767973856209 0.014748774509803922
0 0.7832924836601307 0.8399203431372549 0.015931372549019607 0.011948529411764705
0 0.24428104575163398 0.7215073529411765 0.015522875816993464 0.011029411764705883
1 0.6619321895424837 0.6165747549019608 0.020759803921568627 0.015012254901960785
0 0.8937908496732027 0.7907475490196079 0.0196078431372549 0.012867647058823529
0 0.3672385620915033 0.8201593137254902 0.016339869281045753 0.011642156862745098
0 0.616421568627451 0.8337928921568627 0.0196078431372549 0.014399509803921568
0 0.6836192810457516 0.8204656862745098 0.020016339869281044 0.014705882352941176
0 0.6752450980392157 0.7611825980392157 0.021241830065359478 0.015012254901960785
0 0.9393382352941176 0.7426470588235294 0.015931372549019607 0.011029411764705883
0 0.8729575163398693 0.8327205882352942 0.0196078431372549 0.012867647058823529
1 0.02652369281045752 0.4788388480392157 0.01955065359477124 0.01221200980392157
1 0.025093954248366013 0.38692708333333337 0.016691176470588234 0.012824754901960785
0 0.9887663398692811 0.7552083333333334 0.01838235294117647 0.012867647058823529
1 0.3190359477124183 0.6390931372549019 0.022058823529411766 0.015931372549019607
0 0.6268382352941176 0.8160232843137255 0.02246732026143791 0.016237745098039217
0 0.09334150326797386 0.9290747549019608 0.02246732026143791 0.017463235294117647
1 0.7207924836601307 0.6887668504901961 0.023284313725490197 0.01907781862745098
0 0.07516339869281045 0.9348958333333334 0.02042483660130719 0.017463235294117647
0 0.9136029411764706 0.8684129901960784 0.01838235294117647 0.013174019607843137
0 0.23427287581699346 0.9159007352941176 0.024101307189542485 0.018075980392156864
0 0.7289624183006536 0.8794424019607843 0.02246732026143791 0.015625
1 0.015651552287581697 0.38920189950980394 0.01659722222222222 0.012472426470588235
1 0.6244628267973856 0.5524034926470588 0.01935049019607843 0.013507965686274511
1 0.6175510620915033 0.5606204044117648 0.01778186274509804 0.011559436274509803