0 0.1474673202614379 0.8776041666666666 0.016339869281045753 0.01133578431372549
1 0.429203431372549 0.7226271446078432 0.03324346405228758 0.0242984068627451
0 0.5512663398692811 0.7962622549019608 0.016748366013071895 0.012254901960784314
0 0.7064950980392157 0.8642769607843137 0.015931372549019607 0.010416666666666666
0 0.24816176470588236 0.8313419117647058 0.016748366013071895 0.01133578431372549
0 0.9585375816993464 0.7169117647058824 0.01511437908496732 0.010416666666666666
0 0.5573937908496732 0.7455575980392157 0.017565359477124183 0.01133578431372549
0 0.08333333333333333 0.6845894607843137 0.012254901960784314 0.008884803921568627
0 0.4728349673202614 0.8642769607843137 0.01838235294117647 0.012254901960784314
0 0.988562091503268 0.6724877450980392 0.015522875816993464 0.010416666666666666
0 0.8784722222222222 0.8397671568627451 0.024101307189542485 0.017769607843137254
0 0.3684640522875817 0.9080882352941176 0.02369281045751634 0.017769607843137254
1 0.5853125 0.592359068627451 0.022749183006535948 0.01743872549019608
0 0.9428104575163399 0.641390931372549 0.012254901960784314 0.007659313725490196
0 0.5535130718954249 0.6663602941176471 0.01715686274509804 0.011029411764705883
0 0.5557598039215687 0.8610600490196079 0.016748366013071895 0.012561274509803922
1 0.2420343137254902 0.7097120098039216 0.0298202614379085 0.02297794117647059
0 0.14930555555555555 0.6852022058823529 0.020016339869281044 0.013174019607843137
0 0.45932189542483665 0.9074877450980392 0.02812091503267974 0.01840686274509804
1 0.2935049019607843 0.7238051470588235 0.03308823529411765 0.024816176470588234
0 0.9752859477124183 0.65625 0.012663398692810458 0.00857843137254902
0 0.954452614379085 0.6640625 0.014297385620915032 0.009497549019607842
0 0.7863562091503268 0.7440257352941176 0.017973856209150325 0.011948529411764705
0 0.1875 0.8184742647058824 0.024509803921568627 0.016237745098039217
0 0.4699754901960784 0.6557904411764706 0.017565359477124183 0.011948529411764705
0 0.6004901960784313 0.733609068627451 0.02287581699346405 0.014399509803921568
0 0.5980392156862745 0.7708333333333334 0.022058823529411766 0.014093137254901961
0 0.9227941176470589 0.6835171568627451 0.016339869281045753 0.011029411764705883
0 0.4556781045751634 0.8509497549019608 0.02246732026143791 0.01685049019607843
0 0.9526143790849673 0.6513480392156863 0.012254901960784314 0.007965686274509803
0 0.42340686274509803 0.6567095588235294 0.017565359477124183 0.010723039215686275
0 0.28431372549019607 0.8253676470588235 0.02287581699346405 0.015931372549019607
0 0.5347222222222222 0.7029718137254902 0.015522875816993464 0.01133578431372549
0 0.9479166666666666 0.7365196078431373 0.01838235294117647 0.012867647058823529
0 0.49142156862745096 0.8319546568627451 0.0196078431372549 0.015012254901960785
0 0.15584150326797386 0.7166053921568627 0.028186274509803922 0.017769607843137254
0 0.4728349673202614 0.8094362745098039 0.020016339869281044 0.015318627450980392
1 0.7089460784313726 0.3630039828431373 0.023284313725490197 0.015836397058823528
0 0.3139297385620915 0.7982536764705882 0.02165032679738562 0.013174019607843137
1 0.5584150326797386 0.6784620098039216 0.03022875816993464 0.022365196078431373
1 0.38636029411764705 0.601515012254902 0.031707516339869284 0.022882965686274508
0 0.31638071895424835 0.7719056372549019 0.025735294117647058 0.017463235294117647
0 0.6656454248366013 0.8069852941176471 0.024918300653594773 0.0196078431372549
1 0.4387254901960784 0.6115196078431373 0.029411764705882353 0.02267156862745098
0 0.5386029411764706 0.9517463235294118 0.0298202614379085 0.020526960784313725
0 0.2710375816993464 0.9615502450980392 0.0363562091503268 0.02665441176470588
0 0.5136846405228758 0.9664522058823529 0.03390522875816993 0.02542892156862745