0 0.35866013071895425 0.796109068627451 0.014705882352941176 0.01011029411764706
0 0.3304738562091503 0.6358762254901961 0.015522875816993464 0.01133578431372549
0 0.38562091503267976 0.6078431372549019 0.011437908496732025 0.00857843137254902
0 0.349468954248366 0.813265931372549 0.017565359477124183 0.01133578431372549
0 0.7168443627450981 0.6617386642156863 0.015388071895424838 0.009751838235294116
0 0.9315767973856209 0.8227634803921569 0.024101307189542485 0.015012254901960785
0 0.5095996732026143 0.7798713235294118 0.015931372549019607 0.010723039215686275
0 0.33843954248366015 0.7905943627450981 0.012663398692810458 0.008272058823529412
0 0.8811274509803921 0.6352634803921569 0.013888888888888888 0.009497549019607842
0 0.31495098039215685 0.696078431372549 0.013071895424836602 0.007965686274509803
0 0.9595915032679738 0.7458639705882353 0.022124183006535948 0.013786764705882353
0 0.2465277777777778 0.7738970588235294 0.016748366013071895 0.00980392156862745
0 0.5790441176470589 0.7242647058823529 0.015931372549019607 0.011029411764705883
0 0.4199346405228758 0.6616115196078431 0.012254901960784314 0.008884803921568627
0 0.3492647058823529 0.6288296568627451 0.014705882352941176 0.009497549019607842
0 0.3525326797385621 0.7830882352941176 0.016339869281045753 0.010416666666666666
0 0.40318627450980393 0.6125919117647058 0.013071895424836602 0.008884803921568627
0 0.6940359477124183 0.6579350490196079 0.016339869281045753 0.01011029411764706
0 0.38766339869281047 0.7875306372549019 0.014705882352941176 0.01011029411764706
0 0.43137254901960786 0.6084558823529411 0.013071895424836602 0.009191176470588236
0 0.983047385620915 0.7233455882352942 0.01838235294117647 0.011642156862745098
0 0.9435927287581699 0.7493106617647058 0.021172385620915033 0.01210171568627451
1 0.8223386437908496 0.3535799632352941 0.021311274509803923 0.013532475490196079
0 0.9920343137254902 0.7553615196078431 0.012663398692810458 0.010723039215686275
0 0.41094771241830064 0.7889093137254902 0.018790849673202614 0.011029411764705883
0 0.16033496732026145 0.7763480392156863 0.01838235294117647 0.012867647058823529
0 0.3715277777777778 0.6132046568627451 0.014297385620915032 0.009497549019607842
0 0.22120098039215685 0.7242647058823529 0.014297385620915032 0.00857843137254902
0 0.3314950980392157 0.8298100490196079 0.020833333333333332 0.012561274509803922
0 0.4040032679738562 0.7763480392156863 0.016339869281045753 0.010416666666666666
0 0.20230800653594772 0.666564031862745 0.013276143790849673 0.007760416666666666
0 0.9916258169934641 0.6470588235294118 0.013480392156862746 0.010416666666666666
0 0.35498366013071897 0.7225796568627451 0.016339869281045753 0.008884803921568627
0 0.33455882352941174 0.8558517156862745 0.02042483660130719 0.014399509803921568
0 0.7804330065359477 0.6265318627450981 0.012663398692810458 0.009191176470588236
0 0.7800245098039216 0.6787683823529411 0.01838235294117647 0.01133578431372549
0 0.26491013071895425 0.6622242647058824 0.01511437908496732 0.009497549019607842
0 0.3500816993464052 0.6204044117647058 0.015522875816993464 0.00980392156862745
0 0.6791258169934641 0.8509497549019608 0.02165032679738562 0.014399509803921568
0 0.4185049019607843 0.6142769607843137 0.012663398692810458 0.009191176470588236
0 0.5592320261437909 0.7444852941176471 0.018790849673202614 0.013480392156862746
0 0.2201797385620915 0.6994485294117647 0.014705882352941176 0.009191176470588236
0 0.7710375816993464 0.6545649509803921 0.013480392156862746 0.008884803921568627
0 0.3220996732026144 0.6507352941176471 0.015931372549019607 0.00980392156862745
0 0.9636437908496732 0.8170955882352942 0.03104575163398693 0.016544117647058824
0 0.4397467320261438 0.6737132352941176 0.015931372549019607 0.011642156862745098
0 0.6542075163398693 0.6786151960784313 0.015931372549019607 0.00980392156862745
0 0.7489787581699346 0.6599264705882353 0.014297385620915032 0.00980392156862745
0 0.3420486111111111 0.6328125 0.01661356209150327 0.012561274509803922
0 0.4579248366013072 0.7068014705882353 0.01715686274509804 0.012254901960784314
0 0.3897058823529412 0.7562806372549019 0.018790849673202614 0.01133578431372549
0 0.18423202614379086 0.7984068627450981 0.015522875816993464 0.011642156862745098
0 0.9383169934640523 0.7035845588235294 0.015522875816993464 0.01011029411764706
0 0.33360702614379084 0.6290088848039216 0.012802287581699346 0.009856004901960785
0 0.3923611111111111 0.6331188725490197 0.01511437908496732 0.009497549019607842
0 0.2741013071895425 0.6122855392156863 0.015522875816993464 0.009497549019607842
0 0.5486111111111112 0.8397671568627451 0.02369281045751634 0.015318627450980392
0 0.9577205882352942 0.6901041666666666 0.013480392156862746 0.009497549019607842
0 0.4287173202614379 0.6729473039215687 0.017565359477124183 0.011948529411764705
0 0.26348039215686275 0.7498468137254902 0.017973856209150325 0.012561274509803922
0 0.9611928104575164 0.6729473039215687 0.014705882352941176 0.01011029411764706
0 0.21323529411764705 0.7176776960784313 0.014705882352941176 0.009497549019607842
0 0.5320669934640523 0.7035845588235294 0.02165032679738562 0.012561274509803922
0 0.16850490196078433 0.7204350490196079 0.014297385620915032 0.01011029411764706
0 0.8192401960784313 0.6916360294117647 0.015931372549019607 0.011948529411764705
0 0.4513888888888889 0.8031556372549019 0.017973856209150325 0.013786764705882353
0 0.7191584967320261 0.6680453431372549 0.01511437908496732 0.011948529411764705
0 0.8194444444444444 0.6430759803921569 0.015522875816993464 0.00980392156862745
0 0.2354983660130719 0.6383272058823529 0.012663398692810458 0.008272058823529412
0 0.19362745098039216 0.6165747549019608 0.013888888888888888 0.009497549019607842
0 0.2412173202614379 0.7291666666666666 0.017565359477124183 0.010416666666666666
0 0.49019607843137253 0.8526348039215687 0.018790849673202614 0.013480392156862746
0 0.2589869281045752 0.6940870098039216 0.014705882352941176 0.01011029411764706
0 0.18341503267973855 0.7018995098039216 0.013888888888888888 0.009191176470588236
0 0.25674019607843135 0.6360294117647058 0.014297385620915032 0.00980392156862745
0 0.48161764705882354 0.7066482843137255 0.0196078431372549 0.013786764705882353
0 0.409109477124183 0.8235294117647058 0.020833333333333332 0.014705882352941176
0 0.920547385620915 0.8808210784313726 0.025735294117647058 0.017769607843137254
0 0.9769199346405228 0.7460171568627451 0.01838235294117647 0.012254901960784314
0 0.41605392156862747 0.7680759803921569 0.01511437908496732 0.012867647058823529
0 0.9677287581699346 0.6508884803921569 0.01715686274509804 0.01133578431372549
0 0.8412990196078431 0.7058823529411765 0.015931372549019607 0.00980392156862745
0 0.1701388888888889 0.8030024509803921 0.015931372549019607 0.011029411764705883
0 0.1766748366013072 0.6527267156862745 0.01838235294117647 0.011948529411764705
0 0.9007352941176471 0.8125 0.022058823529411766 0.014705882352941176
0 0.04330065359477124 0.7567401960784313 0.0196078431372549 0.013480392156862746
1 0.8454187091503268 0.5752405024509804 0.018451797385620916 0.01200061274509804
0 0.16156045751633988 0.6810661764705882 0.014297385620915032 0.00857843137254902
0 0.8349673202614379 0.6430759803921569 0.016339869281045753 0.010416666666666666
0 0.3188316993464052 0.6374080882352942 0.014297385620915032 0.009497549019607842
1 0.5524918300653595 0.6351102941176471 0.02165032679738562 0.015318627450980392
0 0.29044117647058826 0.6493566176470589 0.017973856209150325 0.01133578431372549
0 0.7463235294117647 0.8016237745098039 0.018790849673202614 0.013786764705882353
1 0.840108251633987 0.3837316176470588 0.02335375816993464 0.016237745098039217
0 0.8584558823529411 0.7417279411764706 0.01919934640522876 0.014093137254901961
0 0.9193218954248366 0.8092830882352942 0.02246732026143791 0.015625
1 0.9174162581699347 0.44186580882352944 0.022741013071895425 0.015471813725490197
0 0.25919117647058826 0.7636335784313726 0.01838235294117647 0.013174019607843137
0 0.7134395424836601 0.6832107843137255 0.017565359477124183 0.011642156862745098
0 0.883578431372549 0.8075980392156863 0.021241830065359478 0.014705882352941176
0 0.22058823529411764 0.7676164215686274 0.022058823529411766 0.013786764705882353
0 0.43137254901960786 0.7412683823529411 0.018790849673202614 0.013786764705882353
0 0.9154411764705882 0.6806066176470589 0.0196078431372549 0.011948529411764705
0 0.2522467320261438 0.7905943627450981 0.01919934640522876 0.013786764705882353
0 0.6272467320261438 0.6556372549019608 0.01919934640522876 0.012254901960784314
0 0.18198529411764705 0.7553615196078431 0.017565359477124183 0.012561274509803922
0 0.8705065359477124 0.8342524509803921 0.022058823529411766 0.014705882352941176
0 0.5972222222222222 0.8662683823529411 0.02042483660130719 0.015625
0 0.1119281045751634 0.7797181372549019 0.021241830065359478 0.014093137254901961
0 0.29473039215686275 0.7683823529411765 0.024918300653594773 0.016544117647058824
0 0.07536764705882353 0.8246017156862745 0.023284313725490197 0.016237745098039217
0 0.9795751633986928 0.8659620098039216 0.029411764705882353 0.021139705882352942
0 0.8392565359477124 0.7552083333333334 0.02246732026143791 0.015931372549019607
0 0.383374183006536 0.8563112745098039 0.023284313725490197 0.016544117647058824
0 0.7518382352941176 0.7320772058823529 0.020833333333333332 0.015012254901960785
0 0.20246936274509802 0.6702405024509804 0.011964869281045752 0.00714767156862745
0 0.361921977124183 0.6200214460784313 0.014693627450980391 0.008425245098039215