1 0.7730800653594772 0.6241314338235294 0.02165032679738562 0.015419730392156862
0 0.744281045751634 0.9390318627450981 0.02042483660130719 0.014093137254901961
0 0.9007352941176471 0.8953737745098039 0.02042483660130719 0.013786764705882353
0 0.2136437908496732 0.8025428921568627 0.013071895424836602 0.008884803921568627
0 0.13602941176470587 0.788296568627451 0.01715686274509804 0.00857843137254902
1 0.9820261437908496 0.6449647671568627 0.024509803921568627 0.017870710784313727
1 0.3445669934640523 0.4678308823529412 0.016748366013071895 0.011029411764705883
0 0.5232843137254902 0.9347426470588235 0.022058823529411766 0.014705882352941176
0 0.477124183006536 0.7778799019607843 0.01715686274509804 0.010416666666666666
1 0.7344097222222222 0.7121124387254902 0.02519199346405229 0.017974877450980392
0 0.5360845588235295 0.9236626838235295 0.019064542483660133 0.014604779411764706
1 0.2936111111111111 0.534155943627451 0.02104575163398693 0.015003063725490196
0 0.7549019607843137 0.9597120098039216 0.02369281045751634 0.01685049019607843
1 0.9254493464052288 0.7971813725490197 0.01919934640522876 0.014093137254901961
1 0.2871058006535948 0.5073529411764706 0.020290032679738564 0.013480392156862746
1 0.34375 0.5229779411764706 0.02165032679738562 0.016544117647058824
0 0.28982843137254904 0.8612132352941176 0.01919934640522876 0.012867647058823529
0 0.8300653594771242 0.8325674019607843 0.016339869281045753 0.01011029411764706
1 0.8944035947712419 0.6393995098039216 0.025735294117647058 0.018995098039215685
0 0.8972630718954249 0.8074448529411765 0.01838235294117647 0.013174019607843137
0 0.9501633986928104 0.7909007352941176 0.01715686274509804 0.012561274509803922
0 0.1815767973856209 0.7904411764705882 0.015931372549019607 0.00980392156862745
0 0.9037990196078431 0.8860294117647058 0.017565359477124183 0.012867647058823529
1 0.4497549019607843 0.6991421568627451 0.02696078431372549 0.0196078431372549
1 0.207312091503268 0.6743259803921569 0.026552287581699346 0.017769607843137254
0 0.7736928104575164 0.9535845588235294 0.022058823529411766 0.016237745098039217
1 0.41482843137254904 0.5952818627450981 0.03145424836601307 0.022058823529411766
0 0.4963235294117647 0.8230698529411765 0.02042483660130719 0.013786764705882353
1 0.3212826797385621 0.46231617647058826 0.02165032679738562 0.015318627450980392
1 0.2017299836601307 0.42933057598039215 0.021924019607843136 0.01552389705882353
0 0.10559640522875817 0.9264705882352942 0.024101307189542485 0.015318627450980392
1 0.991421568627451 0.47901348039215685 0.01715686274509804 0.020526960784313725
0 0.4993872549019608 0.8867953431372549 0.023284313725490197 0.01685049019607843
1 0.36437908496732024 0.5114889705882353 0.026143790849673203 0.018075980392156864
0 0.9170751633986928 0.8965992647058824 0.0196078431372549 0.013174019607843137
1 0.1996875 0.5699034926470589 0.023558006535947713 0.01725796568627451
1 0.4541809640522876 0.6769301470588235 0.028459967320261438 0.018075980392156864
0 0.27001633986928103 0.7887561274509803 0.01715686274509804 0.010723039215686275
0 0.20751633986928106 0.9345894607843137 0.02042483660130719 0.014399509803921568
1 0.1531188725490196 0.40619944852941176 0.02110702614379085 0.015217524509803923
1 0.32659313725490197 0.4814644607843137 0.020833333333333332 0.015625
0 0.08047385620915033 0.7878370098039216 0.017973856209150325 0.011948529411764705
1 0.983796977124183 0.640062806372549 0.024783496732026143 0.01725796568627451
1 0.9889705882352942 0.43550857843137253 0.021241830065359478 0.017463235294117647
0 0.3151552287581699 0.9937193627450981 0.026552287581699346 0.011948529411764705
0 0.24448529411764705 0.8330269607843137 0.01919934640522876 0.013480392156862746
0 0.3220996732026144 0.8855698529411765 0.020016339869281044 0.013786764705882353
0 0.7606209150326797 0.9849877450980392 0.028594771241830064 0.02267156862745098
1 0.5751470588235295 0.4671354166666667 0.027745098039215686 0.019442401960784315
1 0.15808823529411764 0.6824954044117647 0.026143790849673203 0.019402573529411764
0 0.9897875816993464 0.9241727941176471 0.0196078431372549 0.018075980392156864
0 0.13262663398692812 0.8047901348039216 0.016887254901960785 0.013379289215686275
0 0.12459150326797386 0.9575674019607843 0.02369281045751634 0.017463235294117647
0 0.36744281045751637 0.8572303921568627 0.020016339869281044 0.014705882352941176
1 0.16850490196078433 0.6469056372549019 0.03390522875816993 0.022365196078431373
1 0.28310457516339865 0.49189338235294117 0.019640522875816992 0.013811274509803921
0 0.25388071895424835 0.9315257352941176 0.024918300653594773 0.018075980392156864
1 0.2890992647058824 0.498671875 0.021825980392156864 0.01572610294117647
1 0.21747753267973857 0.43045343137254904 0.01828839869281046 0.014705882352941176
1 0.18570057189542485 0.6745297181372549 0.0274468954248366 0.019402573529411764
1 0.46218137254901964 0.6836197916666666 0.029754901960784313 0.01981311274509804
0 0.13941993464052288 0.8081081495098039 0.019035947712418302 0.013887867647058823
1 0.6511172385620915 0.32536764705882354 0.022822712418300653 0.016544117647058824