1 0.822234477124183 0.6706234681372549 0.025187908496732025 0.018943014705882354
0 0.6807945261437909 0.6336550245098039 0.011915849673202614 0.008118872549019608
0 0.9775326797385621 0.835171568627451 0.018790849673202614 0.015318627450980392
1 0.32975898692810457 0.7503569240196079 0.019812091503267973 0.015419730392156862
1 0.377859477124183 0.7239583333333334 0.01715686274509804 0.013480392156862746
1 0.1121997549019608 0.5776914828431373 0.02096813725490196 0.015064338235294118
0 0.31719771241830064 0.7942708333333334 0.01838235294117647 0.011948529411764705
0 0.15584150326797386 0.7575061274509803 0.01838235294117647 0.011948529411764705
0 0.4366830065359477 0.9249387254901961 0.02287581699346405 0.015931372549019607
0 0.928921568627451 0.7653186274509803 0.016339869281045753 0.010416666666666666
0 0.8059640522875817 0.8083639705882353 0.02042483660130719 0.013786764705882353
0 0.9111172385620915 0.6094255514705882 0.0134109477124183 0.009292279411764706
0 0.9936683006535948 0.6829044117647058 0.012663398692810458 0.011029411764705883
1 0.397875816993464 0.7000612745098039 0.02287581699346405 0.01715686274509804
1 0.3659109477124183 0.7124433210784313 0.02022058823529412 0.015572916666666665
1 0.13357843137254902 0.5569852941176471 0.016339869281045753 0.011029411764705883
0 0.5598447712418301 0.7146139705882353 0.016748366013071895 0.01133578431372549
0 0.7945261437908496 0.8080575980392157 0.017973856209150325 0.012561274509803922
1 0.5673345588235295 0.4753370098039216 0.024375 0.015012254901960785
0 0.7947303921568627 0.7982536764705882 0.020016339869281044 0.012561274509803922
1 0.8132822712418301 0.7724923406862745 0.02525735294117647 0.017411151960784313
0 0.7816584967320261 0.7617953431372549 0.01919934640522876 0.015012254901960785
0 0.15604575163398693 0.75 0.015522875816993464 0.010416666666666666
1 0.9266748366013072 0.4802389705882353 0.020016339869281044 0.015012254901960785
0 0.9070669934640523 0.6974571078431373 0.015931372549019607 0.009497549019607842
1 0.3818096405228758 0.7191590073529411 0.017704248366013073 0.013072916666666667
1 0.41823325163398695 0.4358915441176471 0.019473039215686275 0.013939950980392158
1 0.11992851307189542 0.5771032475490196 0.017634803921568628 0.013887867647058823
0 0.9074754901960784 0.7049632352941176 0.015931372549019607 0.010416666666666666
0 0.8770424836601307 0.8921568627450981 0.021241830065359478 0.017769607843137254
0 0.414624183006536 0.7964154411764706 0.018790849673202614 0.013174019607843137
1 0.24754901960784315 0.4834558823529412 0.018790849673202614 0.012867647058823529
0 0.31719771241830064 0.7880407475490196 0.01838235294117647 0.013581495098039215
0 0.9159865196078432 0.6967417279411765 0.014162581699346406 0.009905024509803921
0 0.08292483660130719 0.7208946078431373 0.015522875816993464 0.011029411764705883
0 0.43280228758169936 0.7068014705882353 0.01511437908496732 0.011029411764705883
0 0.5428921568627451 0.6838235294117647 0.015522875816993464 0.012254901960784314
0 0.5247140522875817 0.6920955882352942 0.01511437908496732 0.011029411764705883
1 0.22549019607843138 0.46675857843137253 0.0196078431372549 0.013786764705882353
0 0.159109477124183 0.8154105392156863 0.017565359477124183 0.013174019607843137
1 0.8816380718954249 0.6184129901960784 0.017361111111111112 0.012561274509803922
0 0.4571078431372549 0.8530943627450981 0.0196078431372549 0.011948529411764705
0 0.30514705882352944 0.7415747549019608 0.016339869281045753 0.01133578431372549
0 0.9585375816993464 0.6544117647058824 0.016748366013071895 0.00980392156862745
0 0.7038398692810458 0.7270220588235294 0.0196078431372549 0.014093137254901961
1 0.5058210784313726 0.5825168504901961 0.02389705882352941 0.017974877450980392
0 0.5253267973856209 0.7728247549019608 0.015522875816993464 0.01133578431372549
1 0.43447099673202616 0.3673667279411765 0.020085784313725492 0.01475796568627451
0 0.45241013071895425 0.8746936274509803 0.02165032679738562 0.015318627450980392
0 0.7479575163398693 0.7847732843137255 0.024509803921568627 0.016237745098039217
1 0.1352124183006536 0.5447303921568627 0.018790849673202614 0.012867647058823529
1 0.6870241013071896 0.5258118872549019 0.022741013071895425 0.01608455882352941
1 0.5250204248366013 0.589077818627451 0.02798202614379085 0.020067401960784315
0 0.21486928104575165 0.7380514705882353 0.02042483660130719 0.012254901960784314
0 0.09926470588235294 0.7956495098039216 0.022058823529411766 0.014093137254901961
1 0.9799836601307189 0.5908394607843137 0.021241830065359478 0.014399509803921568
0 0.5247140522875817 0.7856924019607843 0.017565359477124183 0.012561274509803922
1 0.13201184640522876 0.5962009803921569 0.020559640522875816 0.013480392156862746
1 0.11213235294117647 0.5359987745098039 0.020833333333333332 0.013786764705882353
0 0.9861111111111112 0.7346813725490197 0.017973856209150325 0.011642156862745098
1 0.6114522058823529 0.515062806372549 0.021924019607843136 0.01725796568627451
0 0.5488153594771242 0.8714767156862745 0.02165032679738562 0.016237745098039217
0 0.015727124183006536 0.6963848039215687 0.024101307189542485 0.015318627450980392
0 0.41625816993464054 0.7170649509803921 0.018790849673202614 0.013174019607843137
0 0.2520424836601307 0.6974571078431373 0.018790849673202614 0.01133578431372549
1 0.6560457516339869 0.5874693627450981 0.021241830065359478 0.015012254901960785
0 0.9421977124183006 0.694546568627451 0.015931372549019607 0.010416666666666666
0 0.2965686274509804 0.7579656862745098 0.016339869281045753 0.011029411764705883
1 0.45465686274509803 0.2685232843137255 0.016339869281045753 0.011924019607843138
0 0.948937908496732 0.7153799019607843 0.014705882352941176 0.010416666666666666
0 0.3897058823529412 0.8227634803921569 0.0196078431372549 0.013786764705882353
1 0.5941584967320261 0.514859068627451 0.02165032679738562 0.018075980392156864
0 0.23141339869281047 0.7287071078431373 0.016748366013071895 0.011948529411764705
0 0.3368055555555556 0.7827818627450981 0.01919934640522876 0.014093137254901961
1 0.2079248366013072 0.4846813725490196 0.02042483660130719 0.014705882352941176
1 0.23056168300653593 0.5934436274509803 0.015861928104575162 0.012867647058823529
0 0.5816993464052288 0.71875 0.017973856209150325 0.012254901960784314
0 0.3247201797385621 0.7970787377450981 0.016270424836601308 0.013887867647058823
0 0.8157679738562091 0.8521752450980392 0.021241830065359478 0.015012254901960785
0 0.12336601307189543 0.782015931372549 0.02042483660130719 0.013174019607843137
1 0.30392156862745096 0.5444240196078431 0.02287581699346405 0.01715686274509804
0 0.3901143790849673 0.8071384803921569 0.021241830065359478 0.015625
0 0.40665849673202614 0.8086703431372549 0.020833333333333332 0.015625
1 0.7083333333333334 0.4622395833333333 0.022058823529411766 0.01639093137254902
1 0.5669260620915033 0.46037530637254903 0.02519199346405229 0.016951593137254903
0 0.5383986928104575 0.8969056372549019 0.022058823529411766 0.01685049019607843
1 0.0988562091503268 0.5162377450980392 0.026143790849673203 0.015931372549019607
0 0.5496323529411765 0.7688419117647058 0.020833333333333332 0.015012254901960785
1 0.27655228758169936 0.5580575980392157 0.02042483660130719 0.015625
1 0.24448529411764705 0.5928308823529411 0.020016339869281044 0.014705882352941176
0 0.335375816993464 0.8503370098039216 0.018790849673202614 0.015012254901960785
1 0.613562091503268 0.45894607843137253 0.02696078431372549 0.02022058823529412
0 0.2354983660130719 0.7032781862745098 0.015931372549019607 0.010723039215686275
0 0.6751776960784314 0.8022625612745098 0.023558006535947713 0.016289828431372548
0 0.9897875816993464 0.9001225490196079 0.0196078431372549 0.017769607843137254
0 0.3519199346405229 0.8512561274509803 0.020016339869281044 0.015625
1 0.03308823529411765 0.5344669117647058 0.024509803921568627 0.016237745098039217
1 0.06658496732026144 0.5534620098039216 0.02369281045751634 0.015625
0 0.5575980392156863 0.8995098039215687 0.021241830065359478 0.016544117647058824
1 0.3684640522875817 0.5399816176470589 0.02369281045751634 0.017463235294117647
0 0.7391748366013072 0.9007352941176471 0.0298202614379085 0.02022058823529412
1 0.221609477124183 0.49050245098039214 0.01838235294117647 0.014093137254901961
0 0.6550245098039216 0.8026960784313726 0.02165032679738562 0.015931372549019607
0 0.6241830065359477 0.8534007352941176 0.021241830065359478 0.016237745098039217
1 0.10430351307189543 0.5679381127450981 0.018247549019607845 0.014552696078431373
1 0.04837418300653595 0.45779718137254904 0.019133986928104578 0.013020833333333334
0 0.8359885620915033 0.8590686274509803 0.02246732026143791 0.015931372549019607
0 0.8995098039215687 0.9067095588235294 0.025326797385620915 0.020526960784313725
0 0.8725490196078431 0.914828431372549 0.027777777777777776 0.020833333333333332
0 0.09640522875816994 0.9053308823529411 0.027777777777777776 0.01838235294117647
0 0.6759824346405229 0.7938373161764706 0.02108251633986928 0.013532475490196079
1 0.09416666666666668 0.5687545955882353 0.02003267973856209 0.015572916666666665
1 0.050972222222222224 0.4542999387254902 0.021062091503267974 0.01276654411764706