0 0.9144199346405228 0.6484375 0.01184640522875817 0.008884803921568627
0 0.9730392156862745 0.8489583333333334 0.02287581699346405 0.015318627450980392
0 0.9093137254901961 0.8040747549019608 0.021241830065359478 0.014399509803921568
0 0.9748774509803921 0.7192095588235294 0.020833333333333332 0.013786764705882353
0 0.7971813725490197 0.6878063725490197 0.012663398692810458 0.00857843137254902
0 0.009191176470588236 0.7815563725490197 0.01838235294117647 0.014705882352941176
0 0.951797385620915 0.9505208333333334 0.026143790849673203 0.018075980392156864
0 0.8731617647058824 0.6482843137254902 0.016748366013071895 0.011029411764705883
0 0.0494281045751634 0.7489276960784313 0.018790849673202614 0.011948529411764705
0 0.8705065359477124 0.7218137254901961 0.0196078431372549 0.012867647058823529
0 0.12316176470588236 0.6606924019607843 0.014297385620915032 0.008884803921568627
0 0.8754084967320261 0.8443627450980392 0.02287581699346405 0.015318627450980392
0 0.11233660130718955 0.6620481004901961 0.014705882352941176 0.010370710784313725
0 0.03860294117647059 0.8215379901960784 0.023284313725490197 0.014399509803921568
0 0.7401960784313726 0.7837009803921569 0.017973856209150325 0.012254901960784314
0 0.7657271241830066 0.6948529411764706 0.01511437908496732 0.010416666666666666
0 0.954452614379085 0.827359068627451 0.023284313725490197 0.016237745098039217
0 0.9274448529411765 0.8089414828431373 0.02155637254901961 0.015554534313725492
0 0.9935110294117646 0.8301516544117646 0.013165849673202614 0.018759191176470586
0 0.8845996732026143 0.7887561274509803 0.027369281045751634 0.018688725490196078
0 0.03533496732026144 0.8638174019607843 0.025735294117647058 0.016237745098039217
0 0.9093137254901961 0.7832414215686274 0.026143790849673203 0.017463235294117647
1 0.03941380718954248 0.5528615196078431 0.021638071895424837 0.016262254901960784
1 0.024897875816993466 0.5127022058823529 0.020383986928104576 0.014375
0 0.9664644607843138 0.7759941789215685 0.016262254901960784 0.01154718137254902