0 0.661968954248366 0.6573223039215687 0.013480392156862746 0.008884803921568627
0 0.7250816993464052 0.8178615196078431 0.018790849673202614 0.013174019607843137
0 0.3061683006535948 0.7133884803921569 0.014297385620915032 0.009497549019607842
0 0.12928921568627452 0.7840073529411765 0.015931372549019607 0.010416666666666666
0 0.9955065359477124 0.7621017156862745 0.008986928104575163 0.013174019607843137
0 0.445874183006536 0.7602634803921569 0.014297385620915032 0.01133578431372549
0 0.46473447712418303 0.6667938112745098 0.016070261437908497 0.010058210784313725
0 0.37111928104575165 0.6597732843137255 0.013480392156862746 0.009497549019607842
0 0.3545751633986928 0.6530330882352942 0.011437908496732025 0.007659313725490196
0 0.3272058823529412 0.6956188725490197 0.013071895424836602 0.008884803921568627
0 0.13071895424836602 0.671109068627451 0.013888888888888888 0.008884803921568627
0 0.37540849673202614 0.7054227941176471 0.014705882352941176 0.009497549019607842
0 0.5900735294117647 0.6749387254901961 0.012663398692810458 0.009191176470588236
0 0.5763888888888888 0.8017769607843137 0.01715686274509804 0.011642156862745098
1 0.3976062091503268 0.6425658700980392 0.014983660130718954 0.011847426470588236
0 0.23161764705882354 0.6326593137254902 0.013888888888888888 0.009191176470588236
0 0.03390522875816993 0.7982536764705882 0.018790849673202614 0.012561274509803922
0 0.5988562091503268 0.7320772058823529 0.0196078431372549 0.013174019607843137
0 0.6921977124183006 0.7561274509803921 0.016748366013071895 0.011029411764705883
0 0.29044117647058826 0.6609987745098039 0.013888888888888888 0.01011029411764706
0 0.5680147058823529 0.6924019607843137 0.012663398692810458 0.009191176470588236
0 0.813827614379085 0.7104013480392157 0.015727124183006536 0.010263480392156863
0 0.3886846405228758 0.6878063725490197 0.016748366013071895 0.010416666666666666
0 0.3937908496732026 0.6677389705882353 0.015522875816993464 0.01011029411764706
0 0.05555555555555555 0.8737745098039216 0.018790849673202614 0.014093137254901961
0 0.21180555555555555 0.6977634803921569 0.015931372549019607 0.010723039215686275
0 0.3709150326797386 0.6956188725490197 0.016339869281045753 0.01011029411764706
0 0.2689950980392157 0.6983762254901961 0.015931372549019607 0.010723039215686275
1 0.8094362745098039 0.46308210784313725 0.01838235294117647 0.013786764705882353
0 0.34844771241830064 0.7017463235294118 0.014705882352941176 0.01011029411764706
0 0.8451797385620915 0.7132352941176471 0.015522875816993464 0.010416666666666666
0 0.6158088235294118 0.8143382352941176 0.020833333333333332 0.014093137254901961
0 0.803343545751634 0.6979932598039216 0.01354983660130719 0.009344362745098039
0 0.6580882352941176 0.7202818627450981 0.017973856209150325 0.011642156862745098
0 0.2930964052287582 0.7071078431372549 0.016748366013071895 0.010416666666666666
0 0.4789624183006536 0.7598039215686274 0.01838235294117647 0.012867647058823529
0 0.18729575163398693 0.8428308823529411 0.025735294117647058 0.016544117647058824
0 0.5878267973856209 0.7720588235294118 0.02042483660130719 0.015318627450980392
0 0.25857843137254904 0.8065257352941176 0.02042483660130719 0.014399509803921568
0 0.8337418300653595 0.8079044117647058 0.02287581699346405 0.015931372549019607
1 0.45925653594771243 0.47331954656862746 0.02308823529411765 0.017104779411764706
1 0.2924183006535948 0.36223498774509805 0.018660130718954247 0.014298406862745099
1 0.41121323529411763 0.6449908088235294 0.01605392156862745 0.013020833333333334
1 0.4054391339869281 0.6478507965686274 0.015943627450980394 0.01200061274509804
0 0.8079677287581699 0.7029718137254902 0.017079248366013072 0.010723039215686275