0 0.03819444444444445 0.6875 0.016748366013071895 0.011029411764705883
0 0.9709967320261438 0.6029411764705882 0.013071895424836602 0.00857843137254902
0 0.06270424836601307 0.6182598039215687 0.014297385620915032 0.00980392156862745
0 0.6076388888888888 0.5928308823529411 0.011029411764705883 0.007965686274509803
0 0.2193627450980392 0.6308210784313726 0.013071895424836602 0.00857843137254902
0 0.8747957516339869 0.6246936274509803 0.01184640522875817 0.007965686274509803
0 0.11008986928104575 0.6963848039215687 0.015931372549019607 0.00980392156862745
0 0.06311274509803921 0.6387867647058824 0.014297385620915032 0.00980392156862745
0 0.21997549019607843 0.6681985294117647 0.012663398692810458 0.00857843137254902
0 0.15400326797385622 0.6691176470588235 0.013888888888888888 0.00857843137254902
0 0.5561683006535948 0.6853553921568627 0.015931372549019607 0.009191176470588236
0 0.1766748366013072 0.6306678921568627 0.014297385620915032 0.01011029411764706
0 0.6258169934640523 0.6280637254901961 0.013071895424836602 0.00857843137254902
0 0.03819444444444445 0.6090686274509803 0.012663398692810458 0.009191176470588236
0 0.45608660130718953 0.6623774509803921 0.01184640522875817 0.007965686274509803
0 0.4577205882352941 0.6865808823529411 0.01838235294117647 0.011642156862745098
0 0.911968954248366 0.6294424019607843 0.01511437908496732 0.009497549019607842
0 0.7965686274509803 0.5963541666666666 0.014705882352941176 0.009497549019607842
0 0.10110294117647059 0.6481311274509803 0.01511437908496732 0.008884803921568627
0 0.030433006535947712 0.6793811274509803 0.016748366013071895 0.011948529411764705
0 0.0647467320261438 0.6274509803921569 0.011029411764705883 0.011029411764705883
1 0.1664624183006536 0.5700398284313725 0.014297385620915032 0.009564950980392157
1 0.14726307189542484 0.5353860294117647 0.016748366013071895 0.010723039215686275
0 0.05371732026143791 0.7113970588235294 0.016748366013071895 0.011642156862745098
0 0.17544934640522875 0.6634497549019608 0.013480392156862746 0.008884803921568627
0 0.5929330065359477 0.6412377450980392 0.013480392156862746 0.007965686274509803
0 0.6066176470588235 0.6230085784313726 0.012254901960784314 0.008884803921568627
0 0.0647467320261438 0.75 0.02165032679738562 0.012867647058823529
0 0.4178921568627451 0.65625 0.013888888888888888 0.00857843137254902
0 0.6519607843137255 0.6139705882352942 0.010620915032679739 0.007352941176470588
0 0.008782679738562092 0.6321997549019608 0.014297385620915032 0.008884803921568627
0 0.054330065359477125 0.6318933823529411 0.013888888888888888 0.01011029411764706
1 0.9560866013071896 0.3874080882352941 0.01838235294117647 0.012561274509803922
0 0.9076797385620915 0.6974571078431373 0.016339869281045753 0.010723039215686275
0 0.5620915032679739 0.6750919117647058 0.01715686274509804 0.01011029411764706
0 0.6311274509803921 0.6757046568627451 0.013888888888888888 0.01011029411764706
0 0.5173611111111112 0.6692708333333334 0.014297385620915032 0.009497549019607842
0 0.5580065359477124 0.6973039215686274 0.01715686274509804 0.011029411764705883
0 0.04309640522875817 0.6982230392156863 0.016748366013071895 0.010416666666666666
0 0.11254084967320262 0.6453737745098039 0.014297385620915032 0.008272058823529412
0 0.12826797385620914 0.6371017156862745 0.014705882352941176 0.009497549019607842
0 0.9908088235294118 0.6265318627450981 0.016748366013071895 0.011029411764705883
0 0.190359477124183 0.6614583333333334 0.013071895424836602 0.009191176470588236
0 0.4742647058823529 0.7169117647058824 0.014705882352941176 0.010416666666666666
0 0.3888888888888889 0.6852022058823529 0.014705882352941176 0.010723039215686275
0 0.9089052287581699 0.6102941176470589 0.01715686274509804 0.011029411764705883
0 0.04055555555555555 0.6755683210784313 0.016568627450980394 0.011675857843137254
1 0.15985702614379085 0.6120818014705882 0.01824346405228758 0.01276654411764706
0 0.9166666666666666 0.6155530024509804 0.017973856209150325 0.009905024509803921
0 0.007352941176470588 0.7172181372549019 0.014705882352941176 0.014705882352941176
0 0.4401552287581699 0.6496629901960784 0.013480392156862746 0.009497549019607842
0 0.12520424836601307 0.7015931372549019 0.020016339869281044 0.014093137254901961
0 0.015522875816993464 0.6564031862745098 0.016339869281045753 0.010723039215686275
0 0.09456699346405228 0.6717218137254902 0.015931372549019607 0.010723039215686275
0 0.7900326797385621 0.7264093137254902 0.02042483660130719 0.012867647058823529
0 0.08190359477124183 0.6767769607843137 0.015931372549019607 0.011029411764705883
0 0.8059640522875817 0.6305147058823529 0.015522875816993464 0.00980392156862745
1 0.08122344771241831 0.5828232230392157 0.016205065359477126 0.012460171568627451
0 0.1556372549019608 0.6397058823529411 0.013888888888888888 0.00857843137254902
0 0.013888888888888888 0.6927083333333334 0.01715686274509804 0.011029411764705883
0 0.8999183006535948 0.6230085784313726 0.013888888888888888 0.01011029411764706
0 0.20751633986928106 0.6541053921568627 0.014705882352941176 0.00980392156862745
0 0.23427287581699346 0.7421875 0.01919934640522876 0.011948529411764705
0 0.26000816993464054 0.6727941176470589 0.01511437908496732 0.011029411764705883
0 0.2820669934640523 0.7493872549019608 0.01838235294117647 0.012254901960784314
0 0.9301470588235294 0.6176470588235294 0.013888888888888888 0.00980392156862745
0 0.1417483660130719 0.7219669117647058 0.0196078431372549 0.013174019607843137
0 0.5124591503267973 0.6796875 0.01511437908496732 0.010723039215686275
0 0.01491013071895425 0.6732536764705882 0.017565359477124183 0.011948529411764705
0 0.08986928104575163 0.8131127450980392 0.021241830065359478 0.014093137254901961
1 0.8524428104575165 0.3793918504901961 0.0194281045751634 0.014298406862745099
0 0.15992647058823528 0.6930147058823529 0.016748366013071895 0.011029411764705883
0 0.012867647058823529 0.819546568627451 0.024101307189542485 0.017769607843137254
0 0.7467320261437909 0.7405024509803921 0.017973856209150325 0.011642156862745098
0 0.07352941176470588 0.821078431372549 0.0196078431372549 0.013480392156862746
0 0.6791258169934641 0.6881127450980392 0.01919934640522876 0.012254901960784314
0 0.6738153594771242 0.7472426470588235 0.01919934640522876 0.014093137254901961
0 0.8218954248366013 0.6305147058823529 0.015522875816993464 0.010416666666666666
0 0.6474673202614379 0.7054227941176471 0.015522875816993464 0.01133578431372549
0 0.14052287581699346 0.7366727941176471 0.018790849673202614 0.012561274509803922
1 0.7933006535947712 0.36642156862745096 0.02042483660130719 0.015318627450980392
0 0.4035947712418301 0.6983762254901961 0.01715686274509804 0.01133578431372549
0 0.7054738562091504 0.7455575980392157 0.018790849673202614 0.013786764705882353
0 0.5161356209150327 0.7109375 0.01919934640522876 0.013174019607843137
0 0.7459150326797386 0.7259497549019608 0.01715686274509804 0.01133578431372549
0 0.7275326797385621 0.7166053921568627 0.018790849673202614 0.012254901960784314
0 0.36070261437908496 0.8204656862745098 0.02042483660130719 0.015318627450980392
0 0.5206290849673203 0.7400428921568627 0.01919934640522876 0.013786764705882353
1 0.08144199346405229 0.5883379289215687 0.015008169934640523 0.011234681372549021
1 0.8617442810457517 0.3828293504901961 0.015972222222222224 0.012594975490196078