0 0.8590686274509803 0.7348345588235294 0.018790849673202614 0.010723039215686275
0 0.920751633986928 0.7693014705882353 0.014705882352941176 0.00980392156862745
1 0.7593361928104575 0.7066927083333333 0.01948937908496732 0.012650122549019607
0 0.7816584967320261 0.6496629901960784 0.014297385620915032 0.008272058823529412
0 0.13725490196078433 0.6681985294117647 0.013071895424836602 0.007965686274509803
1 0.535218545751634 0.650516237745098 0.02141748366013072 0.016106004901960784
0 0.5518790849673203 0.7222732843137255 0.01715686274509804 0.010723039215686275
0 0.4193218954248366 0.7185968137254902 0.013480392156862746 0.008272058823529412
1 0.6402001633986928 0.6611075367647059 0.023047385620915035 0.01645526960784314
0 0.8578145424836601 0.6615242034313726 0.012197712418300654 0.008097426470588235
1 0.3958333333333333 0.5759803921568627 0.015522875816993464 0.011029411764705883
0 0.9654820261437909 0.7532169117647058 0.01511437908496732 0.01011029411764706
0 0.8772467320261438 0.6600796568627451 0.012663398692810458 0.009497549019607842
0 0.7984068627450981 0.7121629901960784 0.013480392156862746 0.009497549019607842
0 0.45465686274509803 0.6836703431372549 0.012254901960784314 0.009497549019607842
0 0.25020424836601307 0.797640931372549 0.020833333333333332 0.012561274509803922
1 0.7708333333333334 0.484375 0.0196078431372549 0.014093137254901961
0 0.9722222222222222 0.7118566176470589 0.014705882352941176 0.009497549019607842
0 0.02287581699346405 0.6547181372549019 0.012254901960784314 0.009191176470588236
0 0.7724673202614379 0.6685049019607843 0.013071895424836602 0.00857843137254902
1 0.7415379901960785 0.5007000612745098 0.02392565359477124 0.016106004901960784
0 0.6977124183006536 0.7130821078431373 0.016339869281045753 0.01011029411764706
0 0.015522875816993464 0.6582414215686274 0.013071895424836602 0.008272058823529412
0 0.891952614379085 0.6580882352941176 0.012663398692810458 0.009191176470588236
1 0.4985702614379085 0.5329350490196079 0.02246732026143791 0.016237745098039217
0 0.4932148692810458 0.6582414215686274 0.01175653594771242 0.009497549019607842
0 0.45098039215686275 0.6368397671568627 0.010620915032679739 0.007748161764705882
0 0.00323937908496732 0.6727282475490196 0.00647875816993464 0.009059436274509804
0 0.10110294117647059 0.6692708333333334 0.013480392156862746 0.008884803921568627
0 0.5026552287581699 0.7938112745098039 0.01511437908496732 0.011029411764705883
0 0.9651021241830066 0.6449800857843138 0.01190359477124183 0.008097426470588235
0 0.8053513071895425 0.6360294117647058 0.014297385620915032 0.007965686274509803
0 0.9758986928104575 0.7054227941176471 0.014705882352941176 0.009497549019607842
0 0.7859477124183006 0.6623774509803921 0.013071895424836602 0.009191176470588236
0 0.6764705882352942 0.7064950980392157 0.014705882352941176 0.00980392156862745
0 0.8504901960784313 0.6560523897058823 0.015522875816993464 0.009408700980392157
0 0.34048202614379086 0.7098651960784313 0.01511437908496732 0.010416666666666666
0 0.8240257352941176 0.6459865196078431 0.011613562091503268 0.0070465686274509805
0 0.9650735294117647 0.6746323529411765 0.01511437908496732 0.00980392156862745
0 0.30780228758169936 0.6608455882352942 0.013480392156862746 0.00980392156862745
1 0.4319852941176471 0.6090686274509803 0.01919934640522876 0.012867647058823529
0 0.8508986928104575 0.6438419117647058 0.017973856209150325 0.009497549019607842
1 0.4432883986928105 0.4618229166666667 0.026282679738562093 0.01800857843137255
1 0.6227532679738562 0.5582107843137255 0.025735294117647058 0.01838235294117647
1 0.7579656862745098 0.5721507352941176 0.013480392156862746 0.009497549019607842
1 0.5620915032679739 0.49954044117647056 0.02369281045751634 0.018688725490196078
1 0.6764705882352942 0.6811320465686275 0.017973856209150325 0.012386642156862745
1 0.8627450980392157 0.3874080882352941 0.0196078431372549 0.014399509803921568
0 0.9938725490196079 0.7990196078431373 0.011437908496732025 0.014705882352941176
0 0.9215686274509803 0.7077205882352942 0.016339869281045753 0.012254901960784314
1 0.5018382352941176 0.6115196078431373 0.02246732026143791 0.015318627450980392
0 0.8584558823529411 0.6985294117647058 0.015931372549019607 0.010416666666666666
0 0.9385212418300654 0.6533394607843137 0.012663398692810458 0.008272058823529412
0 0.9551838235294118 0.6665793504901961 0.013308823529411764 0.007791053921568627
0 0.9475081699346405 0.6691176470588235 0.015931372549019607 0.00857843137254902
0 0.7839052287581699 0.7098651960784313 0.013888888888888888 0.009191176470588236
0 0.8880718954248366 0.7120098039215687 0.018790849673202614 0.011029411764705883
0 0.8084150326797386 0.6796875 0.015522875816993464 0.01011029411764706
0 0.9579248366013072 0.6809129901960784 0.013888888888888888 0.008884803921568627
0 0.7551062091503268 0.7532169117647058 0.013480392156862746 0.01011029411764706
0 0.9714052287581699 0.678921568627451 0.015522875816993464 0.00980392156862745
1 0.8145424836601307 0.5857843137254902 0.016339869281045753 0.011029411764705883
1 0.6153553921568627 0.6816452205882353 0.016658496732026143 0.014025735294117648
0 0.7994281045751634 0.6446078431372549 0.013071895424836602 0.007965686274509803
0 0.9142156862745098 0.7118566176470589 0.014705882352941176 0.01133578431372549
1 0.4599673202614379 0.5566789215686274 0.02042483660130719 0.014093137254901961
0 0.8960375816993464 0.7094056372549019 0.016748366013071895 0.01133578431372549
1 0.8407148692810458 0.3950888480392157 0.018848039215686275 0.012604166666666666
0 0.09926470588235294 0.6455269607843137 0.013071895424836602 0.009191176470588236
0 0.8602941176470589 0.7242647058823529 0.014705882352941176 0.009191176470588236
0 0.4991830065359477 0.7763480392156863 0.01715686274509804 0.012254901960784314
0 0.8997140522875817 0.7306985294117647 0.013480392156862746 0.009191176470588236
0 0.21017156862745098 0.6750919117647058 0.01511437908496732 0.009497549019607842
0 0.9534313725490197 0.6550245098039216 0.013888888888888888 0.009191176470588236
0 0.4323937908496732 0.7633272058823529 0.01838235294117647 0.012561274509803922
1 0.7965972222222222 0.38613817401960787 0.019665032679738563 0.014923406862745098
0 0.4618055555555556 0.7444852941176471 0.014297385620915032 0.010416666666666666
1 0.8319035947712419 0.5525428921568627 0.020016339869281044 0.013174019607843137
0 0.8425245098039216 0.7624080882352942 0.015931372549019607 0.010723039215686275
1 0.7640931372549019 0.4696691176470588 0.024101307189542485 0.017769607843137254
0 0.9315767973856209 0.6853553921568627 0.014297385620915032 0.009191176470588236
0 0.3082107843137255 0.710171568627451 0.015931372549019607 0.011642156862745098
0 0.8686683006535948 0.7746629901960784 0.01838235294117647 0.010723039215686275
1 0.9334150326797386 0.5484068627450981 0.021241830065359478 0.014705882352941176
0 0.5061274509803921 0.7265625 0.016339869281045753 0.010723039215686275
0 0.6266339869281046 0.7686887254901961 0.02369281045751634 0.01715686274509804
1 0.9620098039215687 0.2994791666666667 0.0196078431372549 0.013786764705882353
0 0.9493464052287581 0.7708333333333334 0.017973856209150325 0.011029411764705883
1 0.971172385620915 0.47277726715686275 0.02486111111111111 0.017245710784313726
1 0.5113705065359477 0.4067953431372549 0.023558006535947713 0.016409313725490197
1 0.9066584967320261 0.6297487745098039 0.020016339869281044 0.013174019607843137
1 0.5463643790849673 0.6507352941176471 0.024101307189542485 0.016544117647058824
0 0.7906454248366013 0.6839767156862745 0.01838235294117647 0.013174019607843137
0 0.9385212418300654 0.7559742647058824 0.016748366013071895 0.010723039215686275
0 0.22283496732026145 0.8144914215686274 0.02165032679738562 0.015625
0 0.7822712418300654 0.7859987745098039 0.024509803921568627 0.01685049019607843
0 0.9834558823529411 0.7300857843137255 0.017565359477124183 0.011642156862745098
0 0.8476307189542484 0.6821384803921569 0.014705882352941176 0.009497549019607842
0 0.8080065359477124 0.6708026960784313 0.016339869281045753 0.01011029411764706
1 0.5563725490196079 0.5425857843137255 0.021241830065359478 0.015931372549019607
0 0.1687091503267974 0.7233455882352942 0.016339869281045753 0.011029411764705883
0 0.7802287581699346 0.7786458333333334 0.021241830065359478 0.013786764705882353
0 0.7787990196078431 0.7581188725490197 0.017565359477124183 0.011948529411764705
1 0.5157271241830066 0.6640625 0.023284313725490197 0.016237745098039217
1 0.6484885620915033 0.5926776960784313 0.026552287581699346 0.01685049019607843
0 0.8447712418300654 0.7129289215686274 0.01715686274509804 0.011642156862745098
0 0.5441176470588235 0.8092830882352942 0.02287581699346405 0.016237745098039217
0 0.3243464052287582 0.7519914215686274 0.01715686274509804 0.013174019607843137
1 0.6343954248366013 0.5770526960784313 0.029411764705882353 0.01991421568627451
1 0.9799836601307189 0.6011029411764706 0.025326797385620915 0.017769607843137254
0 0.6388888888888888 0.8339460784313726 0.018790849673202614 0.012867647058823529
0 0.7285539215686274 0.8186274509803921 0.01919934640522876 0.014093137254901961
1 0.5819035947712419 0.5519301470588235 0.026552287581699346 0.018075980392156864
0 0.7342728758169934 0.7673100490196079 0.020016339869281044 0.013786764705882353
0 0.28125 0.8204656862745098 0.023284313725490197 0.016544117647058824
0 0.6088643790849673 0.8063725490196079 0.020016339869281044 0.014705882352941176
1 0.608251633986928 0.5586703431372549 0.02369281045751634 0.018075980392156864
0 0.9001225490196079 0.8446691176470589 0.02246732026143791 0.015931372549019607
1 0.4777369281045752 0.5847120098039216 0.023284313725490197 0.01685049019607843
1 0.6350653594771242 0.5919454656862745 0.02666666666666667 0.0190625
1 0.6524244281045751 0.5821078431372549 0.024620098039215686 0.01838235294117647
0 0.49 0.6625091911764706 0.01022875816993464 0.007003676470588235
0 0.8143831699346404 0.6421354166666666 0.00866830065359477 0.0054718137254901955
0 0.8496936274509804 0.6604733455882352 0.009844771241830065 0.007221200980392157
0 0.8410273692810457 0.6464016544117647 0.011303104575163399 0.007876838235294118
0 0.8835906862745099 0.6561841299019607 0.011462418300653594 0.007221200980392157