0 0.22794117647058823 0.6766237745098039 0.013071895424836602 0.008272058823529412
0 0.5661764705882353 0.6778492647058824 0.013071895424836602 0.008272058823529412
1 0.06638071895424837 0.6737132352941176 0.013480392156862746 0.00980392156862745
0 0.5414624183006536 0.7051164215686274 0.014297385620915032 0.010723039215686275
0 0.9252757352941176 0.6490625 0.01068218954248366 0.006458333333333332
0 0.9187091503267973 0.6521139705882353 0.012254901960784314 0.0070465686274509805
1 0.6620792483660131 0.5257123161764706 0.015334967320261437 0.010370710784313725
0 0.20649509803921567 0.6848958333333334 0.012663398692810458 0.007659313725490196
0 0.14910130718954248 0.7233455882352942 0.01715686274509804 0.010416666666666666
0 0.9211601307189542 0.6769301470588235 0.010620915032679739 0.0070465686274509805
0 0.8513071895424836 0.6608455882352942 0.011437908496732025 0.007352941176470588
0 0.7563316993464052 0.7008272058823529 0.014297385620915032 0.008272058823529412
1 0.18353962418300654 0.7121507352941177 0.02067401960784314 0.014375
0 0.6905637254901961 0.7210477941176471 0.014297385620915032 0.01011029411764706
0 0.8135212418300654 0.7349877450980392 0.014297385620915032 0.00857843137254902
0 0.26715686274509803 0.7719056372549019 0.012254901960784314 0.01011029411764706
0 0.15257352941176472 0.6708026960784313 0.01184640522875817 0.008272058823529412
0 0.6950571895424836 0.8154105392156863 0.017565359477124183 0.011948529411764705
0 0.11458333333333333 0.6818321078431373 0.013480392156862746 0.009497549019607842
0 0.7495915032679739 0.6969975490196079 0.015522875816993464 0.009191176470588236
0 0.9505718954248366 0.7565870098039216 0.013888888888888888 0.01011029411764706
0 0.4199346405228758 0.6583946078431373 0.013888888888888888 0.00857843137254902
0 0.2992238562091503 0.7221200980392157 0.016748366013071895 0.011029411764705883
0 0.8756127450980392 0.6764705882352942 0.01184640522875817 0.007965686274509803
0 0.3566033496732026 0.6743382352941176 0.015494281045751634 0.00982843137254902
0 0.167687908496732 0.717984068627451 0.014297385620915032 0.009497549019607842
1 0.04963235294117647 0.7431066176470589 0.020016339869281044 0.013786764705882353
0 0.1597222222222222 0.7303921568627451 0.014705882352941176 0.009191176470588236
0 0.9920343137254902 0.7127757352941176 0.012663398692810458 0.01011029411764706
0 0.7961601307189542 0.7386642156862745 0.014705882352941176 0.007965686274509803
0 0.4818218954248366 0.7158394607843137 0.01511437908496732 0.012561274509803922
0 0.1454248366013072 0.6720281862745098 0.013071895424836602 0.008272058823529412
1 0.144812091503268 0.6222426470588235 0.016748366013071895 0.011029411764705883
0 0.8831699346405228 0.6354166666666666 0.013071895424836602 0.00857843137254902
0 0.23529411764705882 0.8149509803921569 0.018790849673202614 0.011642156862745098
0 0.9497549019607843 0.6683517156862745 0.012254901960784314 0.008884803921568627
1 0.09170751633986927 0.5625 0.015931372549019607 0.011029411764705883
0 0.1170343137254902 0.7510723039215687 0.014297385620915032 0.009497549019607842
1 0.12050653594771242 0.5637254901960784 0.013888888888888888 0.010416666666666666
0 0.29473039215686275 0.7601102941176471 0.015931372549019607 0.011029411764705883
0 0.18668300653594772 0.6833639705882353 0.011437908496732025 0.008272058823529412
0 0.6609477124183006 0.7352941176470589 0.015522875816993464 0.010416666666666666
0 0.8390522875816994 0.6980698529411765 0.014705882352941176 0.009497549019607842
0 0.8897058823529411 0.7239583333333334 0.013071895424836602 0.009191176470588236
0 0.9932598039215687 0.8189338235294118 0.013480392156862746 0.013480392156862746
1 0.3682434640522876 0.52046875 0.015898692810457516 0.01091299019607843
0 0.9683415032679739 0.6700367647058824 0.01511437908496732 0.00980392156862745
0 0.2048611111111111 0.6628370098039216 0.012663398692810458 0.008884803921568627
1 0.9183006535947712 0.5742953431372549 0.0196078431372549 0.013174019607843137
1 0.06045751633986928 0.45618872549019607 0.021241830065359478 0.013480392156862746
1 0.14705882352941177 0.5035232843137255 0.016339869281045753 0.010723039215686275
0 0.5988562091503268 0.7725183823529411 0.01715686274509804 0.012561274509803922
0 0.5774101307189542 0.6812193627450981 0.014297385620915032 0.009497549019607842
0 0.33762254901960786 0.8219975490196079 0.017565359477124183 0.011642156862745098
0 0.7961601307189542 0.7458639705882353 0.016339869281045753 0.01133578431372549
0 0.14297385620915032 0.7342218137254902 0.016339869281045753 0.010723039215686275
0 0.8651960784313726 0.6515012254901961 0.015522875816993464 0.01011029411764706
0 0.20404411764705882 0.71875 0.012663398692810458 0.00857843137254902
0 0.7716503267973857 0.8074448529411765 0.01715686274509804 0.011948529411764705
0 0.18137254901960784 0.7545955882352942 0.016339869281045753 0.011029411764705883
0 0.17177287581699346 0.6724877450980392 0.014297385620915032 0.010416666666666666
0 0.6823937908496732 0.7140012254901961 0.01511437908496732 0.01133578431372549
0 0.9734477124183006 0.7549019607843137 0.02042483660130719 0.014705882352941176
1 0.009442401960784313 0.6581587009803922 0.018884803921568626 0.015459558823529411
0 0.4707924836601307 0.7798713235294118 0.020016339869281044 0.015012254901960785
1 0.9879493464052288 0.6135110294117647 0.020016339869281044 0.015012254901960785
1 0.1057373366013072 0.5657046568627451 0.019481209150326795 0.014375
1 0.006944444444444444 0.5513174019607843 0.013888888888888888 0.017463235294117647
1 0.12928921568627452 0.7074142156862745 0.01838235294117647 0.012867647058823529
1 0.5515502450980392 0.6048146446078432 0.0197671568627451 0.015389093137254901
0 0.7193627450980392 0.7489276960784313 0.015522875816993464 0.01011029411764706
0 0.8690767973856209 0.711703431372549 0.01511437908496732 0.010416666666666666
0 0.6570669934640523 0.7939644607843137 0.01919934640522876 0.014399509803921568
0 0.8204656862745098 0.7591911764705882 0.016748366013071895 0.011642156862745098
0 0.5537173202614379 0.8606004901960784 0.01919934640522876 0.014705882352941176
0 0.7142565359477124 0.7594975490196079 0.015931372549019607 0.011642156862745098
1 0.032475490196078434 0.6853553921568627 0.02165032679738562 0.015318627450980392
0 0.46139705882352944 0.9022671568627451 0.024101307189542485 0.01715686274509804
0 0.7712418300653595 0.7789522058823529 0.01715686274509804 0.011948529411764705
0 0.1693218954248366 0.7261029411764706 0.014297385620915032 0.00980392156862745
0 0.07679738562091504 0.7832414215686274 0.021241830065359478 0.013174019607843137
0 0.8167892156862745 0.7818627450980392 0.016748366013071895 0.011642156862745098
0 0.5363562091503268 0.8146446078431373 0.0196078431372549 0.015318627450980392
1 0.043394607843137256 0.5747074142156863 0.023880718954248367 0.015836397058823528
0 0.8476307189542484 0.8135723039215687 0.02369281045751634 0.016237745098039217
0 0.6315359477124183 0.8907781862745098 0.022058823529411766 0.016237745098039217
0 0.9215686274509803 0.7847732843137255 0.018790849673202614 0.012561274509803922
0 0.5445261437908496 0.7892156862745098 0.022058823529411766 0.015931372549019607
1 0.03125 0.5827205882352942 0.017565359477124183 0.012254901960784314
0 0.8421160130718954 0.7840073529411765 0.02165032679738562 0.014093137254901961
0 0.7440767973856209 0.8097426470588235 0.020833333333333332 0.015318627450980392
0 0.4616013071895425 0.8259803921568627 0.021241830065359478 0.015931372549019607
0 0.9779411764705882 0.7984068627450981 0.0196078431372549 0.014093137254901961
0 0.8627389705882353 0.6550015318627451 0.009791666666666666 0.007306985294117647