1 0.32169117647058826 0.7279411764705882 0.013480392156862746 0.010416666666666666
1 0.3898815359477124 0.30814491421568624 0.012606209150326796 0.008446691176470589
1 0.4242238562091503 0.5692401960784313 0.024918300653594773 0.015931372549019607
1 0.849468954248366 0.5678400735294118 0.020016339869281044 0.013743872549019608
1 0.30657679738562094 0.6337316176470589 0.020016339869281044 0.014399509803921568
0 0.1548202614379085 0.8443627450980392 0.016339869281045753 0.011029411764705883
0 0.13480392156862744 0.8374693627450981 0.016339869281045753 0.010723039215686275
1 0.7173202614379085 0.5782567401960784 0.02042483660130719 0.014969362745098039
0 0.23774509803921567 0.7861519607843137 0.016339869281045753 0.011642156862745098
1 0.33905228758169936 0.7296262254901961 0.016339869281045753 0.01133578431372549
0 0.8069852941176471 0.8085171568627451 0.01511437908496732 0.00980392156862745
1 0.697156862745098 0.7597594975490196 0.031568627450980394 0.02258272058823529
0 0.6805555555555556 0.8462009803921569 0.017973856209150325 0.013480392156862746
1 0.11729983660130718 0.48201133578431377 0.015645424836601307 0.010591299019607843
1 0.522671568627451 0.7136948529411765 0.024101307189542485 0.016237745098039217
0 0.099468954248366 0.8003982843137255 0.02246732026143791 0.016237745098039217
0 0.2193627450980392 0.8455882352941176 0.017973856209150325 0.012867647058823529
0 0.6883169934640523 0.8800551470588235 0.015522875816993464 0.01011029411764706
1 0.42606209150326796 0.7051164215686274 0.014705882352941176 0.01011029411764706
0 0.10334967320261437 0.8302696078431373 0.014705882352941176 0.00980392156862745
0 0.3631535947712418 0.7659313725490197 0.016339869281045753 0.011029411764705883
0 0.6078431372549019 0.8026960784313726 0.01715686274509804 0.012254901960784314
0 0.22058823529411764 0.8420649509803921 0.013888888888888888 0.009497549019607842
0 0.6264297385620915 0.8008578431372549 0.016748366013071895 0.010416666666666666
0 0.2326388888888889 0.8622855392156863 0.016748366013071895 0.01133578431372549
0 0.4542483660130719 0.8823529411764706 0.01715686274509804 0.011642156862745098
0 0.27617238562091506 0.9028799019607843 0.022933006535947712 0.015318627450980392
1 0.6033496732026143 0.6219577205882353 0.02287581699346405 0.015974264705882354
1 0.7575571895424836 0.6965379901960784 0.02165032679738562 0.015625
0 0.3000408496732026 0.8033088235294118 0.016748366013071895 0.011642156862745098
0 0.3125 0.7913602941176471 0.016339869281045753 0.010416666666666666
1 0.5949754901960784 0.42747702205882354 0.01838235294117647 0.01242953431372549
0 0.5961151960784313 0.7572441789215686 0.017393790849673203 0.01081188725490196
0 0.26776960784313725 0.7090992647058824 0.013480392156862746 0.008884803921568627
0 0.4113562091503268 0.8907781862745098 0.02042483660130719 0.013174019607843137
1 0.6179391339869281 0.3643857230392157 0.019375 0.013697916666666667
1 0.4775898692810458 0.27348192401960786 0.022173202614379085 0.01510110294117647
0 0.2847222222222222 0.7774203431372549 0.02042483660130719 0.011948529411764705
0 0.8862336601307189 0.7979473039215687 0.020016339869281044 0.011948529411764705
1 0.5137724673202614 0.7712714460784313 0.02264297385620915 0.014356617647058824
0 0.23202614379084968 0.7593443627450981 0.01715686274509804 0.01133578431372549
0 0.7173202614379085 0.8449754901960784 0.016339869281045753 0.014093137254901961
0 0.6203022875816994 0.7636335784313726 0.01919934640522876 0.01133578431372549
0 0.06699346405228758 0.8112745098039216 0.021241830065359478 0.016544117647058824
0 0.4070669934640523 0.9044117647058824 0.01838235294117647 0.012867647058823529
1 0.3923611111111111 0.6614583333333334 0.020833333333333332 0.015318627450980392
1 0.48433210784313724 0.38810814950980393 0.020134803921568627 0.01518688725490196
1 0.8370098039215687 0.5669209558823529 0.02287581699346405 0.014969362745098039
0 0.2346813725490196 0.8973651960784313 0.01838235294117647 0.014093137254901961
0 0.835171568627451 0.7133884803921569 0.012663398692810458 0.008884803921568627
0 0.34844771241830064 0.7783394607843137 0.016339869281045753 0.01011029411764706
0 0.8231209150326797 0.8011642156862745 0.017973856209150325 0.011642156862745098
0 0.10212418300653595 0.8393075980392157 0.013888888888888888 0.01011029411764706
1 0.640843545751634 0.6865808823529411 0.025151143790849675 0.0196078431372549
0 0.31004901960784315 0.8321078431372549 0.0196078431372549 0.013480392156862746
0 0.44955065359477125 0.8681066176470589 0.01919934640522876 0.013174019607843137
0 0.25306372549019607 0.8943014705882353 0.023284313725490197 0.014093137254901961
0 0.4675245098039216 0.7723651960784313 0.020016339869281044 0.014705882352941176
0 0.4279003267973856 0.7886029411764706 0.020833333333333332 0.012254901960784314
0 0.8157679738562091 0.7058823529411765 0.013888888888888888 0.011029411764705883
0 0.34620098039215685 0.7835477941176471 0.017565359477124183 0.012561274509803922
1 0.7030228758169934 0.6579564950980392 0.021241830065359478 0.013829656862745099
0 0.994281045751634 0.8223039215686274 0.010620915032679739 0.014093137254901961
0 0.10723039215686274 0.9944852941176471 0.024918300653594773 0.010416666666666666
0 0.2747140522875817 0.9146752450980392 0.02165032679738562 0.013786764705882353
1 0.6899795751633987 0.49450674019607843 0.018031045751633987 0.011685049019607843
1 0.715890522875817 0.6000306372549019 0.02246732026143791 0.016237745098039217
0 0.5441176470588235 0.8244485294117647 0.017973856209150325 0.012867647058823529
1 0.19820874183006534 0.7740502450980392 0.023051470588235295 0.016237745098039217
0 0.1881127450980392 0.8134191176470589 0.020833333333333332 0.015931372549019607
0 0.6325571895424836 0.9099264705882353 0.02165032679738562 0.016544117647058824
0 0.8353758169934641 0.8587622549019608 0.016339869281045753 0.012867647058823529
0 0.6015114379084967 0.7521446078431373 0.02246732026143791 0.015931372549019607
0 0.3762254901960784 0.9882046568627451 0.026143790849673203 0.018075980392156864
1 0.4632352941176471 0.39231004901960786 0.02287581699346405 0.015625
1 0.6821609477124183 0.41725796568627455 0.018733660130718956 0.014050245098039215
0 0.7975898692810458 0.9385723039215687 0.016748366013071895 0.013174019607843137
1 0.7387663398692811 0.6472120098039216 0.023284313725490197 0.015625
0 0.9103349673202614 0.7909007352941176 0.015931372549019607 0.01133578431372549
1 0.5573366013071895 0.259453125 0.0215359477124183 0.015229779411764706
1 0.20322712418300654 0.6743259803921569 0.024918300653594773 0.018995098039215685
0 0.42544934640522875 0.8982843137254902 0.01919934640522876 0.013480392156862746
1 0.39644607843137253 0.6669730392156863 0.024918300653594773 0.015318627450980392
1 0.8850081699346405 0.4524034926470588 0.01838235294117647 0.01387561274509804
0 0.8102246732026144 0.7008486519607844 0.017508169934640522 0.011991421568627451
0 0.0196078431372549 0.8301164215686274 0.014705882352941176 0.010723039215686275
1 0.009395424836601307 0.35003063725490197 0.017973856209150325 0.016237745098039217
1 0.49754901960784315 0.7794117647058824 0.018790849673202614 0.014093137254901961
0 0.7379493464052288 0.8912377450980392 0.020016339869281044 0.014093137254901961
0 0.6930147058823529 0.8956801470588235 0.01919934640522876 0.013786764705882353
0 0.7046568627450981 0.8298100490196079 0.017973856209150325 0.014399509803921568
0 0.9009395424836601 0.6714154411764706 0.013480392156862746 0.009497549019607842
0 0.15298202614379086 0.9924938725490197 0.028186274509803922 0.013786764705882353
0 0.3790849673202614 0.7712928921568627 0.017973856209150325 0.012561274509803922
0 0.8729575163398693 0.6740196078431373 0.013071895424836602 0.009191176470588236
1 0.9558823529411765 0.36208792892156866 0.0196078431372549 0.013391544117647059
0 0.39624183006535946 0.8095894607843137 0.016339869281045753 0.011948529411764705
0 0.5641339869281046 0.9191176470588235 0.02042483660130719 0.014705882352941176
0 0.8651960784313726 0.7231924019607843 0.013888888888888888 0.010723039215686275
0 0.7457107843137255 0.9126838235294118 0.020016339869281044 0.013480392156862746
0 0.8517156862745098 0.6838235294117647 0.01715686274509804 0.010416666666666666
0 0.5735294117647058 0.7725183823529411 0.018790849673202614 0.013786764705882353
0 0.31719771241830064 0.8308823529411765 0.01838235294117647 0.013480392156862746
1 0.1826266339869281 0.7535891544117648 0.019665032679738563 0.012693014705882353
0 0.6779003267973857 0.8374693627450981 0.01838235294117647 0.014399509803921568
1 0.700279820261438 0.5226271446078431 0.019840686274509804 0.013391544117647059
0 0.48284313725490197 0.8806678921568627 0.022058823529411766 0.015012254901960785
1 0.9735355392156864 0.37900428921568624 0.01814950980392157 0.01352328431372549
1 0.7007761437908496 0.5378370098039216 0.020016339869281044 0.014399509803921568
0 0.5816993464052288 0.7870710784313726 0.01715686274509804 0.011642156862745098
1 0.46017156862745096 0.37423406862745096 0.024101307189542485 0.018075980392156864
1 0.28656045751633985 0.3909313725490196 0.017565359477124183 0.012867647058823529
0 0.18218954248366012 0.9203431372549019 0.026143790849673203 0.016544117647058824
1 0.41217320261437906 0.6908700980392157 0.01715686274509804 0.012867647058823529
1 0.7294015522875817 0.5824800857843137 0.02252859477124183 0.01606311274509804
0 0.9017565359477124 0.7988664215686274 0.01838235294117647 0.011948529411764705
0 0.8539624183006536 0.6911764705882353 0.016748366013071895 0.011642156862745098
0 0.40175653594771243 0.9813112745098039 0.02246732026143791 0.017769607843137254
1 0.6223447712418301 0.7483149509803921 0.024918300653594773 0.018075980392156864
0 0.47794117647058826 0.8694852941176471 0.021241830065359478 0.014093137254901961
0 0.5449346405228758 0.8538602941176471 0.018790849673202614 0.012867647058823529
1 0.7190706699346405 0.3007705269607843 0.019023692810457515 0.013918504901960784
1 0.22633782679738565 0.6111044730392157 0.018035130718954247 0.012650122549019607
1 0.6952614379084967 0.42172181372549017 0.0196078431372549 0.015012254901960785
0 0.25449346405228757 0.803921568627451 0.018790849673202614 0.013480392156862746
1 0.9912173202614379 0.3932291666666667 0.015931372549019607 0.013786764705882353
0 0.1715686274509804 0.8359375 0.017973856209150325 0.013174019607843137
1 0.49013684640522875 0.3765762867647059 0.024391339869281044 0.01663296568627451
0 0.2928921568627451 0.9155943627450981 0.02042483660130719 0.013786764705882353
0 0.8249591503267973 0.7251838235294118 0.014297385620915032 0.00980392156862745
0 0.32046568627450983 0.8016237745098039 0.016748366013071895 0.012561274509803922
0 0.44281045751633985 0.8573835784313726 0.022058823529411766 0.015625
0 0.6209150326797386 0.7829350490196079 0.017973856209150325 0.012561274509803922
0 0.5921160130718954 0.8089767156862745 0.01838235294117647 0.014399509803921568
0 0.9475081699346405 0.6996017156862745 0.014297385620915032 0.01011029411764706
0 0.9334150326797386 0.8546262254901961 0.02042483660130719 0.014399509803921568
0 0.4338235294117647 0.8434436274509803 0.0196078431372549 0.014093137254901961
0 0.7485702614379085 0.8403799019607843 0.016748366013071895 0.012254901960784314
1 0.6382761437908496 0.7176776960784313 0.024918300653594773 0.018688725490196078
0 0.8939950980392157 0.6911764705882353 0.016748366013071895 0.011029411764705883
1 0.6950571895424836 0.47074142156862747 0.02246732026143791 0.015625
1 0.5153186274509803 0.7331495098039216 0.023284313725490197 0.015931372549019607
1 0.3180147058823529 0.6979166666666666 0.020833333333333332 0.014705882352941176
0 0.13766339869281047 0.8190870098039216 0.022058823529411766 0.013786764705882353
0 0.050625 0.8535983455882353 0.022001633986928105 0.016020220588235295
0 0.7559232026143791 0.8930759803921569 0.023284313725490197 0.01715686274509804
1 0.13751838235294117 0.6258976715686275 0.020951797385620915 0.015888480392156863
0 0.704248366013072 0.8556985294117647 0.018790849673202614 0.014093137254901961
0 0.4485294117647059 0.7979473039215687 0.017973856209150325 0.012561274509803922
0 0.5898692810457516 0.7740502450980392 0.0196078431372549 0.015012254901960785
1 0.5606617647058824 0.7140012254901961 0.02246732026143791 0.01685049019607843
1 0.6811968954248365 0.44577205882352944 0.020890522875816993 0.015318627450980392
0 0.9750816993464052 0.8143382352941176 0.018790849673202614 0.012867647058823529
1 0.37663398692810457 0.6602328431372549 0.0196078431372549 0.014093137254901961
1 0.34334150326797386 0.6853553921568627 0.02246732026143791 0.014705882352941176
1 0.8609068627450981 0.5246629901960784 0.02165032679738562 0.015012254901960785
0 0.04044117647058824 0.8160232843137255 0.018790849673202614 0.012561274509803922
1 0.7205882352941176 0.5275076593137256 0.017973856209150325 0.013348651960784315
1 0.3519199346405229 0.5778186274509803 0.028186274509803922 0.0196078431372549
0 0.2881944444444444 0.7965686274509803 0.020016339869281044 0.015318627450980392
1 0.8043586601307189 0.4961703431372549 0.02375 0.01685049019607843
0 0.860702614379085 0.7715992647058824 0.018790849673202614 0.012561274509803922
0 0.3743872549019608 0.8201593137254902 0.020016339869281044 0.013480392156862746
0 0.8925653594771242 0.7872242647058824 0.017973856209150325 0.012561274509803922
0 0.4665032679738562 0.8213848039215687 0.02042483660130719 0.014705882352941176
0 0.7479575163398693 0.8092830882352942 0.024509803921568627 0.018688725490196078
1 0.5622957516339869 0.6421568627450981 0.027369281045751634 0.01715686274509804
1 0.6740196078431373 0.6992953431372549 0.02696078431372549 0.020526960784313725
0 0.9632352941176471 0.7005208333333334 0.015522875816993464 0.010723039215686275
1 0.4999121732026144 0.3354993872549019 0.02270016339869281 0.015974264705882354
0 0.32965686274509803 0.9258578431372549 0.02287581699346405 0.015931372549019607
1 0.4769199346405229 0.3196997549019608 0.024101307189542485 0.018688725490196078
1 0.9030984477124182 0.45443780637254905 0.01943218954248366 0.014880514705882354
1 0.32822712418300654 0.6622242647058824 0.024918300653594773 0.017463235294117647
0 0.21711601307189543 0.9872855392156863 0.030637254901960783 0.021752450980392156
1 0.3032209967320261 0.4715287990196078 0.02392565359477124 0.018425245098039215
0 0.6548202614379085 0.9074754901960784 0.024509803921568627 0.02144607843137255
0 0.25531045751633985 0.9087009803921569 0.022058823529411766 0.017769607843137254
1 0.435953839869281 0.45098039215686275 0.027136437908496736 0.018995098039215685
0 0.18872549019607843 0.8541666666666666 0.0196078431372549 0.014093137254901961
1 0.514297385620915 0.36871936274509803 0.022058823529411766 0.016237745098039217
1 0.6736111111111112 0.59375 0.025326797385620915 0.017769607843137254
1 0.5971058006535948 0.4072778799019608 0.016924019607843135 0.012472426470588235
0 0.678921568627451 0.8607536764705882 0.02042483660130719 0.014399509803921568
0 0.3946078431372549 0.8474264705882353 0.02287581699346405 0.01715686274509804
1 0.1547324346405229 0.6316528799019608 0.021883169934640522 0.015756740196078433
0 0.7718545751633987 0.8276654411764706 0.020016339869281044 0.014399509803921568
1 0.7515175653594771 0.545015318627451 0.01855800653594771 0.014050245098039215
1 0.34033700980392156 0.5079442401960784 0.02462826797385621 0.01772671568627451
1 0.7005718954248366 0.7182904411764706 0.028594771241830064 0.018075980392156864
1 0.36907679738562094 0.4914430147058823 0.023284313725490197 0.016587009803921568
0 0.5443218954248366 0.8920036764705882 0.024101307189542485 0.018688725490196078
1 0.7453022875816994 0.6089154411764706 0.024101307189542485 0.018688725490196078
1 0.8441584967320261 0.5084252450980392 0.024918300653594773 0.01685049019607843
1 0.3459967320261438 0.6317401960784313 0.024509803921568627 0.017769607843137254
1 0.4970526960784314 0.22369638480392157 0.021883169934640522 0.016020220588235295
1 0.4497549019607843 0.41139246323529416 0.02287581699346405 0.017025122549019608
1 0.6223161764705882 0.6831020220588235 0.0256781045751634 0.01939031862745098
0 0.2734313725490196 0.8955269607843137 0.020718954248366013 0.011642156862745098
1 0.5256781045751634 0.28346047794117646 0.020310457516339867 0.014837622549019608
1 0.6337826797385621 0.6389399509803921 0.02900326797385621 0.020526960784313725
1 0.3073937908496732 0.4244791666666667 0.026552287581699346 0.01991421568627451
1 0.7753267973856209 0.602328431372549 0.025326797385620915 0.017769607843137254
0 0.641748366013072 0.936734068627451 0.02287581699346405 0.015625
1 0.3815645424836602 0.4792539828431373 0.02620098039215686 0.017331495098039214
1 0.577001633986928 0.6078431372549019 0.02165032679738562 0.016544117647058824
0 0.042483660130718956 0.9231004901960784 0.03022875816993464 0.020833333333333332
1 0.5901899509803922 0.5549724264705883 0.024334150326797387 0.018033088235294117
0 0.21180555555555555 0.8583026960784313 0.024101307189542485 0.01685049019607843
1 0.548202614379085 0.7306985294117647 0.028594771241830064 0.020833333333333332
1 0.1860702614379085 0.7081801470588235 0.02165032679738562 0.015625
1 0.562062908496732 0.3147533700980392 0.02363562091503268 0.017987132352941176
1 0.5364746732026143 0.699952512254902 0.025563725490196077 0.017552083333333333
1 0.41237745098039214 0.6193321078431373 0.024918300653594773 0.017463235294117647
1 0.36356209150326796 0.6197916666666666 0.026143790849673203 0.02022058823529412
0 0.375 0.9707414215686274 0.024509803921568627 0.019301470588235295
1 0.11437908496732026 0.7605698529411765 0.028594771241830064 0.020526960784313725
0 0.7291666666666666 0.9013480392156863 0.022058823529411766 0.015318627450980392
0 0.8715277777777778 0.9157475490196079 0.02165032679738562 0.01715686274509804
0 0.17585784313725492 0.9636948529411765 0.027369281045751634 0.02420343137254902
0 0.8711192810457516 0.7879901960784313 0.02246732026143791 0.015318627450980392
1 0.600110294117647 0.41169883578431377 0.01639705882352941 0.010284926470588235
1 0.5471058006535948 0.6944592524509804 0.028035130718954245 0.01882046568627451