0 0.13071895424836602 0.6171875 0.013888888888888888 0.008884803921568627
0 0.20751633986928106 0.6617647058823529 0.015522875816993464 0.00980392156862745
1 0.4464644607843137 0.23359221813725492 0.015477941176470588 0.01191482843137255
0 0.5518790849673203 0.6299019607843137 0.017973856209150325 0.010416666666666666
1 0.7639133986928104 0.42912530637254903 0.014754901960784312 0.010824142156862745
1 0.5310477941176471 0.41241115196078426 0.018794934640522874 0.014160539215686274
0 0.5157271241830066 0.6314338235294118 0.01511437908496732 0.00980392156862745
0 0.8658088235294118 0.6550245098039216 0.01919934640522876 0.013480392156862746
0 0.0392156862745098 0.5811887254901961 0.012254901960784314 0.007965686274509803
0 0.14767156862745098 0.6505821078431373 0.01511437908496732 0.008884803921568627
0 0.8452022058823528 0.5972732843137255 0.013116830065359478 0.008884803921568627
0 0.9040032679738562 0.6747855392156863 0.02369281045751634 0.013174019607843137
0 0.14991830065359477 0.5920649509803921 0.012254901960784314 0.0070465686274509805
0 0.2005718954248366 0.5828737745098039 0.012254901960784314 0.008272058823529412
0 0.14052287581699346 0.5899203431372549 0.011437908496732025 0.007659313725490196
0 0.7001633986928104 0.6012561274509803 0.013888888888888888 0.01011029411764706
1 0.38564338235294116 0.37406403186274506 0.016384803921568627 0.012833946078431373
0 0.7193627450980392 0.649203431372549 0.016339869281045753 0.012867647058823529
0 0.0055147058823529415 0.6643688725490197 0.011029411764705883 0.01011029411764706
0 0.17585784313725492 0.664828431372549 0.014297385620915032 0.010416666666666666
0 0.8931781045751634 0.6220894607843137 0.01838235294117647 0.01133578431372549
1 0.6865257352941176 0.24230698529411765 0.016842320261437907 0.0121875
0 0.44607843137254904 0.6251531862745098 0.014705882352941176 0.01011029411764706
0 0.13786764705882354 0.6861213235294118 0.01511437908496732 0.01011029411764706
1 0.5146854575163399 0.4131602328431373 0.02201797385620915 0.015658700980392157
0 0.16544117647058823 0.6735600490196079 0.014705882352941176 0.010723039215686275
0 0.0778186274509804 0.5827205882352942 0.012663398692810458 0.007965686274509803
0 0.09272875816993464 0.5795036764705882 0.013888888888888888 0.008884803921568627
1 0.5612520424836601 0.5229779411764706 0.02201388888888889 0.015318627450980392
1 0.7731474673202614 0.5379901960784313 0.020151143790849674 0.014093137254901961
0 0.2949346405228758 0.6340379901960784 0.015522875816993464 0.010723039215686275
0 0.8535539215686274 0.6102941176470589 0.014297385620915032 0.00980392156862745
1 0.3263888888888889 0.3611795343137255 0.01715686274509804 0.011574754901960785
0 0.5853758169934641 0.6372549019607843 0.017973856209150325 0.011642156862745098
0 0.5502450980392157 0.6435355392156863 0.014705882352941176 0.01011029411764706
0 0.9213643790849673 0.6292892156862745 0.020016339869281044 0.012867647058823529
1 0.4830923202614379 0.4573115808823529 0.026642156862745098 0.02001531862745098
1 0.5807700163398692 0.22564338235294118 0.018566176470588235 0.014399509803921568
1 0.471156045751634 0.5195052083333334 0.01829248366013072 0.013275122549019608
0 0.5955882352941176 0.6577818627450981 0.01715686274509804 0.010416666666666666
0 0.12152777777777778 0.6178002450980392 0.013480392156862746 0.008884803921568627
0 0.15257352941176472 0.6132046568627451 0.014297385620915032 0.008884803921568627
0 0.9172794117647058 0.6608455882352942 0.020833333333333332 0.014093137254901961
0 0.08741830065359477 0.5689338235294118 0.014705882352941176 0.00980392156862745
0 0.16993464052287582 0.5886948529411765 0.013888888888888888 0.008884803921568627
1 0.3737745098039216 0.5687469362745098 0.02369281045751634 0.01678308823529412
0 0.4309640522875817 0.7394301470588235 0.017973856209150325 0.013786764705882353
1 0.33498978758169934 0.2797012867647059 0.020469771241830064 0.01467218137254902
0 0.4362745098039216 0.6599264705882353 0.01715686274509804 0.011029411764705883
0 0.06883169934640523 0.6674325980392157 0.016748366013071895 0.01133578431372549
0 0.9675245098039216 0.6470588235294118 0.01919934640522876 0.011642156862745098
0 0.6652369281045751 0.7841605392156863 0.020016339869281044 0.015012254901960785
1 0.32582107843137254 0.41219056372549023 0.021740196078431372 0.016170343137254902
1 0.9388398692810458 0.5522702205882353 0.019836601307189543 0.013854166666666666
0 0.46078431372549017 0.688265931372549 0.017973856209150325 0.012561274509803922
1 0.3006535947712418 0.4038158700980392 0.022058823529411766 0.015965073529411764
1 0.623796977124183 0.306968443627451 0.021286764705882352 0.015897671568627453
0 0.05780228758169935 0.6628370098039216 0.01919934640522876 0.013174019607843137
1 0.2769607843137255 0.36727328431372547 0.022058823529411766 0.015183823529411765
0 0.5586192810457516 0.7647058823529411 0.027369281045751634 0.02022058823529412
1 0.7756740196078431 0.43584865196078426 0.01866830065359477 0.011403186274509803
1 0.5122610294117648 0.4037132352941177 0.0188031045751634 0.012083333333333333
1 0.5208476307189542 0.3998330269607843 0.02045343137254902 0.014126838235294117