0 0.9021650326797386 0.7213541666666666 0.01511437908496732 0.012561274509803922
0 0.9793709150326797 0.7270220588235294 0.017565359477124183 0.011029411764705883
0 0.10927287581699346 0.6634497549019608 0.017565359477124183 0.011948529411764705
0 0.0798611111111111 0.6510416666666666 0.01838235294117647 0.010416666666666666
0 0.7575571895424836 0.7192095588235294 0.01511437908496732 0.009497549019607842
0 0.9031862745098039 0.7156862745098039 0.016339869281045753 0.011029411764705883
0 0.08537581699346405 0.6724877450980392 0.015522875816993464 0.010416666666666666
0 0.9052287581699346 0.6662071078431373 0.014705882352941176 0.009497549019607842
1 0.1890829248366013 0.42635569852941174 0.009701797385620915 0.007735906862745098
0 0.7430555555555556 0.7035845588235294 0.022058823529411766 0.01133578431372549
1 0.09783496732026144 0.48238357843137253 0.01838235294117647 0.011948529411764705
1 0.12438725490196079 0.4791666666666667 0.01919934640522876 0.013480392156862746
1 0.08374183006535947 0.4925965073529412 0.014705882352941176 0.012153799019607843
0 0.84375 0.7941176470588235 0.01919934640522876 0.012867647058823529
0 0.1090686274509804 0.6683517156862745 0.016339869281045753 0.01133578431372549
0 0.017973856209150325 0.6158088235294118 0.022058823529411766 0.012254901960784314
0 0.8964460784313726 0.8071384803921569 0.024918300653594773 0.015625
0 0.9738562091503268 0.7945772058823529 0.018790849673202614 0.013174019607843137
1 0.9037316176470589 0.5507306985294118 0.02560049019607843 0.016289828431372548
0 0.8703022875816994 0.7124693627450981 0.01511437908496732 0.010723039215686275
0 0.02144607843137255 0.6931678921568627 0.01919934640522876 0.012561274509803922
0 0.9424019607843137 0.6885723039215687 0.016339869281045753 0.01011029411764706
0 0.0718954248366013 0.8174019607843137 0.024509803921568627 0.015931372549019607
1 0.07291666666666667 0.515625 0.020833333333333332 0.014093137254901961
0 0.8709150326797386 0.6939338235294118 0.016339869281045753 0.00980392156862745
0 0.8890931372549019 0.7887561274509803 0.02165032679738562 0.013786764705882353
1 0.009548611111111112 0.3489583333333333 0.018280228758169936 0.014093137254901961
1 0.006740196078431373 0.4921875 0.013480392156862746 0.015012254901960785
0 0.1119281045751634 0.6545649509803921 0.01715686274509804 0.01011029411764706
1 0.0835375816993464 0.5249693627450981 0.02165032679738562 0.013786764705882353
1 0.1119281045751634 0.5024509803921569 0.017973856209150325 0.011642156862745098
1 0.08455882352941177 0.5061274509803921 0.021241830065359478 0.014705882352941176
1 0.8866421568627451 0.5454457720588235 0.02165032679738562 0.017974877450980392
0 0.125 0.6421568627450981 0.016339869281045753 0.011029411764705883
0 0.34620098039215685 0.6999080882352942 0.020016339869281044 0.012561274509803922
0 0.9891748366013072 0.6982230392156863 0.01838235294117647 0.011642156862745098
0 0.013071895424836602 0.6597732843137255 0.018790849673202614 0.011948529411764705
1 0.010212418300653595 0.5052083333333334 0.0196078431372549 0.015318627450980392
1 0.07315563725490197 0.49428155637254906 0.019677287581699347 0.013072916666666667
1 0.045004084967320265 0.5688066789215687 0.016478758169934642 0.011387867647058824
1 0.021719771241830065 0.5502711397058824 0.02056372549019608 0.013532475490196079
0 0.9352532679738562 0.7020526960784313 0.020833333333333332 0.013786764705882353
0 0.08169934640522876 0.8259803921568627 0.028594771241830064 0.02022058823529412
0 0.9677287581699346 0.7852328431372549 0.025326797385620915 0.014705882352941176
1 0.14751838235294118 0.4154794730392157 0.01889297385620915 0.012944240196078432
1 0.06975081699346405 0.5501945465686274 0.01940359477124183 0.01276654411764706
0 0.8519199346405228 0.7829350490196079 0.026552287581699346 0.018075980392156864
0 0.07209967320261437 0.8022365196078431 0.025735294117647058 0.016237745098039217
1 0.12724673202614378 0.4889705882352941 0.01919934640522876 0.013480392156862746
1 0.867953431372549 0.5425352328431373 0.024305555555555556 0.015830269607843138
0 0.8316993464052288 0.6916360294117647 0.017973856209150325 0.01133578431372549
0 0.9160539215686274 0.7314644607843137 0.024918300653594773 0.016237745098039217
1 0.0661764705882353 0.30392156862745096 0.028594771241830064 0.018995098039215685
0 0.7367238562091504 0.8411458333333334 0.020016339869281044 0.015625
1 0.9532271241830066 0.5663296568627451 0.03227124183006536 0.01991421568627451
0 0.9234068627450981 0.7769607843137255 0.020833333333333332 0.014705882352941176
0 0.02144607843137255 0.6743259803921569 0.02165032679738562 0.014093137254901961
0 0.766952614379085 0.7959558823529411 0.026552287581699346 0.0196078431372549
1 0.24302083333333332 0.4612821691176471 0.008100490196078431 0.006510416666666667
1 0.30025531045751636 0.43570006127450983 0.006556372549019608 0.004978553921568627
1 0.8175714869281046 0.37865042892156864 0.006874999999999999 0.004849877450980392
1 0.8019138071895425 0.3825827205882353 0.007422385620915033 0.005361519607843137
1 0.8213174019607843 0.4197564338235294 0.006196895424836602 0.004341299019607843
1 0.8101164215686274 0.39887101715686274 0.005853758169934641 0.004849877450980392
1 0.8092320261437909 0.4227680759803921 0.006535947712418301 0.004849877450980392
1 0.8034783496732026 0.4554488357843137 0.004015522875816993 0.002809436274509804