0 0.8938500816993464 0.6759666053921569 0.012373366013071894 0.010021446078431372
1 0.4190604575163398 0.3878232230392157 0.014591503267973855 0.010940563725490196
1 0.9094301470588235 0.6819852941176471 0.019023692810457515 0.013480392156862746
0 0.8686683006535948 0.8279718137254902 0.02246732026143791 0.017463235294117647
0 0.8594771241830066 0.7064950980392157 0.015522875816993464 0.010416666666666666
1 0.8735416666666665 0.6155897671568628 0.01587418300653595 0.011816789215686274
0 0.3541666666666667 0.7665441176470589 0.01715686274509804 0.011029411764705883
0 0.9693627450980392 0.8362438725490197 0.017973856209150325 0.013786764705882353
1 0.3255718954248366 0.6184129901960784 0.01715686274509804 0.01133578431372549
0 0.9771241830065359 0.8120404411764706 0.022058823529411766 0.014399509803921568
0 0.6691176470588235 0.6634497549019608 0.014705882352941176 0.010723039215686275
0 0.9303513071895425 0.7325367647058824 0.016748366013071895 0.010416666666666666
0 0.0053104575163398695 0.6594669117647058 0.00980392156862745 0.008272058823529412
0 0.32802287581699346 0.8385416666666666 0.017973856209150325 0.012867647058823529
0 0.7279411764705882 0.8509497549019608 0.016339869281045753 0.01133578431372549
0 0.42401960784313725 0.7774203431372549 0.018790849673202614 0.012561274509803922
0 0.8580187908496731 0.6731878063725489 0.012606209150326796 0.009978553921568628
0 0.9595016339869281 0.6384803921568627 0.014591503267973855 0.00980392156862745
0 0.9438316993464052 0.7316176470588235 0.014297385620915032 0.00980392156862745
1 0.5727124183006536 0.7910539215686274 0.0196078431372549 0.017769607843137254
0 0.3098447712418301 0.7861519607843137 0.01838235294117647 0.011642156862745098
1 0.5379901960784313 0.7375919117647058 0.025326797385620915 0.015625
0 0.2618464052287582 0.8172487745098039 0.021241830065359478 0.013174019607843137
0 0.7250816993464052 0.7951899509803921 0.01715686274509804 0.01133578431372549
0 0.26715686274509803 0.8261335784313726 0.021241830065359478 0.013786764705882353
0 0.7640931372549019 0.8244485294117647 0.020016339869281044 0.013480392156862746
1 0.6015563725490196 0.7762454044117647 0.020106209150326796 0.015113357843137254
0 0.9779411764705882 0.6469056372549019 0.014705882352941176 0.010723039215686275
0 0.24979575163398693 0.8336397058823529 0.01919934640522876 0.014705882352941176
0 0.8075980392156863 0.8314950980392157 0.01715686274509804 0.013480392156862746
0 0.7834967320261438 0.8180147058823529 0.02287581699346405 0.015318627450980392
1 0.3212826797385621 0.6835171568627451 0.01919934640522876 0.012867647058823529
1 0.2638888888888889 0.5886948529411765 0.024509803921568627 0.016237745098039217
0 0.3492647058823529 0.7766544117647058 0.01715686274509804 0.010416666666666666
0 0.7195669934640523 0.7378982843137255 0.020833333333333332 0.013174019607843137
1 0.9020486111111111 0.6392677696078432 0.01406454248366013 0.011378676470588236
0 0.8410947712418301 0.7072610294117647 0.016339869281045753 0.01011029411764706
0 0.9579248366013072 0.734375 0.015522875816993464 0.010416666666666666
0 0.5069444444444444 0.7650122549019608 0.017973856209150325 0.012254901960784314
0 0.19914215686274508 0.8348651960784313 0.020833333333333332 0.014093137254901961
1 0.3785906862745098 0.40657781862745096 0.021887254901960782 0.015361519607843137
1 0.3457924836601307 0.6996017156862745 0.020833333333333332 0.013786764705882353
0 0.10559640522875817 0.6300551470588235 0.016748366013071895 0.01133578431372549
1 0.7441053921568627 0.6884191176470589 0.024158496732026143 0.017769607843137254
0 0.6558415032679739 0.6727941176470589 0.015931372549019607 0.011642156862745098
0 0.9824346405228758 0.6881127450980392 0.017973856209150325 0.011642156862745098
0 0.23345588235294118 0.8048406862745098 0.020833333333333332 0.014093137254901961
0 0.8116830065359477 0.8818933823529411 0.029411764705882353 0.01685049019607843
1 0.17565359477124182 0.5332414215686274 0.026143790849673203 0.016237745098039217
0 0.18075980392156862 0.8383884803921569 0.01838235294117647 0.011948529411764705
0 0.8490604575163399 0.7571997549019608 0.020016339869281044 0.014399509803921568
0 0.8237336601307189 0.8265931372549019 0.020016339869281044 0.014705882352941176
0 0.7295751633986928 0.8627450980392157 0.02042483660130719 0.015931372549019607
1 0.383374183006536 0.3729212622549019 0.016748366013071895 0.012386642156862745
0 0.10804738562091504 0.7936580882352942 0.024918300653594773 0.014399509803921568
1 0.19324754901960783 0.5422579656862745 0.021299019607843136 0.0134375
0 0.23488562091503268 0.7720588235294118 0.01715686274509804 0.012254901960784314
0 0.4477124183006536 0.7732843137254902 0.02287581699346405 0.015318627450980392
0 0.9662990196078431 0.6969975490196079 0.020833333333333332 0.011642156862745098
1 0.1367299836601307 0.5285140931372548 0.0259109477124183 0.017199754901960785
0 0.8762254901960784 0.7490808823529411 0.018790849673202614 0.012254901960784314
0 0.4728349673202614 0.7843137254901961 0.02165032679738562 0.014705882352941176
0 0.32393790849673204 0.7653186274509803 0.018790849673202614 0.012867647058823529
1 0.5249183006535948 0.6744791666666666 0.02369281045751634 0.016237745098039217
1 0.29064542483660133 0.6043198529411765 0.024101307189542485 0.019301470588235295
1 0.10116217320261438 0.4940701593137255 0.024219771241830064 0.016939338235294116
0 0.3431372549019608 0.8448223039215687 0.0196078431372549 0.014399509803921568
1 0.39673815359477127 0.4203216911764706 0.02141748366013072 0.015888480392156863
1 0.9418770424836602 0.6132705269607843 0.01855800653594771 0.012080269607843136
0 0.21405228758169934 0.8013174019607843 0.02287581699346405 0.015625
0 0.29840686274509803 0.8230698529411765 0.024101307189542485 0.017463235294117647
0 0.30923202614379086 0.7579656862745098 0.018790849673202614 0.014705882352941176
0 0.42687908496732024 0.7509191176470589 0.02369281045751634 0.016544117647058824
0 0.9754901960784313 0.6760110294117647 0.017973856209150325 0.011948529411764705
1 0.8821486928104575 0.6698835784313726 0.02246732026143791 0.015625
0 0.40093954248366015 0.8425245098039216 0.01919934640522876 0.014705882352941176
0 0.6274509803921569 0.8129595588235294 0.021241830065359478 0.01685049019607843
0 0.36213235294117646 0.8129595588235294 0.020833333333333332 0.015625
1 0.14808006535947713 0.5166973039215687 0.024918300653594773 0.017463235294117647
1 0.7156862745098039 0.7239583333333334 0.024509803921568627 0.016544117647058824
1 0.2936213235294117 0.6677175245098038 0.021066176470588234 0.014969362745098039
0 0.03125 0.7291666666666666 0.017565359477124183 0.012254901960784314
1 0.2707455065359477 0.3003982843137255 0.01943218954248366 0.014399509803921568
0 0.22303921568627452 0.8187806372549019 0.02287581699346405 0.015012254901960785
1 0.304125816993464 0.6115196078431373 0.02900326797385621 0.0196078431372549
0 0.9178921568627451 0.7166053921568627 0.021241830065359478 0.014093137254901961
0 0.29820261437908496 0.8583026960784313 0.022058823529411766 0.016237745098039217
1 0.2201797385620915 0.5935968137254902 0.026143790849673203 0.017463235294117647
1 0.5906862745098039 0.7904411764705882 0.03022875816993464 0.02144607843137255
1 0.252859477124183 0.6009497549019608 0.028594771241830064 0.019301470588235295
0 0.28288398692810457 0.8452818627450981 0.028186274509803922 0.01838235294117647
0 0.17320261437908496 0.8504901960784313 0.021241830065359478 0.014705882352941176
0 0.5098039215686274 0.8275122549019608 0.021241830065359478 0.015318627450980392
1 0.1395016339869281 0.4875919117647059 0.025735294117647058 0.018075980392156864
0 0.2877859477124183 0.8034620098039216 0.025735294117647058 0.017463235294117647
0 0.32598039215686275 0.8212316176470589 0.022058823529411766 0.016237745098039217
1 0.36764705882352944 0.5574448529411765 0.029411764705882353 0.01991421568627451
1 0.3002450980392157 0.6344975490196079 0.03022875816993464 0.02022058823529412
0 0.8827614379084967 0.7936580882352942 0.03104575163398693 0.019301470588235295
0 0.15604575163398693 0.8040747549019608 0.02369281045751634 0.017463235294117647
1 0.19225694444444444 0.5535493259803922 0.023402777777777776 0.01641237745098039
0 0.548202614379085 0.8939950980392157 0.02696078431372549 0.020833333333333332
0 0.41217320261437906 0.8131127450980392 0.02369281045751634 0.015931372549019607
1 0.18615808823529412 0.43861672794117645 0.024276960784313725 0.017552083333333333
0 0.15951797385620914 0.8953737745098039 0.025735294117647058 0.017463235294117647
1 0.20163807189542485 0.5505729166666666 0.02337418300653595 0.015974264705882354
1 0.21590686274509802 0.5491942401960784 0.018415032679738562 0.014442401960784314