0 0.14276960784313725 0.6980698529411765 0.013480392156862746 0.008884803921568627
1 0.07829452614379084 0.5715379901960784 0.018517156862745097 0.013174019607843137
1 0.06532475490196078 0.2887300857843137 0.01872140522875817 0.01373468137254902
1 0.051913807189542485 0.31594669117647056 0.021311274509803923 0.01485906862745098
0 0.829248366013072 0.6611519607843137 0.016339869281045753 0.010416666666666666
0 0.995812908496732 0.5909420955882353 0.008782679738562092 0.014604779411764706
1 0.18246119281045753 0.5294117647058824 0.015249183006535947 0.011029411764705883
0 0.23999183006535948 0.6600796568627451 0.01511437908496732 0.01011029411764706
0 0.1527777777777778 0.6933210784313726 0.015522875816993464 0.00980392156862745
0 0.07924836601307189 0.7175245098039216 0.0196078431372549 0.012254901960784314
0 0.08925653594771242 0.7205882352941176 0.015931372549019607 0.012254901960784314
0 0.14072712418300654 0.7264093137254902 0.016748366013071895 0.00980392156862745
0 0.1851184640522876 0.6387362132352942 0.014844771241830066 0.009090073529411765
0 0.14195261437908496 0.6605392156862745 0.01511437908496732 0.00980392156862745
0 0.05821078431372549 0.6348039215686274 0.015931372549019607 0.011029411764705883
0 0.08884803921568628 0.6439950980392157 0.01511437908496732 0.010416666666666666
0 0.13316993464052287 0.6519607843137255 0.013888888888888888 0.00980392156862745
0 0.012083333333333333 0.7039675245098039 0.018447712418300653 0.01210171568627451
0 0.0784313725490196 0.8854672181372549 0.026143790849673203 0.016645220588235293
0 0.9248366013071896 0.640625 0.017973856209150325 0.012254901960784314
0 0.1039624183006536 0.6544117647058824 0.015931372549019607 0.010416666666666666
0 0.07809027777777777 0.6985799632352941 0.019742647058823528 0.01296875
0 0.014297385620915032 0.7270220588235294 0.02042483660130719 0.012867647058823529
0 0.2013888888888889 0.696078431372549 0.021241830065359478 0.011642156862745098
1 0.12193627450980392 0.5136335784313726 0.02246732026143791 0.015012254901960785
1 0.0703656045751634 0.5677588848039216 0.016548202614379084 0.013581495098039215
0 0.10069444444444445 0.6897977941176471 0.016748366013071895 0.011948529411764705
0 0.053037173202614384 0.7139751838235294 0.02110702614379085 0.011896446078431372
1 0.05610089869281046 0.37635263480392156 0.02396650326797386 0.016798406862745096
0 0.24468954248366012 0.6518075980392157 0.01715686274509804 0.010723039215686275
1 0.02389705882352941 0.25668964460784316 0.01838235294117647 0.013379289215686275
0 0.06515522875816994 0.6507352941176471 0.015931372549019607 0.011642156862745098
0 0.07785334967320262 0.6484880514705882 0.017634803921568628 0.012049632352941176
0 0.1948529411764706 0.7415747549019608 0.02042483660130719 0.014399509803921568
1 0.057020016339869285 0.28691789215686275 0.020085784313725492 0.015625
0 0.1781045751633987 0.8890931372549019 0.02369281045751634 0.01715686274509804
0 0.28288398692810457 0.7458639705882353 0.02246732026143791 0.01685049019607843
0 0.058459967320261444 0.7195419730392157 0.019697712418300654 0.01200061274509804