1 0.9775694444444445 0.45008884803921567 0.016413398692810457 0.011697303921568628
0 0.025735294117647058 0.688265931372549 0.01715686274509804 0.01011029411764706
1 0.1787173202614379 0.5586703431372549 0.014297385620915032 0.009497549019607842
0 0.06924019607843138 0.6642156862745098 0.014297385620915032 0.00980392156862745
0 0.03901143790849673 0.7035845588235294 0.01184640522875817 0.008272058823529412
0 0.715890522875817 0.727328431372549 0.01838235294117647 0.014705882352941176
1 0.019812091503267973 0.4268321078431373 0.013480392156862746 0.010526960784313725
1 0.0508578431372549 0.40425857843137253 0.014297385620915032 0.01133578431372549
1 0.15381740196078433 0.4725520833333334 0.0200531045751634 0.01434436274509804
0 0.01838235294117647 0.6835171568627451 0.014705882352941176 0.00980392156862745
1 0.03329248366013072 0.4580269607843137 0.013480392156862746 0.00980392156862745
1 0.04411764705882353 0.41253063725490197 0.01715686274509804 0.01133578431372549
1 0.06381740196078431 0.4139782475490196 0.024693627450980395 0.015456495098039216
0 0.275531045751634 0.688265931372549 0.01511437908496732 0.01133578431372549
0 0.883578431372549 0.7243489583333333 0.021241830065359478 0.013036151960784313
1 0.10479779411764706 0.6297763480392158 0.018419117647058825 0.012616421568627452
1 0.08394607843137254 0.6018688725490197 0.01919934640522876 0.012561274509803922
1 0.007761437908496732 0.44577205882352944 0.015522875816993464 0.011642156862745098
1 0.07332516339869281 0.625 0.015931372549019607 0.011029411764705883
1 0.24387254901960784 0.6384803921568627 0.021241830065359478 0.014093137254901961
1 0.032066993464052285 0.5784313725490197 0.012663398692810458 0.00980392156862745
0 0.07720588235294118 0.6868872549019608 0.0196078431372549 0.011642156862745098
1 0.02673815359477124 0.6233425245098039 0.01671160130718954 0.012003676470588235
0 0.5157271241830066 0.8143382352941176 0.01919934640522876 0.014093137254901961
1 0.026088643790849672 0.6106847426470589 0.017046568627450978 0.012423406862745097
1 0.21180555555555555 0.43642769607843135 0.02246732026143791 0.01685049019607843
1 0.08496732026143791 0.6185661764705882 0.01715686274509804 0.012254901960784314
1 0.014464869281045751 0.6176470588235294 0.015857843137254902 0.012254901960784314
0 0.3014705882352941 0.803921568627451 0.022058823529411766 0.01715686274509804
1 0.09692401960784314 0.6365579044117646 0.019011437908496732 0.012699142156862747
1 0.0656045751633987 0.4080606617647059 0.020098039215686276 0.0128125
0 0.5308333333333334 0.8001332720588236 0.024084967320261438 0.017545955882352943