0 0.9385212418300654 0.7974877450980392 0.01511437908496732 0.011029411764705883
0 0.8378267973856209 0.6672794117647058 0.013071895424836602 0.010416666666666666
0 0.741421568627451 0.7659313725490197 0.016339869281045753 0.012867647058823529
1 0.6531862745098039 0.45925245098039214 0.0196078431372549 0.013480392156862746
0 0.6006944444444444 0.6942401960784313 0.020016339869281044 0.013480392156862746
0 0.8031045751633987 0.6930147058823529 0.013071895424836602 0.009191176470588236
0 0.9613970588235294 0.6300551470588235 0.012663398692810458 0.0070465686274509805
0 0.9706576797385621 0.6290333946078431 0.01402777777777778 0.010517769607843137
1 0.9724938725490196 0.5030637254901961 0.020151143790849674 0.012867647058823529
0 0.9146241830065359 0.6758578431372549 0.013888888888888888 0.010416666666666666
0 0.07250816993464053 0.907015931372549 0.023284313725490197 0.01685049019607843
0 0.6942401960784313 0.6876531862745098 0.016748366013071895 0.011948529411764705
0 0.6762663398692811 0.7666973039215687 0.015931372549019607 0.012561274509803922
1 0.03417687908496732 0.6729473039215687 0.018517156862745097 0.013786764705882353
0 0.7685866013071896 0.6323529411764706 0.014297385620915032 0.009191176470588236
0 0.4250408496732026 0.7544424019607843 0.017565359477124183 0.012561274509803922
1 0.04616013071895425 0.6703431372549019 0.017973856209150325 0.015318627450980392
0 0.8991013071895425 0.7032781862745098 0.017973856209150325 0.012561274509803922
0 0.9421977124183006 0.7196691176470589 0.017565359477124183 0.010416666666666666
0 0.9293300653594772 0.6691176470588235 0.016339869281045753 0.011029411764705883
1 0.8231903594771243 0.4995909926470588 0.01729575163398693 0.013275122549019608
1 0.0676062091503268 0.6666161151960784 0.020833333333333332 0.015830269607843138
1 0.7659313725490197 0.6112132352941176 0.018790849673202614 0.012867647058823529
1 0.9683415032679739 0.5414629289215687 0.020833333333333332 0.014298406862745099
0 0.9634395424836601 0.6887254901960784 0.015931372549019607 0.011029411764705883
1 0.9328022875816994 0.5336504289215687 0.01919934640522876 0.01276654411764706
1 0.026552287581699346 0.6488970588235294 0.025326797385620915 0.01838235294117647
1 0.8164195261437909 0.4973452818627451 0.016008986928104575 0.011847426470588236
1 0.8319383169934641 0.4068627450980392 0.011915849673202614 0.00857843137254902