1 0.8879268790849673 0.4358363970588235 0.009513888888888888 0.008314950980392158
0 0.3304738562091503 0.9178921568627451 0.02287581699346405 0.014093137254901961
0 0.046977124183006536 0.6870404411764706 0.014705882352941176 0.009497549019607842
0 0.25592320261437906 0.7892156862745098 0.016748366013071895 0.012867647058823529
1 0.963031045751634 0.484375 0.01838235294117647 0.012867647058823529
0 0.058823529411764705 0.7190563725490197 0.015522875816993464 0.00980392156862745
1 0.9703839869281046 0.6568627450980392 0.017565359477124183 0.012867647058823529
0 0.01613562091503268 0.6841299019607843 0.01511437908496732 0.009191176470588236
0 0.29187091503267976 0.7542892156862745 0.020833333333333332 0.015318627450980392
0 0.18586601307189543 0.6887254901960784 0.01715686274509804 0.011029411764705883
1 0.06658496732026144 0.46338848039215685 0.025326797385620915 0.017463235294117647
0 0.26429738562091504 0.7628676470588235 0.0196078431372549 0.015318627450980392
0 0.8925653594771242 0.680453431372549 0.01715686274509804 0.012254901960784314
0 0.14583333333333334 0.6799938725490197 0.014705882352941176 0.01011029411764706
1 0.010416666666666666 0.46139705882352944 0.020833333333333332 0.01838235294117647
0 0.465890522875817 0.8396139705882353 0.020016339869281044 0.015625
0 0.6879084967320261 0.8783700980392157 0.02287581699346405 0.016544117647058824
0 0.2207924836601307 0.8892463235294118 0.025735294117647058 0.019301470588235295
1 0.8202675653594772 0.47194546568627455 0.009816176470588236 0.007003676470588235
1 0.8997406045751635 0.4430147058823529 0.008631535947712418 0.006127450980392157