0 0.5718709150326797 0.6472120098039216 0.011388888888888888 0.006433823529411764
0 0.8545751633986928 0.7095588235294118 0.022058823529411766 0.013480392156862746
0 0.9426062091503268 0.6302083333333334 0.01184640522875817 0.007352941176470588
0 0.971609477124183 0.625765931372549 0.012663398692810458 0.007659313725490196
0 0.8678288398692812 0.6179365808823529 0.010984477124183007 0.0073192401960784316
0 0.2724673202614379 0.7040441176470589 0.014705882352941176 0.011642156862745098
0 0.9154411764705882 0.7650122549019608 0.015522875816993464 0.010416666666666666
0 0.9400183823529411 0.6213740808823529 0.011572712418300653 0.006841299019607843
0 0.633578431372549 0.6505821078431373 0.012254901960784314 0.008272058823529412
0 0.7424428104575164 0.7162990196078431 0.013480392156862746 0.009191176470588236
0 0.7871732026143791 0.7147671568627451 0.016339869281045753 0.010416666666666666
0 0.7383578431372549 0.6979166666666666 0.012663398692810458 0.00980392156862745
0 0.9146241830065359 0.6260723039215687 0.011437908496732025 0.007659313725490196
0 0.6016911764705882 0.6449325980392157 0.011388888888888888 0.0073897058823529415
0 0.8169934640522876 0.6924019607843137 0.016339869281045753 0.012254901960784314
1 0.9613970588235294 0.45879289215686275 0.02165032679738562 0.015625
1 0.07427287581699346 0.5299402573529411 0.018643790849673204 0.013311887254901962
0 0.6181638071895426 0.641734068627451 0.01247140522875817 0.0071200980392156854
0 0.8251633986928104 0.6971507352941176 0.021241830065359478 0.013786764705882353
0 0.010008169934640522 0.6890318627450981 0.017565359477124183 0.012867647058823529
0 0.8026960784313726 0.7224264705882353 0.015522875816993464 0.011642156862745098
0 0.9366830065359477 0.6901041666666666 0.021241830065359478 0.013786764705882353
0 0.8739787581699346 0.8272058823529411 0.02165032679738562 0.015318627450980392
0 0.6345669934640523 0.6296323529411765 0.009330065359477124 0.0055882352941176465
0 0.6178696895424837 0.6468964460784313 0.01270016339869281 0.010091911764705882
0 0.8247467320261438 0.6271614583333334 0.008153594771241831 0.004935661764705882
0 0.9573999183006536 0.6221568627450981 0.010388071895424837 0.005955882352941177