0 0.23059640522875818 0.8714767156862745 0.017565359477124183 0.011948529411764705
0 0.44054534313725485 0.7424525122549019 0.011809640522875817 0.008189338235294118
0 0.3958333333333333 0.7700674019607843 0.015522875816993464 0.008884803921568627
0 0.9440359477124183 0.7970281862745098 0.016339869281045753 0.01133578431372549
1 0.14726307189542484 0.6000306372549019 0.01511437908496732 0.01011029411764706
0 0.9764195261437909 0.7506678921568627 0.014930555555555555 0.009301470588235295
1 0.6280637254901961 0.7476746323529412 0.016748366013071895 0.012506127450980392
0 0.713031045751634 0.8910845588235294 0.014297385620915032 0.01011029411764706
0 0.5592320261437909 0.9039522058823529 0.017973856209150325 0.01133578431372549
0 0.2930228758169935 0.926358762254902 0.019052287581699346 0.01509497549019608
0 0.30637254901960786 0.8448223039215687 0.0196078431372549 0.010723039215686275
0 0.21351307189542482 0.897296262254902 0.020980392156862746 0.015180759803921568
0 0.5547385620915033 0.914828431372549 0.02042483660130719 0.012254901960784314
0 0.9217728758169934 0.7918198529411765 0.014297385620915032 0.009497549019607842
0 0.6750408496732027 0.8304227941176471 0.017565359477124183 0.012561274509803922
0 0.3639705882352941 0.8270526960784313 0.014705882352941176 0.010723039215686275
0 0.23304738562091504 0.8681066176470589 0.01511437908496732 0.010723039215686275
0 0.25919117647058826 0.7647058823529411 0.014297385620915032 0.00980392156862745
1 0.6405228758169934 0.8157169117647058 0.0196078431372549 0.015012254901960785
0 0.2757352941176471 0.749234068627451 0.014705882352941176 0.01011029411764706
0 0.7120098039215687 0.9039522058823529 0.015522875816993464 0.010723039215686275
0 0.5919117647058824 0.8828125 0.016339869281045753 0.011948529411764705
0 0.14910130718954248 0.7316176470588235 0.012254901960784314 0.00857843137254902
0 0.6870915032679739 0.8987438725490197 0.01715686274509804 0.012561274509803922
0 0.3151552287581699 0.7496936274509803 0.015931372549019607 0.00980392156862745
0 0.6411356209150327 0.7228860294117647 0.015931372549019607 0.010723039215686275
0 0.7890114379084967 0.8314950980392157 0.016748366013071895 0.010416666666666666
0 0.7632761437908496 0.8060661764705882 0.01511437908496732 0.010416666666666666
0 0.44611519607843136 0.7354473039215687 0.013145424836601307 0.009497549019607842
0 0.3555964052287582 0.8658088235294118 0.017565359477124183 0.013480392156862746
0 0.1488970588235294 0.7527573529411765 0.012663398692810458 0.00857843137254902
0 0.3290441176470588 0.8474264705882353 0.015931372549019607 0.010416666666666666
0 0.29125816993464054 0.7368259803921569 0.014705882352941176 0.00980392156862745
0 0.5404411764705882 0.9684436274509803 0.02369281045751634 0.01715686274509804
0 0.10518790849673203 0.7610294117647058 0.013480392156862746 0.009191176470588236
0 0.5774101307189542 0.8782169117647058 0.015931372549019607 0.01133578431372549
1 0.6268382352941176 0.8337928921568627 0.02165032679738562 0.016237745098039217
0 0.05923202614379085 0.7614889705882353 0.013888888888888888 0.009497549019607842
0 0.30494281045751637 0.7942708333333334 0.017565359477124183 0.011948529411764705
0 0.4993872549019608 0.8965992647058824 0.017565359477124183 0.011948529411764705
0 0.06781045751633986 0.7555147058823529 0.013888888888888888 0.009191176470588236
0 0.7177287581699346 0.8270526960784313 0.01715686274509804 0.012561274509803922
0 0.7881944444444444 0.8388480392156863 0.016748366013071895 0.011029411764705883
0 0.741421568627451 0.9057904411764706 0.018790849673202614 0.012561274509803922
0 0.18382352941176472 0.7166053921568627 0.013071895424836602 0.009191176470588236
1 0.5711907679738563 0.6105315563725491 0.020649509803921568 0.01640625
0 0.6345996732026143 0.8884803921568627 0.01838235294117647 0.013480392156862746
0 0.23733660130718953 0.8772977941176471 0.01715686274509804 0.01133578431372549
0 0.6235702614379085 0.8799019607843137 0.017565359477124183 0.012867647058823529
0 0.1919934640522876 0.8242953431372549 0.018790849673202614 0.01133578431372549
1 0.6262254901960784 0.8097426470588235 0.02042483660130719 0.015931372549019607
0 0.3874591503267974 0.9273897058823529 0.020833333333333332 0.014705882352941176
0 0.8470179738562091 0.859375 0.015931372549019607 0.011029411764705883
0 0.6674836601307189 0.8981311274509803 0.02369281045751634 0.01685049019607843
0 0.8255718954248366 0.7622549019607843 0.014705882352941176 0.010416666666666666
0 0.8843954248366013 0.9068627450980392 0.018790849673202614 0.012254901960784314
0 0.4354575163398693 0.9839154411764706 0.024509803921568627 0.019301470588235295
0 0.7822712418300654 0.9263174019607843 0.01715686274509804 0.010723039215686275
0 0.20894607843137256 0.9385723039215687 0.017565359477124183 0.011948529411764705
0 0.4632352941176471 0.9626225490196079 0.024509803921568627 0.015931372549019607
0 0.24448529411764705 0.7688419117647058 0.014297385620915032 0.009497549019607842
0 0.6507352941176471 0.8851102941176471 0.018790849673202614 0.014705882352941176
0 0.7340686274509803 0.9175857843137255 0.01715686274509804 0.012254901960784314
0 0.48427287581699346 0.9315257352941176 0.01838235294117647 0.014399509803921568
0 0.18770424836601307 0.9244791666666666 0.016748366013071895 0.013174019607843137
0 0.016748366013071895 0.7565870098039216 0.015522875816993464 0.009497549019607842
0 0.27205882352941174 0.8279718137254902 0.021241830065359478 0.016237745098039217
0 0.5316584967320261 0.9515931372549019 0.024101307189542485 0.018995098039215685
0 0.46772875816993464 0.9500612745098039 0.024509803921568627 0.016544117647058824
0 0.2883986928104575 0.8590686274509803 0.018790849673202614 0.013480392156862746
0 0.7763480392156863 0.9047181372549019 0.017565359477124183 0.013480392156862746
0 0.14052287581699346 0.741421568627451 0.013888888888888888 0.009191176470588236
0 0.33026960784313725 0.8910845588235294 0.020833333333333332 0.015012254901960785
0 0.2079248366013072 0.8328737745098039 0.017973856209150325 0.013174019607843137
1 0.4832516339869281 0.6386335784313726 0.02369281045751634 0.01685049019607843
0 0.8372140522875817 0.7513786764705882 0.01838235294117647 0.012561274509803922
0 0.5279820261437909 0.9215686274509803 0.02165032679738562 0.015318627450980392
0 0.3151552287581699 0.8158700980392157 0.01919934640522876 0.014093137254901961
0 0.4824346405228758 0.8102022058823529 0.0196078431372549 0.014399509803921568
0 0.3006535947712418 0.9105392156862745 0.02696078431372549 0.017769607843137254
1 0.4569035947712418 0.6283700980392157 0.024918300653594773 0.01838235294117647
0 0.26143790849673204 0.8962928921568627 0.021241830065359478 0.01685049019607843
0 0.1556372549019608 0.8262867647058824 0.018790849673202614 0.012867647058823529
0 0.3247549019607843 0.9280024509803921 0.025326797385620915 0.02022058823529412
1 0.5449162581699346 0.7614751838235294 0.0163031045751634 0.012533700980392156
0 0.43369689542483664 0.7350719975490196 0.010367647058823528 0.007521446078431373
0 0.3059906045751634 0.9226271446078431 0.020477941176470588 0.015597426470588234
0 0.9867238562091504 0.7536764705882353 0.013480392156862746 0.009191176470588236