0 0.8880718954248366 0.7242647058823529 0.0196078431372549 0.012867647058823529
1 0.9817851307189542 0.6157674632352941 0.01912581699346405 0.011559436274509803
0 0.23876633986928106 0.6507352941176471 0.013480392156862746 0.009191176470588236
0 0.6944444444444444 0.8412990196078431 0.02287581699346405 0.015931372549019607
1 0.8448080065359478 0.5859926470588236 0.016413398692810457 0.012058823529411764
1 0.3356535947712418 0.6041390931372549 0.015261437908496732 0.010361519607843137
0 0.5990604575163399 0.8655024509803921 0.026552287581699346 0.015318627450980392
0 0.23345588235294118 0.671109068627451 0.01511437908496732 0.01011029411764706
1 0.9932598039215687 0.6269914215686274 0.013480392156862746 0.010723039215686275
1 0.9347528594771242 0.6203354779411765 0.019015522875816992 0.013342524509803921
0 0.4368872549019608 0.8190870098039216 0.01838235294117647 0.014399509803921568
0 0.23508986928104575 0.7231924019607843 0.017565359477124183 0.011948529411764705
0 0.15134803921568626 0.6916360294117647 0.01511437908496732 0.01011029411764706
0 0.24509803921568626 0.6911764705882353 0.016339869281045753 0.011029411764705883
0 0.9564950980392157 0.633578431372549 0.013480392156862746 0.00980392156862745
0 0.44607843137254904 0.7740502450980392 0.021241830065359478 0.015012254901960785
0 0.579452614379085 0.8723958333333334 0.024918300653594773 0.017463235294117647
0 0.9238153594771242 0.7495404411764706 0.020016339869281044 0.012561274509803922
0 0.9470996732026143 0.6461397058823529 0.016748366013071895 0.010416666666666666
0 0.45016339869281047 0.8232230392156863 0.02369281045751634 0.015318627450980392
0 0.9136029411764706 0.7633272058823529 0.020833333333333332 0.014399509803921568
0 0.13562091503267973 0.7306985294117647 0.0196078431372549 0.012254901960784314
0 0.35518790849673204 0.7512254901960784 0.020833333333333332 0.015318627450980392
0 0.13159109477124184 0.7446798406862746 0.022986111111111113 0.013256740196078433
1 0.38558006535947714 0.25974877450980394 0.01380718954248366 0.010306372549019609
1 0.37463235294117647 0.3390992647058823 0.010702614379084967 0.00724264705882353