0 0.47487745098039214 0.6907169117647058 0.012663398692810458 0.008884803921568627
1 0.4854983660130719 0.5088848039215687 0.015931372549019607 0.012254901960784314
0 0.7171160130718954 0.9171262254901961 0.03308823529411765 0.021752450980392156
0 0.8602941176470589 0.7621017156862745 0.022058823529411766 0.015012254901960785
0 0.43280228758169936 0.8639705882352942 0.01838235294117647 0.014093137254901961
0 0.8854166666666666 0.7501531862745098 0.01919934640522876 0.012561274509803922
1 0.3560049019607843 0.6683517156862745 0.025735294117647058 0.018688725490196078
0 0.44056372549019607 0.8771446078431373 0.020833333333333332 0.014093137254901961
1 0.3459967320261438 0.6390931372549019 0.027777777777777776 0.02022058823529412
0 0.45179738562091504 0.6896446078431373 0.015522875816993464 0.011029411764705883
0 0.41421568627450983 0.8452818627450981 0.021241830065359478 0.015318627450980392
0 0.6329656862745098 0.6879595588235294 0.020833333333333332 0.014399509803921568
1 0.3415032679738562 0.6920955882352942 0.027777777777777776 0.018995098039215685
0 0.6229575163398693 0.7041973039215687 0.02042483660130719 0.014399509803921568
0 0.45894607843137253 0.84375 0.020833333333333332 0.015318627450980392
0 0.7734885620915033 0.8322610294117647 0.024101307189542485 0.017463235294117647
1 0.6376368464052288 0.47901348039215685 0.022005718954248365 0.016237745098039217
1 0.9548059640522875 0.40119485294117646 0.016638071895424836 0.013174019607843137
0 0.8915053104575165 0.6757046568627451 0.013402777777777779 0.008272058823529412