0 0.1423611111111111 0.6868872549019608 0.020833333333333332 0.010416666666666666
0 0.056576797385620915 0.6991421568627451 0.020833333333333332 0.012867647058823529
0 0.12071078431372549 0.6246936274509803 0.01511437908496732 0.010416666666666666
0 0.5373774509803921 0.6069240196078431 0.015931372549019607 0.010416666666666666
0 0.032679738562091505 0.6510416666666666 0.022058823529411766 0.012254901960784314
0 0.049836601307189546 0.6306678921568627 0.01715686274509804 0.01011029411764706
0 0.0443218954248366 0.6151960784313726 0.017565359477124183 0.011642156862745098
0 0.021037581699346407 0.6585477941176471 0.02246732026143791 0.013786764705882353
0 0.16176470588235295 0.5942095588235294 0.014705882352941176 0.01011029411764706
0 0.04146241830065359 0.6426164215686274 0.020016339869281044 0.012561274509803922
0 0.20241013071895425 0.5968137254901961 0.013480392156862746 0.009191176470588236
0 0.8647875816993464 0.5810355392156863 0.014705882352941176 0.01011029411764706
1 0.6419873366013072 0.4128109681372549 0.01681781045751634 0.011896446078431372
0 0.06311274509803921 0.5767463235294118 0.016748366013071895 0.01011029411764706
0 0.05943627450980392 0.6564031862745098 0.020016339869281044 0.014399509803921568
0 0.1352124183006536 0.7688419117647058 0.018790849673202614 0.011948529411764705
1 0.9173815359477124 0.3813311887254902 0.016952614379084966 0.012049632352941176
0 0.02287581699346405 0.5946691176470589 0.013888888888888888 0.009191176470588236
0 0.30637254901960786 0.6056985294117647 0.017973856209150325 0.010416666666666666
0 0.16299019607843138 0.5534620098039216 0.014705882352941176 0.01011029411764706
0 0.06781045751633986 0.5626531862745098 0.016339869281045753 0.01011029411764706
1 0.005923202614379085 0.28753063725490197 0.01184640522875817 0.021139705882352942
0 0.05249183006535948 0.5687806372549019 0.01511437908496732 0.008884803921568627
0 0.7120098039215687 0.5980392156862745 0.01715686274509804 0.012867647058823529
0 0.2798202614379085 0.6223958333333334 0.02042483660130719 0.013174019607843137
1 0.8591033496732027 0.5302803308823529 0.01804330065359477 0.011541053921568628
0 0.08619281045751634 0.6639093137254902 0.022058823529411766 0.013480392156862746
0 0.27736928104575165 0.6703431372549019 0.02042483660130719 0.015318627450980392
0 0.25592320261437906 0.5896139705882353 0.020016339869281044 0.01133578431372549
0 0.04534313725490196 0.7135416666666666 0.028594771241830064 0.015931372549019607
0 0.06209150326797386 0.6464460784313726 0.02287581699346405 0.013480392156862746
1 0.009769199346405228 0.4437300857843137 0.019538398692810457 0.014298406862745099
0 0.02900326797385621 0.7012867647058824 0.02369281045751634 0.015318627450980392
0 0.025939542483660132 0.6724877450980392 0.024918300653594773 0.015318627450980392
0 0.5241013071895425 0.7807904411764706 0.02369281045751634 0.018075980392156864
0 0.14767156862745098 0.6038602941176471 0.01919934640522876 0.012254901960784314
0 0.09313725490196079 0.7673100490196079 0.028594771241830064 0.019301470588235295
1 0.004150326797385621 0.43486979166666667 0.008300653594771243 0.012509191176470588