0 0.6881127450980392 0.6479779411764706 0.012663398692810458 0.00980392156862745
1 0.07888684640522876 0.26191329656862744 0.022969771241830063 0.015248161764705883
0 0.2604166666666667 0.6421568627450981 0.013480392156862746 0.007965686274509803
0 0.1090686274509804 0.6050857843137255 0.011437908496732025 0.007352941176470588
0 0.028390522875816993 0.6204044117647058 0.012663398692810458 0.00857843137254902
0 0.9479166666666666 0.678921568627451 0.014297385620915032 0.009191176470588236
0 0.9669117647058824 0.6579350490196079 0.013071895424836602 0.009497549019607842
0 0.6576797385620915 0.7509191176470589 0.014705882352941176 0.011642156862745098
0 0.9246323529411765 0.7758884803921569 0.014297385620915032 0.01011029411764706
0 0.03990808823529411 0.6482368259803921 0.016090686274509804 0.010934436274509803
0 0.809640522875817 0.6678921568627451 0.013071895424836602 0.00980392156862745
1 0.846280637254902 0.36349877450980395 0.016907679738562092 0.011924019607843138
1 0.7831188725490196 0.47888327205882353 0.0213031045751634 0.014751838235294117
0 0.8884803921568627 0.672640931372549 0.011437908496732025 0.008884803921568627
0 0.6799428104575164 0.7677696078431373 0.01511437908496732 0.011642156862745098
0 0.0457516339869281 0.6827512254901961 0.013071895424836602 0.008884803921568627
1 0.1645608660130719 0.7180545343137255 0.02193218954248366 0.016378676470588237
1 0.2028186274509804 0.7204350490196079 0.020016339869281044 0.015012254901960785
0 0.9930555555555556 0.6769301470588235 0.013071895424836602 0.01011029411764706
0 0.17687908496732027 0.6351102941176471 0.015522875816993464 0.012254901960784314
0 0.8815359477124183 0.6593137254901961 0.012254901960784314 0.00857843137254902
0 0.32189542483660133 0.6651348039215687 0.018790849673202614 0.010416666666666666
0 0.06862745098039216 0.6216299019607843 0.013071895424836602 0.007965686274509803
0 0.7238562091503268 0.7801776960784313 0.01715686274509804 0.010723039215686275
0 0.9611928104575164 0.6678921568627451 0.013071895424836602 0.00857843137254902
0 0.17381535947712418 0.7594975490196079 0.015931372549019607 0.011029411764705883
0 0.0443218954248366 0.6220894607843137 0.012663398692810458 0.007659313725490196
1 0.040110294117647056 0.6019745710784313 0.018129084967320262 0.01277267156862745
0 0.18729575163398693 0.6432291666666666 0.013480392156862746 0.01011029411764706
1 0.15604575163398693 0.35294117647058826 0.02042483660130719 0.015931372549019607
0 0.05371732026143791 0.647671568627451 0.014297385620915032 0.00980392156862745
1 0.11877859477124182 0.6953952205882353 0.022687908496732027 0.015790441176470587
1 0.24385620915032682 0.6810539215686274 0.01712418300653595 0.01161764705882353
0 0.7022058823529411 0.7815563725490197 0.015522875816993464 0.010416666666666666
0 0.9313725490196079 0.8053002450980392 0.016339869281045753 0.010723039215686275
0 0.5206290849673203 0.7144607843137255 0.015931372549019607 0.011642156862745098
0 0.9285130718954249 0.6580882352941176 0.013071895424836602 0.009191176470588236
0 0.8143382352941176 0.7901348039215687 0.015931372549019607 0.011642156862745098
0 0.71875 0.7723651960784313 0.016748366013071895 0.010416666666666666
0 0.988562091503268 0.6897977941176471 0.012254901960784314 0.008884803921568627
0 0.8862336601307189 0.7907475490196079 0.016748366013071895 0.010416666666666666
0 0.7949346405228758 0.7463235294117647 0.02042483660130719 0.015318627450980392
0 0.9129901960784313 0.7244178921568627 0.015522875816993464 0.01011029411764706
0 0.7665441176470589 0.7306985294117647 0.017565359477124183 0.012867647058823529
0 0.8129084967320261 0.7522977941176471 0.015522875816993464 0.012561274509803922
0 0.5108251633986928 0.7087928921568627 0.020016339869281044 0.013174019607843137
0 0.7410130718954249 0.6887254901960784 0.014705882352941176 0.00980392156862745
0 0.9536356209150327 0.7676164215686274 0.01919934640522876 0.012561274509803922
0 0.13337418300653595 0.8546262254901961 0.02165032679738562 0.013786764705882353
1 0.815359477124183 0.5641850490196079 0.02042483660130719 0.013786764705882353
1 0.03062295751633987 0.329468443627451 0.022847222222222224 0.015554534313725492
0 0.9901960784313726 0.8382352941176471 0.018790849673202614 0.012867647058823529
0 0.7879901960784313 0.765625 0.018790849673202614 0.012254901960784314
1 0.00857843137254902 0.3088235294117647 0.01715686274509804 0.014705882352941176
1 0.022906454248366015 0.31337162990196077 0.0213031045751634 0.013998161764705882
0 0.4618055555555556 0.7688419117647058 0.020016339869281044 0.013786764705882353
0 0.5957924836601307 0.8647365196078431 0.01838235294117647 0.013786764705882353
0 0.04411764705882353 0.6407781862745098 0.015522875816993464 0.009497549019607842
0 0.20976307189542484 0.6683517156862745 0.017565359477124183 0.01133578431372549
1 0.14250408496732028 0.3484405637254902 0.01866830065359477 0.011832107843137254
0 0.06924019607843138 0.772671568627451 0.014297385620915032 0.011642156862745098
0 0.7299836601307189 0.7895220588235294 0.01715686274509804 0.011642156862745098
0 0.9650735294117647 0.6852022058823529 0.014297385620915032 0.01011029411764706
0 0.10825163398692811 0.7524509803921569 0.017973856209150325 0.011642156862745098
0 0.11315359477124183 0.6576286764705882 0.015522875816993464 0.008884803921568627
0 0.7540849673202614 0.6879595588235294 0.015522875816993464 0.010723039215686275
0 0.3133169934640523 0.6629901960784313 0.016339869281045753 0.010416666666666666
0 0.9881535947712419 0.7821691176470589 0.02042483660130719 0.015931372549019607
0 0.7320261437908496 0.7233455882352942 0.018790849673202614 0.012867647058823529
1 0.18748366013071893 0.3247778799019608 0.017941176470588235 0.01291360294117647
0 0.5725081699346405 0.8256740196078431 0.01919934640522876 0.014093137254901961
1 0.11785130718954248 0.2959558823529412 0.01838235294117647 0.013480392156862746
1 0.8366013071895425 0.5620404411764706 0.022058823529411766 0.015625
0 0.9703839869281046 0.772671568627451 0.02165032679738562 0.012867647058823529
1 0.7497957516339869 0.6219362745098039 0.023284313725490197 0.017769607843137254
0 0.09844771241830065 0.6429227941176471 0.015522875816993464 0.01011029411764706
0 0.8852124183006536 0.7029718137254902 0.016339869281045753 0.01133578431372549
0 0.9873366013071896 0.8218443627450981 0.021241830065359478 0.016237745098039217
0 0.9009395424836601 0.7123161764705882 0.016748366013071895 0.010416666666666666
0 0.8576388888888888 0.7000612745098039 0.015931372549019607 0.010416666666666666
0 0.3486519607843137 0.7869178921568627 0.020833333333333332 0.015012254901960785
0 0.8656045751633987 0.7981004901960784 0.018790849673202614 0.012867647058823529
1 0.1284722222222222 0.28232230392156865 0.020016339869281044 0.012561274509803922
0 0.0573937908496732 0.7553615196078431 0.020016339869281044 0.01133578431372549
0 0.17647058823529413 0.7441789215686274 0.022058823529411766 0.015318627450980392
0 0.24244281045751634 0.8321078431372549 0.01919934640522876 0.013480392156862746
0 0.0923202614379085 0.6136642156862745 0.015522875816993464 0.00980392156862745
0 0.06413398692810457 0.6357230392156863 0.013888888888888888 0.009191176470588236
0 0.8319035947712419 0.8354779411764706 0.02246732026143791 0.015931372549019607
0 0.4795751633986928 0.7628676470588235 0.0196078431372549 0.014093137254901961
0 0.005718954248366013 0.7670036764705882 0.011437908496732025 0.013786764705882353
1 0.8711192810457516 0.3929227941176471 0.01838235294117647 0.013786764705882353
0 0.8743872549019608 0.7789522058823529 0.020833333333333332 0.015012254901960785
0 0.8515114379084967 0.6835171568627451 0.017565359477124183 0.011642156862745098
1 0.8747957516339869 0.5877757352941176 0.01838235294117647 0.013174019607843137
0 0.7653186274509803 0.7688419117647058 0.024918300653594773 0.014399509803921568
1 0.13684640522875818 0.30484068627450983 0.02042483660130719 0.013480392156862746
1 0.9903696895424837 0.5518244485294117 0.01750408496732026 0.016639093137254903
0 0.2340686274509804 0.6669730392156863 0.013888888888888888 0.011029411764705883
0 0.22140522875816993 0.6590073529411765 0.015522875816993464 0.011029411764705883
1 0.09763071895424837 0.27359068627450983 0.02287581699346405 0.014705882352941176
0 0.5177696078431373 0.7253370098039216 0.020833333333333332 0.015012254901960785
1 0.7810457516339869 0.4958639705882353 0.02042483660130719 0.014399509803921568
0 0.7577614379084967 0.8221507352941176 0.021241830065359478 0.015625
0 0.2935049019607843 0.7714460784313726 0.02165032679738562 0.016544117647058824
0 0.056576797385620915 0.7769607843137255 0.020833333333333332 0.015318627450980392
0 0.7446895424836601 0.7662377450980392 0.017973856209150325 0.014093137254901961
0 0.5404411764705882 0.7693014705882353 0.017973856209150325 0.013480392156862746
1 0.14245506535947713 0.25053002450980394 0.0185702614379085 0.012702205882352942
0 0.6262254901960784 0.7538296568627451 0.0196078431372549 0.013786764705882353
1 0.09211601307189543 0.28691789215686275 0.02165032679738562 0.015012254901960785
0 0.7113970588235294 0.7411151960784313 0.01838235294117647 0.012254901960784314
0 0.24080882352941177 0.8115808823529411 0.020016339869281044 0.014705882352941176
0 0.934640522875817 0.7055759803921569 0.016339869281045753 0.010416666666666666
1 0.06217116013071895 0.2580131740196078 0.02221813725490196 0.014800857843137255
1 0.22344771241830066 0.5696997549019608 0.025326797385620915 0.018688725490196078
0 0.20812908496732027 0.8638174019607843 0.020833333333333332 0.015012254901960785
0 0.1909722222222222 0.7979473039215687 0.01919934640522876 0.013786764705882353
1 0.8584558823529411 0.5819546568627451 0.020016339869281044 0.015625
1 0.7064950980392157 0.6291360294117647 0.024918300653594773 0.018688725490196078
0 0.19812091503267973 0.8380821078431373 0.022058823529411766 0.016237745098039217
1 0.19584354575163399 0.5649280024509804 0.0215890522875817 0.016498161764705883