0 0.7589869281045751 0.7378982843137255 0.013888888888888888 0.008884803921568627
0 0.6772875816993464 0.6568627450980392 0.013888888888888888 0.00857843137254902
1 0.2048611111111111 0.5716911764705882 0.01838235294117647 0.014093137254901961
0 0.4387254901960784 0.7037377450980392 0.015522875816993464 0.010416666666666666
0 0.6552287581699346 0.6596200980392157 0.012254901960784314 0.007965686274509803
0 0.883578431372549 0.6104473039215687 0.014705882352941176 0.01133578431372549
0 0.47058823529411764 0.7386642156862745 0.015522875816993464 0.011642156862745098
0 0.49959150326797386 0.7680759803921569 0.01715686274509804 0.011029411764705883
1 0.17290849673202613 0.44801930147058827 0.014934640522875818 0.010009191176470589
0 0.006127450980392157 0.7650122549019608 0.012254901960784314 0.012867647058823529
1 0.2122140522875817 0.5565257352941176 0.01919934640522876 0.013786764705882353
0 0.6848447712418301 0.7132352941176471 0.015931372549019607 0.009191176470588236
0 0.9691584967320261 0.7536764705882353 0.016748366013071895 0.011029411764705883
0 0.7060866013071896 0.7325367647058824 0.014297385620915032 0.009191176470588236
0 0.772671568627451 0.71875 0.01184640522875817 0.00857843137254902
0 0.6633986928104575 0.8607536764705882 0.0196078431372549 0.013786764705882353
0 0.8887071078431372 0.6822242647058824 0.01352532679738562 0.007830882352941175
0 0.5906862745098039 0.8799019607843137 0.018790849673202614 0.015318627450980392
0 0.7453022875816994 0.7090992647058824 0.014297385620915032 0.009497549019607842
1 0.5353349673202614 0.686734068627451 0.014297385620915032 0.01011029411764706
0 0.7504084967320261 0.7265625 0.013071895424836602 0.008272058823529412
0 0.5447303921568627 0.7331495098039216 0.013480392156862746 0.00857843137254902
0 0.4599673202614379 0.7950367647058824 0.013888888888888888 0.010416666666666666
1 0.5091911764705882 0.4410232843137255 0.017565359477124183 0.01133578431372549
0 0.4076797385620915 0.7605698529411765 0.022058823529411766 0.012561274509803922
1 0.35130718954248363 0.40471813725490197 0.022058823529411766 0.015931372549019607
1 0.6037581699346405 0.6150428921568627 0.016339869281045753 0.012561274509803922
0 0.9624183006535948 0.7712928921568627 0.01715686274509804 0.012561274509803922
0 0.5737336601307189 0.7981004901960784 0.016748366013071895 0.012254901960784314
0 0.5010212418300654 0.7244178921568627 0.013480392156862746 0.008884803921568627
1 0.7121691176470588 0.6329488357843138 0.023194444444444445 0.015897671568627453
0 0.5104166666666666 0.7549019607843137 0.017565359477124183 0.013480392156862746
1 0.335625 0.7391911764705882 0.02255718954248366 0.016985294117647057
1 0.5545343137254902 0.6455269607843137 0.01919934640522876 0.012867647058823529
1 0.3895016339869281 0.42432598039215685 0.020016339869281044 0.014093137254901961
1 0.349468954248366 0.7588848039215687 0.017565359477124183 0.012867647058823529
0 0.5326797385620915 0.7480085784313726 0.012254901960784314 0.009497549019607842
1 0.22855392156862744 0.5439644607843137 0.01919934640522876 0.013786764705882353
1 0.3694852941176471 0.5510110294117647 0.01838235294117647 0.013174019607843137
1 0.44730392156862747 0.6636029411764706 0.01715686274509804 0.012867647058823529
1 0.29105392156862747 0.6139705882352942 0.023284313725490197 0.015931372549019607
1 0.5319321895424837 0.5320664828431373 0.01974673202614379 0.013275122549019608
1 0.2281454248366013 0.5707720588235294 0.016748366013071895 0.013480392156862746
1 0.36825980392156865 0.41360294117647056 0.020833333333333332 0.015931372549019607
0 0.14011437908496732 0.7931985294117647 0.01715686274509804 0.013480392156862746
1 0.45874183006535946 0.6449142156862745 0.017973856209150325 0.012867647058823529
1 0.8466115196078432 0.47732843137254904 0.017569444444444443 0.013480392156862746
1 0.49913807189542486 0.5835033700980392 0.01706699346405229 0.012594975490196078
1 0.35927287581699346 0.7245710784313726 0.024918300653594773 0.016544117647058824
1 0.5165441176470589 0.6479779411764706 0.017565359477124183 0.012867647058823529
0 0.6527777777777778 0.7014399509803921 0.013888888888888888 0.009497549019607842
1 0.3159722222222222 0.6922487745098039 0.02165032679738562 0.014399509803921568
0 0.5731209150326797 0.7513786764705882 0.014705882352941176 0.009497549019607842
1 0.6260212418300654 0.6213235294117647 0.020016339869281044 0.015318627450980392
0 0.608047385620915 0.7299325980392157 0.015931372549019607 0.01011029411764706
1 0.45874183006535946 0.5862438725490197 0.02369281045751634 0.015012254901960785
1 0.23420343137254904 0.5005269607843137 0.02477941176470588 0.015759803921568626
1 0.3449080882352941 0.41664981617647057 0.021515522875816994 0.016510416666666666
0 0.6282679738562091 0.7933517156862745 0.016339869281045753 0.012561274509803922
0 0.5565767973856209 0.8187806372549019 0.017565359477124183 0.012561274509803922
1 0.37173202614379086 0.7310049019607843 0.02369281045751634 0.016544117647058824
0 0.24918300653594772 0.7660845588235294 0.021241830065359478 0.014399509803921568
1 0.7763480392156863 0.5361519607843137 0.02246732026143791 0.014705882352941176
0 0.5355392156862745 0.7147671568627451 0.015522875816993464 0.011029411764705883
1 0.4213643790849673 0.5721507352941176 0.024101307189542485 0.015625
1 0.6561825980392157 0.38199601715686277 0.019064542483660133 0.013379289215686275
0 0.9393382352941176 0.8952205882352942 0.024918300653594773 0.016544117647058824
1 0.41564542483660133 0.4143688725490196 0.020016339869281044 0.014399509803921568
0 0.43014705882352944 0.7729779411764706 0.0196078431372549 0.012867647058823529
1 0.31985294117647056 0.6380208333333334 0.018790849673202614 0.014399509803921568
0 0.6511437908496732 0.7262561274509803 0.015522875816993464 0.01133578431372549
1 0.5900735294117647 0.5474877450980392 0.023284313725490197 0.015318627450980392
0 0.5339052287581699 0.757046568627451 0.015522875816993464 0.011029411764705883
1 0.49605187908496734 0.5944132965686274 0.019064542483660133 0.014194240196078432
0 0.3560049019607843 0.8618259803921569 0.01838235294117647 0.014705882352941176
0 0.10866013071895425 0.7440257352941176 0.018790849673202614 0.012561274509803922
1 0.4426062091503268 0.6516544117647058 0.01838235294117647 0.011642156862745098
0 0.3112745098039216 0.8595281862745098 0.0196078431372549 0.013786764705882353
1 0.7886029411764706 0.5252757352941176 0.024101307189542485 0.01685049019607843
0 0.7455065359477124 0.819546568627451 0.02369281045751634 0.016544117647058824
0 0.676062091503268 0.8867953431372549 0.02369281045751634 0.016237745098039217
1 0.3053513071895425 0.7319240196078431 0.024101307189542485 0.01838235294117647
1 0.32230392156862747 0.7349877450980392 0.02042483660130719 0.01715686274509804
0 0.5529003267973857 0.7486213235294118 0.01511437908496732 0.01011029411764706
1 0.698233251633987 0.6350428921568628 0.021466503267973856 0.01702205882352941
0 0.6045751633986928 0.8169424019607843 0.02042483660130719 0.015625
1 0.47630718954248363 0.6583946078431373 0.021241830065359478 0.016544117647058824
1 0.41748366013071897 0.3789828431372549 0.02369281045751634 0.01715686274509804
1 0.204203431372549 0.5526102941176471 0.01706699346405229 0.012696078431372548
1 0.44689542483660133 0.6766237745098039 0.018790849673202614 0.013786764705882353
1 0.6223447712418301 0.5392156862745098 0.02246732026143791 0.01715686274509804
1 0.15379901960784315 0.4966299019607843 0.024918300653594773 0.017769607843137254
1 0.3946078431372549 0.6706495098039216 0.022058823529411766 0.015318627450980392
1 0.4644607843137255 0.6112132352941176 0.024509803921568627 0.01715686274509804
0 0.47467320261437906 0.7800245098039216 0.018790849673202614 0.014093137254901961
0 0.08823529411764706 0.8051470588235294 0.02287581699346405 0.015931372549019607
1 0.5718954248366013 0.6694577205882354 0.018790849673202614 0.014160539215686274
1 0.3500816993464052 0.530484068627451 0.02287581699346405 0.016237745098039217
0 0.579452614379085 0.8694852941176471 0.02165032679738562 0.015931372549019607
1 0.36070261437908496 0.5431985294117647 0.02042483660130719 0.014705882352941176
1 0.33517156862745096 0.40870098039215685 0.024101307189542485 0.016544117647058824
1 0.39562908496732024 0.4341299019607843 0.020833333333333332 0.014093137254901961
1 0.3909313725490196 0.6541053921568627 0.021241830065359478 0.015318627450980392
1 0.6877042483660131 0.5991115196078431 0.02246732026143791 0.015625
0 0.42463235294117646 0.8673406862745098 0.02165032679738562 0.015931372549019607
1 0.6776960784313726 0.6262254901960784 0.021241830065359478 0.015318627450980392
1 0.45935457516339867 0.41911764705882354 0.020833333333333332 0.016544117647058824
1 0.6076388888888888 0.6309742647058824 0.024918300653594773 0.017463235294117647
1 0.22630718954248366 0.5160845588235294 0.0196078431372549 0.013786764705882353
1 0.3993055555555556 0.4053308823529412 0.02165032679738562 0.015931372549019607
1 0.5065359477124183 0.41299019607843135 0.021241830065359478 0.014705882352941176
1 0.11131535947712418 0.5425857843137255 0.028186274509803922 0.01838235294117647
1 0.5974040032679738 0.40674325980392156 0.024873366013071895 0.016917892156862745
1 0.4883578431372549 0.3984375 0.024918300653594773 0.01685049019607843
1 0.5363562091503268 0.5911458333333334 0.021241830065359478 0.015625
1 0.21180555555555555 0.5076593137254902 0.023284313725490197 0.016544117647058824
1 0.6084558823529411 0.5793504901960784 0.020833333333333332 0.014705882352941176
1 0.7122140522875817 0.5297181372549019 0.027369281045751634 0.02022058823529412
1 0.4660947712418301 0.3581495098039216 0.02287581699346405 0.016544117647058824
1 0.49754901960784315 0.42892156862745096 0.021241830065359478 0.014705882352941176
1 0.8501266339869281 0.5860049019607844 0.025416666666666667 0.017598039215686274
1 0.4229983660130719 0.48131127450980393 0.023284313725490197 0.016544117647058824
0 0.2689950980392157 0.8455882352941176 0.024101307189542485 0.01838235294117647
1 0.3743872549019608 0.5355392156862745 0.02165032679738562 0.014705882352941176
1 0.4646650326797386 0.671875 0.02165032679738562 0.015931372549019607
1 0.24162581699346405 0.5493259803921569 0.01919934640522876 0.014705882352941176
1 0.3388480392156863 0.6510416666666666 0.024101307189542485 0.017769607843137254
1 0.8075980392156863 0.5283394607843137 0.02287581699346405 0.018688725490196078
1 0.5424836601307189 0.4618566176470588 0.024509803921568627 0.016237745098039217
0 0.5832618464052288 0.7847564338235294 0.019464869281045752 0.01191482843137255
1 0.8572283496732026 0.5820404411764706 0.019195261437908496 0.013958333333333335
1 0.49592320261437906 0.5995036764705882 0.02125816993464052 0.013958333333333335
1 0.3549325980392157 0.4128538602941177 0.022773692810457515 0.015658700980392157
1 0.4029248366013072 0.6606571691176472 0.01826797385620915 0.012490808823529412
1 0.28529616013071896 0.6775428921568627 0.018304738562091503 0.013786764705882353