0 0.13541666666666666 0.6896446078431373 0.01511437908496732 0.009191176470588236
1 0.40852736928104577 0.5627588848039216 0.01721813725490196 0.01277267156862745
0 0.013480392156862746 0.6334375 0.015522875816993464 0.009522058823529411
0 0.1597222222222222 0.6473651960784313 0.014705882352941176 0.00857843137254902
0 0.061070261437908495 0.6274509803921569 0.014297385620915032 0.009191176470588236
1 0.3388480392156863 0.5542279411764706 0.020016339869281044 0.015318627450980392
0 0.8035600490196079 0.6486136642156862 0.0139828431372549 0.00862438725490196
0 0.9671160130718954 0.8137254901960784 0.017565359477124183 0.011642156862745098
0 0.11519607843137254 0.6531862745098039 0.015522875816993464 0.010416666666666666
0 0.9385212418300654 0.6504289215686274 0.013480392156862746 0.009191176470588236
0 0.07312091503267974 0.6202512254901961 0.013071895424836602 0.009497549019607842
0 0.06740196078431372 0.6530330882352942 0.01715686274509804 0.009497549019607842
0 0.07393790849673203 0.6447610294117647 0.013888888888888888 0.009497549019607842
0 0.04595588235294118 0.6686580882352942 0.016748366013071895 0.010723039215686275
0 0.6486928104575164 0.6894914215686274 0.015522875816993464 0.01011029411764706
0 0.10600490196078431 0.6959252450980392 0.016748366013071895 0.010723039215686275
1 0.08312908496732026 0.5949754901960784 0.01919934640522876 0.014093137254901961
0 0.8090277777777778 0.6545649509803921 0.014297385620915032 0.009497549019607842
0 0.2536764705882353 0.9162071078431373 0.017973856209150325 0.015012254901960785
0 0.10089869281045752 0.6213235294117647 0.016339869281045753 0.010416666666666666
0 0.054330065359477125 0.6703431372549019 0.015522875816993464 0.010416666666666666
0 0.3627450980392157 0.6582414215686274 0.016339869281045753 0.01011029411764706
0 0.07332516339869281 0.7293198529411765 0.016748366013071895 0.01133578431372549
0 0.6315359477124183 0.7506127450980392 0.018790849673202614 0.012867647058823529
0 0.13500816993464052 0.6940870098039216 0.016748366013071895 0.012561274509803922
0 0.008782679738562092 0.7234987745098039 0.015931372549019607 0.013786764705882353
0 0.2534722222222222 0.8497242647058824 0.024918300653594773 0.018075980392156864
0 0.5322712418300654 0.8554978553921568 0.02042483660130719 0.01675551470588235
1 0.17401960784313725 0.6043198529411765 0.02369281045751634 0.016237745098039217
0 0.4950980392156863 0.7274816176470589 0.021241830065359478 0.016237745098039217
1 0.5668035130718955 0.44645526960784315 0.015959967320261437 0.011783088235294118
0 0.06754289215686274 0.6296660539215686 0.014170751633986928 0.00871936274509804
0 0.15696282679738563 0.6197916666666666 0.014089052287581701 0.009191176470588236
0 0.21006127450980394 0.6202159926470588 0.009991830065359477 0.0063633578431372545
1 0.8559763071895424 0.4889261642156863 0.010155228758169934 0.007876838235294118