0 0.7865604575163399 0.6547181372549019 0.01511437908496732 0.009191176470588236
0 0.9483251633986928 0.6081495098039216 0.012663398692810458 0.007965686274509803
0 0.6245915032679739 0.7974877450980392 0.01715686274509804 0.011029411764705883
0 0.539828431372549 0.7685355392156863 0.013480392156862746 0.009497549019607842
0 0.843778594771242 0.7736121323529412 0.02252450980392157 0.016587009803921568
0 0.5886437908496732 0.8299632352941176 0.02042483660130719 0.011642156862745098
0 0.42197712418300654 0.891390931372549 0.017973856209150325 0.015012254901960785
0 0.8549836601307189 0.6536458333333334 0.011437908496732025 0.007659313725490196
0 0.32373366013071897 0.8736213235294118 0.020833333333333332 0.016237745098039217
0 0.8986928104575164 0.7734375 0.018790849673202614 0.01133578431372549
0 0.6272467320261438 0.9949448529411765 0.026552287581699346 0.009497549019607842
0 0.5506535947712419 0.7541360294117647 0.016339869281045753 0.01133578431372549
0 0.8200571895424836 0.796875 0.016748366013071895 0.011029411764705883
0 0.1520486111111111 0.8793979779411765 0.02141748366013072 0.015536151960784315
0 0.5872140522875817 0.782015931372549 0.015931372549019607 0.010723039215686275
0 0.5602532679738562 0.9940257352941176 0.023284313725490197 0.010723039215686275
0 0.8427287581699346 0.6519607843137255 0.013888888888888888 0.009191176470588236
0 0.6654411764705882 0.7890625 0.015522875816993464 0.010723039215686275
0 0.5428921568627451 0.9944852941176471 0.022058823529411766 0.010416666666666666
0 0.47610294117647056 0.7755821078431373 0.02165032679738562 0.015625
0 0.20693218954248366 0.8872763480392157 0.02497549019607843 0.015974264705882354
1 0.6224040032679738 0.4668030024509804 0.020134803921568627 0.013262867647058823
0 0.599468954248366 0.6827512254901961 0.014297385620915032 0.010723039215686275
0 0.5513827614379085 0.6466436887254902 0.015347222222222222 0.011424632352941177
1 0.511437908496732 0.5873161764705882 0.021241830065359478 0.014093137254901961
0 0.582312091503268 0.8386948529411765 0.01919934640522876 0.015012254901960785
1 0.8927982026143791 0.4424019607843137 0.01517156862745098 0.010416666666666666
0 0.622140522875817 0.8334865196078431 0.016339869281045753 0.013174019607843137
1 0.5108251633986928 0.6004901960784313 0.020833333333333332 0.013480392156862746
0 0.9017565359477124 0.8060661764705882 0.020833333333333332 0.012254901960784314
0 0.18218954248366012 0.8667279411764706 0.022058823529411766 0.015931372549019607
1 0.5565767973856209 0.4491421568627451 0.023284313725490197 0.015931372549019607
1 0.5018382352941176 0.6141237745098039 0.027369281045751634 0.018688725490196078
0 0.8880718954248366 0.7562806372549019 0.02042483660130719 0.013174019607843137
0 0.23570261437908496 0.7928921568627451 0.02287581699346405 0.01715686274509804
1 0.4094607843137255 0.4076072303921569 0.020718954248366013 0.014356617647058824
0 0.22426470588235295 0.7832414215686274 0.02287581699346405 0.015625
0 0.2520424836601307 0.7875306372549019 0.02369281045751634 0.01685049019607843
0 0.47406045751633985 0.8823529411764706 0.024918300653594773 0.016544117647058824
0 0.39869281045751637 0.7135416666666666 0.02042483660130719 0.014705882352941176
0 0.5816993464052288 0.9554227941176471 0.028594771241830064 0.021752450980392156
0 0.9011437908496732 0.6473651960784313 0.015522875816993464 0.010416666666666666
0 0.5704656862745098 0.7025122549019608 0.015931372549019607 0.012254901960784314
1 0.9321895424836601 0.33145067401960787 0.0196078431372549 0.012778799019607844
0 0.45812908496732024 0.8074448529411765 0.01838235294117647 0.015012254901960785
1 0.5157863562091504 0.5227159926470588 0.020951797385620915 0.014181985294117646
0 0.553921568627451 0.8356311274509803 0.02369281045751634 0.016237745098039217
1 0.900298202614379 0.5915839460784313 0.01955065359477124 0.014662990196078432
0 0.7618464052287581 0.8541666666666666 0.018790849673202614 0.012867647058823529
0 0.4783496732026144 0.8125 0.02042483660130719 0.014705882352941176
0 0.42034313725490197 0.7181372549019608 0.02042483660130719 0.015931372549019607
0 0.9072712418300654 0.7915134803921569 0.022058823529411766 0.014399509803921568
0 0.8823529411764706 0.8160232843137255 0.021241830065359478 0.015012254901960785
1 0.8486519607843137 0.5769209558823529 0.020833333333333332 0.014748774509803922
0 0.9213643790849673 0.7173713235294118 0.017565359477124183 0.013786764705882353
1 0.6691176470588235 0.47363051470588236 0.0196078431372549 0.014050245098039215
0 0.8843954248366013 0.7081801470588235 0.017973856209150325 0.013174019607843137
0 0.7749183006535948 0.6939338235294118 0.01715686274509804 0.012867647058823529
0 0.5641339869281046 0.8239889705882353 0.022058823529411766 0.016237745098039217
1 0.564250408496732 0.4681372549019608 0.025559640522875817 0.01838235294117647
0 0.5831290849673203 0.8196997549019608 0.020833333333333332 0.014399509803921568
0 0.4889705882352941 0.7254901960784313 0.018790849673202614 0.012867647058823529
0 0.8333333333333334 0.7922794117647058 0.021241830065359478 0.014705882352941176
1 0.7415686274509804 0.5920649509803921 0.02235294117647059 0.016237745098039217
0 0.5108251633986928 0.9451593137254902 0.02165032679738562 0.01715686274509804
0 0.47038398692810457 0.7340686274509803 0.01919934640522876 0.012867647058823529
0 0.8282271241830066 0.7777267156862745 0.02165032679738562 0.014399509803921568
0 0.5061274509803921 0.7259497549019608 0.016339869281045753 0.012561274509803922
0 0.4438316993464052 0.8710171568627451 0.024918300653594773 0.017769607843137254
0 0.7804330065359477 0.8569240196078431 0.020833333333333332 0.015318627450980392
0 0.9089052287581699 0.7599571078431373 0.021241830065359478 0.014399509803921568
0 0.5978349673202614 0.7326899509803921 0.020833333333333332 0.016237745098039217
1 0.5516462418300654 0.29321997549019607 0.027312091503267973 0.020263480392156863
0 0.9740604575163399 0.9525122549019608 0.0298202614379085 0.02389705882352941
1 0.06067401960784314 0.4049800857843137 0.006968954248366013 0.004813112745098039
1 0.03465073529411765 0.42795802696078433 0.00639297385620915 0.004813112745098039
1 0.05017156862745098 0.46697763480392157 0.006388888888888889 0.005033700980392157