0 0.3508986928104575 0.6435355392156863 0.013071895424836602 0.008884803921568627
1 0.4415849673202614 0.522671568627451 0.021241830065359478 0.014705882352941176
1 0.4714052287581699 0.44436580882352944 0.02369281045751634 0.016795343137254903
1 0.641748366013072 0.6427696078431373 0.017973856209150325 0.013480392156862746
1 0.5526960784313726 0.6808854166666666 0.0196078431372549 0.014957107843137255
0 0.5290032679738562 0.71875 0.018790849673202614 0.012254901960784314
0 0.6750408496732027 0.788296568627451 0.016748366013071895 0.00980392156862745
0 0.6968954248366013 0.7748161764705882 0.016339869281045753 0.011642156862745098
0 0.09129901960784313 0.617953431372549 0.01184640522875817 0.007965686274509803
1 0.5723406862745097 0.6010186887254901 0.016413398692810457 0.011473651960784315
0 0.4591503267973856 0.8126531862745098 0.0196078431372549 0.015012254901960785
0 0.3776552287581699 0.6815257352941176 0.01511437908496732 0.010723039215686275
1 0.5165441176470589 0.48544730392156865 0.02246732026143791 0.016237745098039217
1 0.45328227124183007 0.5304978553921569 0.029113562091503266 0.020554534313725493
1 0.6345996732026143 0.6371017156862745 0.02165032679738562 0.01685049019607843
0 0.40236928104575165 0.7817095588235294 0.017973856209150325 0.010723039215686275
0 0.30861928104575165 0.7985600490196079 0.01838235294117647 0.013786764705882353
0 0.5706699346405228 0.7840073529411765 0.015522875816993464 0.011029411764705883
0 0.6762663398692811 0.7780330882352942 0.020016339869281044 0.012561274509803922
1 0.48029820261437906 0.5169347426470589 0.02922385620915033 0.020389093137254902
0 0.40441176470588236 0.6354166666666666 0.014705882352941176 0.00980392156862745
1 0.5269607843137255 0.4241727941176471 0.03104575163398693 0.022365196078431373
0 0.16299019607843138 0.8521752450980392 0.02287581699346405 0.014399509803921568
1 0.7040441176470589 0.4987745098039216 0.024101307189542485 0.01715686274509804
1 0.4937050653594771 0.4542953431372549 0.026625816993464054 0.017659313725490195
0 0.3270016339869281 0.7549019607843137 0.017565359477124183 0.012867647058823529
1 0.5998774509803921 0.6446920955882354 0.01919934640522876 0.013648897058823528
1 0.5412581699346405 0.49433210784313725 0.025326797385620915 0.018075980392156864
1 0.5580065359477124 0.6743259803921569 0.025326797385620915 0.017769607843137254
1 0.4624734477124183 0.5835140931372549 0.031156045751633984 0.021807598039215687
0 0.1343954248366013 0.6708026960784313 0.018790849673202614 0.011948529411764705
1 0.5790441176470589 0.4499080882352941 0.025735294117647058 0.019301470588235295
0 0.4170751633986928 0.7403492647058824 0.021241830065359478 0.015625
0 0.6282679738562091 0.8988970588235294 0.026143790849673203 0.0196078431372549
0 0.44607843137254904 0.7417279411764706 0.022058823529411766 0.015318627450980392
1 0.5972222222222222 0.41574754901960786 0.021241830065359478 0.015931372549019607
1 0.6227532679738562 0.41574754901960786 0.020833333333333332 0.014705882352941176
0 0.32393790849673204 0.8644301470588235 0.025326797385620915 0.020526960784313725
1 0.6305330882352942 0.39920343137254904 0.02413807189542484 0.01715686274509804
1 0.5016339869281046 0.36213235294117646 0.024509803921568627 0.01715686274509804
1 0.605187908496732 0.6636029411764706 0.024918300653594773 0.017769607843137254
1 0.45179738562091504 0.5058210784313726 0.027777777777777776 0.01838235294117647
0 0.5888480392156863 0.8074448529411765 0.02165032679738562 0.015625
1 0.4900857843137255 0.4169178921568627 0.027557189542483658 0.019497549019607843
0 0.11397058823529412 0.8975183823529411 0.02696078431372549 0.01685049019607843
0 0.8568218954248366 0.7789522058823529 0.024101307189542485 0.018075980392156864
1 0.6570669934640523 0.5536151960784313 0.026552287581699346 0.01838235294117647
1 0.4464869281045752 0.572875306372549 0.03022875816993464 0.02197610294117647
0 0.19362745098039216 0.8926164215686274 0.027777777777777776 0.018688725490196078
0 0.29616013071895425 0.8399203431372549 0.027777777777777776 0.019301470588235295
0 0.6060049019607843 0.9129901960784313 0.02900326797385621 0.025122549019607844
1 0.4904881535947712 0.44602328431372545 0.023459967320261437 0.016433823529411765
1 0.6079146241830066 0.5765655637254902 0.01811683006535948 0.0128125
1 0.6176041666666666 0.6352772671568627 0.02442401960784314 0.01810355392156863
1 0.6490706699346405 0.6414889705882354 0.017912581699346408 0.013370098039215687
1 0.5992279411764706 0.6494546568627452 0.01790032679738562 0.013370098039215687