1 0.06944444444444445 0.5623728553921569 0.018790849673202614 0.014451593137254902
0 0.19301470588235295 0.6265318627450981 0.014297385620915032 0.011029411764705883
1 0.0051062091503267975 0.5200674019607843 0.010212418300653595 0.020526960784313725
0 0.06352124183006536 0.6286764705882353 0.013480392156862746 0.00857843137254902
1 0.009191176470588236 0.4736519607843137 0.016748366013071895 0.015318627450980392
1 0.004084967320261438 0.35692401960784315 0.008169934640522876 0.011642156862745098
0 0.004697712418300653 0.6943933823529411 0.009395424836601307 0.013174019607843137
0 0.11866830065359477 0.6609987745098039 0.016748366013071895 0.008884803921568627
1 0.08614174836601307 0.5643382352941176 0.01787173202614379 0.013480392156862746
0 0.06719771241830065 0.7098651960784313 0.016748366013071895 0.011029411764705883
1 0.02165032679738562 0.5533088235294118 0.021241830065359478 0.014705882352941176
0 0.10477941176470588 0.6366421568627451 0.014297385620915032 0.00980392156862745
0 0.13480392156862744 0.6372549019607843 0.013888888888888888 0.00980392156862745
0 0.4616013071895425 0.7518382352941176 0.021241830065359478 0.01715686274509804
0 0.8298611111111112 0.6819852941176471 0.01838235294117647 0.013480392156862746
0 0.8553921568627451 0.7189031862745098 0.0196078431372549 0.014399509803921568
0 0.11754493464052287 0.7081801470588235 0.017769607843137254 0.011948529411764705
0 0.6883169934640523 0.7140012254901961 0.0196078431372549 0.015012254901960785
0 0.1198937908496732 0.6361825980392157 0.014297385620915032 0.01011029411764706
0 0.7704248366013072 0.7464767156862745 0.022058823529411766 0.015012254901960785
1 0.035130718954248366 0.5448835784313726 0.0196078431372549 0.014399509803921568
0 0.5249183006535948 0.8498774509803921 0.027777777777777776 0.01838235294117647