0 0.5471813725490197 0.9037990196078431 0.016748366013071895 0.011642156862745098
0 0.016952614379084966 0.7374387254901961 0.012663398692810458 0.00857843137254902
0 0.5502450980392157 0.7765012254901961 0.017973856209150325 0.011948529411764705
0 0.6905637254901961 0.8147977941176471 0.020016339869281044 0.014399509803921568
0 0.7064950980392157 0.8769914215686274 0.01838235294117647 0.013174019607843137
0 0.5655637254901961 0.7959558823529411 0.020833333333333332 0.014093137254901961
0 0.29064542483660133 0.8391544117647058 0.014297385620915032 0.009191176470588236
0 0.7391748366013072 0.8535539215686274 0.024918300653594773 0.015931372549019607
0 0.7859477124183006 0.9537377450980392 0.022058823529411766 0.013480392156862746
0 0.6315359477124183 0.7979473039215687 0.02042483660130719 0.014399509803921568
0 0.07536764705882353 0.7231924019607843 0.015931372549019607 0.01011029411764706
0 0.5153186274509803 0.9088541666666666 0.016748366013071895 0.013174019607843137
0 0.20833333333333334 0.9906556372549019 0.02042483660130719 0.015625
0 0.6973039215686274 0.7446384803921569 0.02042483660130719 0.013174019607843137
0 0.03349673202614379 0.8196997549019608 0.0196078431372549 0.011948529411764705
0 0.27124183006535946 0.8155637254901961 0.018790849673202614 0.012254901960784314
0 0.2622549019607843 0.8066789215686274 0.016339869281045753 0.011029411764705883
0 0.4195261437908497 0.8644301470588235 0.018790849673202614 0.012561274509803922
0 0.6331699346405228 0.8059129901960784 0.022058823529411766 0.014399509803921568
0 0.8425245098039216 0.7561274509803921 0.016748366013071895 0.012254901960784314
0 0.6466503267973857 0.9453125 0.0196078431372549 0.014399509803921568
0 0.136437908496732 0.8953737745098039 0.021241830065359478 0.015012254901960785
0 0.7647058823529411 0.9731924019607843 0.02696078431372549 0.021752450980392156
0 0.4229983660130719 0.7945772058823529 0.017565359477124183 0.011948529411764705
1 0.4722222222222222 0.6384803921568627 0.03349673202614379 0.023284313725490197
1 0.3409129901960784 0.5843198529411765 0.025780228758169935 0.018517156862745097
0 0.23202614379084968 0.7665441176470589 0.016339869281045753 0.011642156862745098
0 0.5316584967320261 0.9094669117647058 0.020833333333333332 0.015012254901960785
0 0.12234477124183006 0.7193627450980392 0.016748366013071895 0.010416666666666666
0 0.38174019607843135 0.9082414215686274 0.02246732026143791 0.01685049019607843
1 0.5296160130718954 0.6527267156862745 0.025735294117647058 0.019301470588235295
1 0.4340277777777778 0.7037377450980392 0.03145424836601307 0.023284313725490197
0 0.4099264705882353 0.960171568627451 0.0298202614379085 0.024509803921568627
1 0.49550653594771243 0.7316176470588235 0.031862745098039214 0.02267156862745098
1 0.8300653594771242 0.48713235294117646 0.031862745098039214 0.02267156862745098
0 0.7710375816993464 0.9394914215686274 0.0298202614379085 0.02297794117647059
1 0.5116421568627451 0.6465487132352942 0.027369281045751634 0.021651348039215687
1 0.4867238562091503 0.6555177696078431 0.03553921568627451 0.02488357843137255