0 0.9634395424836601 0.7222732843137255 0.011029411764705883 0.008272058823529412
0 0.3790849673202614 0.8030024509803921 0.015522875816993464 0.011029411764705883
0 0.47814542483660133 0.8008578431372549 0.016748366013071895 0.011029411764705883
0 0.8666258169934641 0.6815257352941176 0.013480392156862746 0.008884803921568627
0 0.1156045751633987 0.6677389705882353 0.014705882352941176 0.008272058823529412
0 0.14016952614379086 0.6763311887254903 0.01318218954248366 0.008299632352941176
1 0.5164133986928104 0.3624662990196078 0.018937908496732027 0.013535539215686274
1 0.8925653594771242 0.6571691176470589 0.022058823529411766 0.015318627450980392
0 0.9779411764705882 0.6827512254901961 0.013888888888888888 0.009497549019607842
1 0.23770833333333333 0.5780974264705883 0.017083333333333332 0.011587009803921569
0 0.08884803921568628 0.6623774509803921 0.012663398692810458 0.009191176470588236
0 0.6840277777777778 0.7844669117647058 0.014297385620915032 0.01133578431372549
0 0.05943627450980392 0.6717218137254902 0.01184640522875817 0.008884803921568627
1 0.8198529411764706 0.6387867647058824 0.014705882352941176 0.011029411764705883
0 0.8878676470588235 0.7818627450980392 0.016748366013071895 0.011642156862745098
0 0.6794424019607843 0.6771951593137254 0.014113562091503266 0.008802083333333334
1 0.18425040849673202 0.6225490196078431 0.01474264705882353 0.011029411764705883
0 0.16339869281045752 0.6752450980392157 0.013071895424836602 0.007965686274509803
0 0.26838235294117646 0.7758884803921569 0.015522875816993464 0.01133578431372549
0 0.27798202614379086 0.7843137254901961 0.015931372549019607 0.011642156862745098
0 0.8519199346405228 0.6652879901960784 0.01184640522875817 0.008272058823529412
1 0.35294117647058826 0.5211397058823529 0.017973856209150325 0.014093137254901961
0 0.7867647058823529 0.7297794117647058 0.012254901960784314 0.007965686274509803
0 0.8453839869281046 0.6855085784313726 0.013480392156862746 0.009497549019607842
0 0.46854575163398693 0.7405024509803921 0.013888888888888888 0.009191176470588236
0 0.8329248366013072 0.7003676470588235 0.013888888888888888 0.00980392156862745
0 0.11887254901960784 0.7423406862745098 0.012254901960784314 0.00857843137254902
0 0.7412173202614379 0.6825980392156863 0.012663398692810458 0.009191176470588236
0 0.13766339869281047 0.6835171568627451 0.011437908496732025 0.007965686274509803
0 0.9356617647058824 0.7264093137254902 0.017565359477124183 0.00980392156862745
1 0.3040339052287582 0.6219914215686275 0.019015522875816992 0.01420343137254902
1 0.6411540032679739 0.34636795343137255 0.017602124183006537 0.012588848039215688
0 0.06311274509803921 0.7055759803921569 0.015931372549019607 0.00980392156862745
0 0.7634803921568627 0.7136948529411765 0.014705882352941176 0.01011029411764706
0 0.48080065359477125 0.7530637254901961 0.015522875816993464 0.011642156862745098
0 0.1934232026143791 0.7026654411764706 0.01511437908496732 0.01011029411764706
0 0.08333333333333333 0.8385416666666666 0.017973856209150325 0.012254901960784314
0 0.11151960784313726 0.7077205882352942 0.014705882352941176 0.00980392156862745
0 0.45812908496732024 0.7354473039215687 0.015931372549019607 0.011948529411764705
0 0.9844771241830066 0.7513786764705882 0.0196078431372549 0.013174019607843137
0 0.1576797385620915 0.6680453431372549 0.013888888888888888 0.008884803921568627
0 0.4742647058823529 0.7702205882352942 0.01715686274509804 0.011642156862745098
0 0.1337826797385621 0.7650122549019608 0.01511437908496732 0.010416666666666666
0 0.8098447712418301 0.6816789215686274 0.013480392156862746 0.009191176470588236
0 0.025939542483660132 0.7394301470588235 0.017565359477124183 0.011948529411764705
0 0.009395424836601307 0.8082107843137255 0.017973856209150325 0.015318627450980392
0 0.7671568627450981 0.6806066176470589 0.015522875816993464 0.01011029411764706
1 0.37262254901960784 0.5594362745098039 0.021388888888888888 0.015318627450980392
0 0.9383169934640523 0.7654718137254902 0.017973856209150325 0.012561274509803922
0 0.2702205882352941 0.7579656862745098 0.01838235294117647 0.012867647058823529
0 0.9748774509803921 0.7971813725490197 0.01919934640522876 0.012867647058823529
0 0.1031454248366013 0.8299632352941176 0.017565359477124183 0.012867647058823529