1 0.0053104575163398695 0.5874693627450981 0.010620915032679739 0.01133578431372549
0 0.0043525326797385615 0.6854136029411765 0.007888071895424837 0.00869485294117647
0 0.059640522875817 0.6948529411764706 0.014705882352941176 0.00980392156862745
0 0.5890522875816994 0.7461703431372549 0.013071895424836602 0.009497549019607842
1 0.13684640522875818 0.43949142156862747 0.012254901960784314 0.008884803921568627
1 0.6422834967320261 0.5973682598039215 0.018227124183006534 0.013976715686274508
1 0.07965686274509803 0.5252757352941176 0.013071895424836602 0.009497549019607842
0 0.07148692810457516 0.6852022058823529 0.015522875816993464 0.008884803921568627
0 0.6156045751633987 0.6850490196078431 0.015522875816993464 0.010416666666666666
0 0.5704656862745098 0.9096200980392157 0.01919934640522876 0.014705882352941176
1 0.6581045751633987 0.31040287990196075 0.01392156862745098 0.00989889705882353
0 0.7246732026143791 0.7745098039215687 0.018790849673202614 0.010416666666666666
0 0.7491830065359477 0.7406556372549019 0.013888888888888888 0.01011029411764706
1 0.08284722222222222 0.4057077205882353 0.013733660130718953 0.00994485294117647
1 0.7788786764705882 0.5735998774509804 0.018541666666666668 0.013621323529411766
1 0.11825980392156862 0.46277573529411764 0.015931372549019607 0.010723039215686275
0 0.03982843137254902 0.71875 0.016748366013071895 0.011029411764705883
0 0.7916033496732027 0.6970925245098039 0.013762254901960784 0.008768382352941176
0 0.15727124183006536 0.703125 0.0196078431372549 0.011029411764705883
0 0.7099673202614379 0.7509191176470589 0.016339869281045753 0.011029411764705883
0 0.09375 0.6839767156862745 0.015931372549019607 0.009497549019607842
0 0.6090686274509803 0.7457107843137255 0.017973856209150325 0.012254901960784314
1 0.5418566176470588 0.26824142156862746 0.019987745098039217 0.016262254901960784
0 0.11499183006535947 0.6763174019607843 0.01511437908496732 0.01133578431372549
0 0.0196078431372549 0.6844362745098039 0.0196078431372549 0.011642156862745098
0 0.6905637254901961 0.7317708333333334 0.01838235294117647 0.010723039215686275
0 0.07250816993464053 0.6939338235294118 0.01511437908496732 0.010416666666666666
0 0.17892156862745098 0.9295343137254902 0.026143790849673203 0.016544117647058824
0 0.4113562091503268 0.7241115196078431 0.018790849673202614 0.011948529411764705
0 0.12888071895424835 0.6593137254901961 0.015931372549019607 0.010416666666666666
0 0.7362990196078432 0.7366023284313725 0.016715686274509804 0.01119485294117647
0 0.042075163398692814 0.6790747549019608 0.017973856209150325 0.013174019607843137
0 0.7105800653594772 0.7389705882352942 0.017565359477124183 0.011029411764705883
0 0.014705882352941176 0.6956188725490197 0.021241830065359478 0.012561274509803922
1 0.7742892156862745 0.4777297794117647 0.01834967320261438 0.01244485294117647
0 0.5545343137254902 0.9031862745098039 0.02246732026143791 0.01715686274509804
0 0.11968954248366014 0.6936274509803921 0.018790849673202614 0.012254901960784314
0 0.6399101307189542 0.8788296568627451 0.024101307189542485 0.01991421568627451
0 0.24877450980392157 0.7538296568627451 0.021241830065359478 0.015012254901960785
0 0.7350898692810458 0.7602634803921569 0.020016339869281044 0.015012254901960785
1 0.16071282679738563 0.4957582720588235 0.006883169934640524 0.003771446078431373
1 0.4214910130718954 0.4246798406862745 0.014550653594771241 0.00989889705882353
1 0.11200163398692811 0.4352604166666667 0.015669934640522874 0.010839460784313725
1 0.028453839869281045 0.5282567401960785 0.016058006535947713 0.011783088235294118