0 0.9125816993464052 0.5992647058823529 0.013888888888888888 0.00980392156862745
0 0.7855392156862745 0.6078431372549019 0.015522875816993464 0.00980392156862745
0 0.4144199346405229 0.616421568627451 0.013480392156862746 0.00857843137254902
0 0.4172794117647059 0.5988051470588235 0.01511437908496732 0.009497549019607842
1 0.8098182189542483 0.5372058823529412 0.021597222222222223 0.014975490196078432
0 0.10089869281045752 0.5810355392156863 0.011437908496732025 0.0070465686274509805
0 0.3854166666666667 0.6181066176470589 0.01184640522875817 0.007659313725490196
0 0.32536764705882354 0.6611519607843137 0.014297385620915032 0.00980392156862745
0 0.021037581699346407 0.6374080882352942 0.012663398692810458 0.008884803921568627
0 0.8033088235294118 0.5975796568627451 0.013480392156862746 0.008884803921568627
0 0.0051062091503267975 0.5995710784313726 0.010212418300653595 0.009191176470588236
1 0.966374591503268 0.4367723651960784 0.020167483660130717 0.015088848039215686
1 0.9912173202614379 0.44056372549019607 0.017565359477124183 0.014093137254901961
0 0.008986928104575163 0.7221200980392157 0.017973856209150325 0.014705882352941176
1 0.829375 0.5502068014705882 0.019044117647058822 0.013403799019607842
0 0.14195261437908496 0.5951286764705882 0.012663398692810458 0.008272058823529412
0 0.9150326797385621 0.633578431372549 0.021241830065359478 0.012254901960784314
0 0.007148692810457516 0.6325061274509803 0.01184640522875817 0.01011029411764706
0 0.42830882352941174 0.6171875 0.014297385620915032 0.01011029411764706
0 0.04370915032679738 0.6078431372549019 0.013071895424836602 0.00857843137254902
0 0.0573937908496732 0.6006433823529411 0.012663398692810458 0.008884803921568627
0 0.8813316993464052 0.6450674019607843 0.016748366013071895 0.010723039215686275
0 0.9897875816993464 0.7362132352941176 0.01715686274509804 0.012867647058823529
0 0.15053104575163398 0.6012561274509803 0.012663398692810458 0.008272058823529412
0 0.25326797385620914 0.6732536764705882 0.015522875816993464 0.010723039215686275
0 0.06862745098039216 0.6317401960784313 0.014705882352941176 0.00980392156862745
0 0.014501633986928105 0.6809129901960784 0.01919934640522876 0.01133578431372549
0 0.02144607843137255 0.7313112745098039 0.017565359477124183 0.012254901960784314
0 0.13112745098039216 0.6799938725490197 0.021241830065359478 0.013786764705882353
0 0.05821078431372549 0.688265931372549 0.01919934640522876 0.012561274509803922
1 0.19706290849673203 0.39659926470588236 0.010955882352941176 0.007659313725490196
1 0.15397263071895426 0.40058210784313725 0.007291666666666668 0.005821078431372549