0 0.7436683006535948 0.7213541666666666 0.015931372549019607 0.010723039215686275
0 0.6977124183006536 0.8443627450980392 0.01715686274509804 0.011642156862745098
0 0.02798202614379085 0.7778799019607843 0.01838235294117647 0.011642156862745098
0 0.724468954248366 0.8432904411764706 0.020016339869281044 0.014399509803921568
0 0.2465277777777778 0.8478860294117647 0.020833333333333332 0.015012254901960785
0 0.6296977124183006 0.7850796568627451 0.02165032679738562 0.01685049019607843
0 0.34681372549019607 0.7607230392156863 0.01715686274509804 0.014093137254901961
0 0.8255718954248366 0.7005208333333334 0.015522875816993464 0.01133578431372549
0 0.5627042483660131 0.883578431372549 0.01919934640522876 0.013480392156862746
0 0.7912581699346405 0.7264093137254902 0.0196078431372549 0.011642156862745098
0 0.46139705882352944 0.8072916666666666 0.01838235294117647 0.012867647058823529
1 0.664250408496732 0.7852328431372549 0.024579248366013072 0.01715686274509804
0 0.7289624183006536 0.8736213235294118 0.023284313725490197 0.015625
0 0.8417075163398693 0.7818627450980392 0.014297385620915032 0.00980392156862745
0 0.3611111111111111 0.8219975490196079 0.02042483660130719 0.014705882352941176
0 0.5089869281045751 0.9525122549019608 0.028594771241830064 0.020833333333333332
0 0.4824346405228758 0.8138786764705882 0.022058823529411766 0.013786764705882353
0 0.10580065359477124 0.8203125 0.02287581699346405 0.015012254901960785
1 0.7459150326797386 0.6485906862745098 0.031862745098039214 0.02389705882352941
0 0.1017156862745098 0.8037683823529411 0.022058823529411766 0.014399509803921568
0 0.8443627450980392 0.7542892156862745 0.015522875816993464 0.011642156862745098
0 0.5906862745098039 0.7970281862745098 0.02042483660130719 0.015625
0 0.3116830065359477 0.8530943627450981 0.022058823529411766 0.014399509803921568
1 0.48471609477124183 0.22482689950980395 0.019268790849673204 0.01399203431372549
0 0.8713235294117647 0.7227328431372549 0.017973856209150325 0.012254901960784314
0 0.6646241830065359 0.8579963235294118 0.024509803921568627 0.018075980392156864
0 0.8155637254901961 0.7732843137254902 0.01838235294117647 0.012254901960784314
0 0.06719771241830065 0.8008578431372549 0.023284313725490197 0.01838235294117647
0 0.889501633986928 0.7208946078431373 0.016748366013071895 0.012867647058823529
1 0.06365808823529412 0.642360600490196 0.021924019607843136 0.01572610294117647
0 0.31985294117647056 0.828125 0.022058823529411766 0.016544117647058824
1 0.16339869281045752 0.4564950980392157 0.024509803921568627 0.01715686274509804
1 0.7850285947712419 0.670062806372549 0.02920751633986928 0.021498161764705884
0 0.8392565359477124 0.8357843137254902 0.020833333333333332 0.014705882352941176
0 0.6203022875816994 0.8854166666666666 0.025735294117647058 0.01838235294117647
0 0.1488970588235294 0.8480392156862745 0.027369281045751634 0.02022058823529412
0 0.6872957516339869 0.9416360294117647 0.027369281045751634 0.02297794117647059