0 0.19730392156862744 0.7486213235294118 0.02042483660130719 0.013174019607843137
0 0.35723039215686275 0.7821691176470589 0.025735294117647058 0.014705882352941176
0 0.5878267973856209 0.7345281862745098 0.02369281045751634 0.017463235294117647
0 0.1002859477124183 0.6956188725490197 0.016748366013071895 0.010723039215686275
0 0.2551062091503268 0.6383272058823529 0.01511437908496732 0.01133578431372549
0 0.2202471405228758 0.7436167279411765 0.021376633986928104 0.014194240196078432
0 0.35808210784313727 0.7221706495098039 0.022536764705882353 0.014194240196078432
0 0.1556372549019608 0.6786151960784313 0.013888888888888888 0.009191176470588236
0 0.4113562091503268 0.7462974877450981 0.024509803921568627 0.01771752450980392
0 0.02185457516339869 0.6933210784313726 0.015931372549019607 0.010416666666666666
0 0.6134272875816994 0.7255667892156863 0.024240196078431375 0.015471813725490197
0 0.23161764705882354 0.7887561274509803 0.025326797385620915 0.018075980392156864
0 0.011437908496732025 0.9420955882352942 0.02287581699346405 0.025735294117647058
0 0.38235294117647056 0.7625612745098039 0.029411764705882353 0.018995098039215685
0 0.23713235294117646 0.7460171568627451 0.023284313725490197 0.015931372549019607
0 0.2922794117647059 0.7143075980392157 0.024918300653594773 0.01685049019607843
0 0.6791258169934641 0.7864583333333334 0.0298202614379085 0.02267156862745098
0 0.26123366013071897 0.7869178921568627 0.02900326797385621 0.01991421568627451
0 0.20915032679738563 0.8034620098039216 0.028594771241830064 0.020526960784313725
0 0.41094771241830064 0.8981311274509803 0.03839869281045752 0.03155637254901961
1 0.32612745098039214 0.5178201593137255 0.02480392156862745 0.017870710784313727
0 0.6143402777777778 0.73828125 0.02524918300653595 0.01761642156862745