0 0.19607843137254902 0.8460477941176471 0.016339869281045753 0.011948529411764705
0 0.2523488562091503 0.8292999387254902 0.015318627450980392 0.010928308823529412
0 0.28288398692810457 0.8719362745098039 0.017565359477124183 0.013480392156862746
0 0.1576797385620915 0.8852634803921569 0.0196078431372549 0.010723039215686275
0 0.7013888888888888 0.8625919117647058 0.025326797385620915 0.015012254901960785
0 0.7575571895424836 0.9209558823529411 0.023284313725490197 0.01715686274509804
0 0.4368872549019608 0.9048713235294118 0.023284313725490197 0.014399509803921568
1 0.7733537581699347 0.48166819852941173 0.01974673202614379 0.014194240196078432
0 0.8841911764705882 0.8181678921568627 0.01919934640522876 0.013786764705882353
0 0.35437091503267976 0.7513786764705882 0.01511437908496732 0.01011029411764706
0 0.2704922385620915 0.8958333333333334 0.022193627450980392 0.016544117647058824
1 0.8856209150326797 0.4071691176470588 0.024509803921568627 0.017769607843137254
0 0.3954248366013072 0.7435661764705882 0.016339869281045753 0.010416666666666666
0 0.18770424836601307 0.9134497549019608 0.01838235294117647 0.011948529411764705
0 0.7490482026143791 0.7484941789215687 0.01525326797385621 0.009856004901960785
0 0.7350898692810458 0.8253676470588235 0.020016339869281044 0.011642156862745098
0 0.747140522875817 0.8759191176470589 0.018790849673202614 0.013480392156862746
0 0.3284313725490196 0.7556678921568627 0.018790849673202614 0.013174019607843137
0 0.7719240196078432 0.7537791053921569 0.016887254901960785 0.011847426470588236
0 0.784891748366013 0.7302389705882353 0.015044934640522875 0.009497549019607842
0 0.9867238562091504 0.8270526960784313 0.02165032679738562 0.013174019607843137
0 0.4389297385620915 0.7466299019607843 0.01511437908496732 0.011642156862745098
0 0.8055555555555556 0.7234987745098039 0.016339869281045753 0.01133578431372549
1 0.8150531045751634 0.6003370098039216 0.02062908496732026 0.015012254901960785
0 0.06495098039215687 0.8952205882352942 0.02042483660130719 0.014705882352941176
1 0.9068627450980392 0.6098345588235294 0.026143790849673203 0.018688725490196078
1 0.9736519607843137 0.71875 0.028186274509803922 0.0196078431372549
0 0.24428104575163398 0.859375 0.02369281045751634 0.014705882352941176
0 0.8202614379084967 0.7477022058823529 0.014705882352941176 0.011948529411764705
0 0.9111519607843137 0.7682291666666666 0.01838235294117647 0.01133578431372549
0 0.8925653594771242 0.9198835784313726 0.022058823529411766 0.014399509803921568
1 0.9194240196078431 0.6162178308823529 0.025939542483660132 0.01858762254901961
0 0.9315767973856209 0.8481924019607843 0.01919934640522876 0.012561274509803922
0 0.8613153594771242 0.8394607843137255 0.02165032679738562 0.015318627450980392
0 0.7522467320261438 0.7392769607843137 0.015931372549019607 0.010416666666666666
0 0.12234477124183006 0.8184742647058824 0.023284313725490197 0.015012254901960785
1 0.5568157679738562 0.6278339460784313 0.027030228758169936 0.019761029411764705
0 0.8531454248366013 0.7981004901960784 0.016748366013071895 0.012254901960784314
0 0.8374183006535948 0.7703737745098039 0.017973856209150325 0.012561274509803922
0 0.9873366013071896 0.7875306372549019 0.018790849673202614 0.012561274509803922
0 0.17197712418300654 0.9859068627450981 0.02696078431372549 0.0196078431372549
1 0.6367442810457516 0.48678768382352944 0.03002450980392157 0.02075674019607843
0 0.9767156862745098 0.8988970588235294 0.031862745098039214 0.022058823529411766
0 0.9264705882352942 0.8319546568627451 0.02287581699346405 0.015012254901960785
0 0.9334150326797386 0.7958026960784313 0.02042483660130719 0.013786764705882353
0 0.1701388888888889 0.9131433823529411 0.020833333333333332 0.015012254901960785
0 0.8511029411764706 0.9051776960784313 0.020833333333333332 0.018075980392156864
0 0.30514705882352944 0.8215379901960784 0.0196078431372549 0.013174019607843137
0 0.8654003267973857 0.8570772058823529 0.023284313725490197 0.01685049019607843
1 0.8691789215686274 0.5311734068627451 0.024305555555555556 0.017003676470588234
0 0.23958333333333334 0.8354779411764706 0.02246732026143791 0.015931372549019607
0 0.23080065359477125 0.7549019607843137 0.018790849673202614 0.012867647058823529
0 0.2992238562091503 0.8699448529411765 0.023284313725490197 0.019301470588235295
0 0.4266748366013072 0.8307291666666666 0.020016339869281044 0.015625
1 0.9566993464052288 0.7310049019607843 0.025326797385620915 0.018995098039215685
0 0.7383578431372549 0.8411458333333334 0.024101307189542485 0.014399509803921568
0 0.8329248366013072 0.9080882352941176 0.02369281045751634 0.018995098039215685
1 0.8466441993464052 0.5787377450980392 0.025804738562091502 0.017769607843137254
0 0.39705882352941174 0.8930759803921569 0.024509803921568627 0.0196078431372549
0 0.47324346405228757 0.9396446078431373 0.0298202614379085 0.02389705882352941
1 0.11213643790849673 0.4013219975490196 0.02002450980392157 0.014041053921568626
1 0.5904799836601307 0.3709145220588235 0.02818218954248366 0.019402573529411764