0 0.4583333333333333 0.6220894607843137 0.011437908496732025 0.008884803921568627
0 0.3805147058823529 0.6174938725490197 0.010212418300653595 0.0070465686274509805
0 0.32822712418300654 0.6256127450980392 0.011029411764705883 0.007352941176470588
0 0.015522875816993464 0.6245404411764706 0.011437908496732025 0.007659313725490196
0 0.7906454248366013 0.6870404411764706 0.017565359477124183 0.010723039215686275
0 0.006535947712418301 0.6225490196078431 0.012254901960784314 0.00857843137254902
1 0.672998366013072 0.4597120098039216 0.01919934640522876 0.013174019607843137
0 0.13316993464052287 0.625 0.011437908496732025 0.007352941176470588
0 0.5655637254901961 0.6346507352941176 0.012663398692810458 0.008884803921568627
0 0.28084150326797386 0.6643688725490197 0.01184640522875817 0.0070465686274509805
0 0.7894199346405228 0.7222732843137255 0.01184640522875817 0.008272058823529412
1 0.4270833333333333 0.3737745098039216 0.01919934640522876 0.013480392156862746
0 0.3400735294117647 0.6613051470588235 0.010212418300653595 0.007659313725490196
0 0.19301470588235295 0.6222426470588235 0.012663398692810458 0.007352941176470588
0 0.5761846405228758 0.6334252450980392 0.01184640522875817 0.008884803921568627
1 0.007352941176470588 0.5511642156862745 0.013888888888888888 0.011029411764705883
0 0.40441176470588236 0.6079963235294118 0.010620915032679739 0.0070465686274509805
0 0.7277369281045751 0.6838235294117647 0.013480392156862746 0.009191176470588236
0 0.43566176470588236 0.6694240196078431 0.013480392156862746 0.009191176470588236
0 0.04779411764705882 0.6153492647058824 0.010620915032679739 0.0070465686274509805
0 0.2107843137254902 0.6963848039215687 0.011437908496732025 0.007352941176470588
0 0.3125 0.6272977941176471 0.011437908496732025 0.007659313725490196
0 0.34844771241830064 0.6577818627450981 0.011437908496732025 0.007352941176470588
1 0.508578431372549 0.5496323529411765 0.0196078431372549 0.012867647058823529
0 0.4430147058823529 0.6276041666666666 0.013480392156862746 0.0070465686274509805
0 0.27961601307189543 0.6302083333333334 0.01511437908496732 0.00857843137254902
0 0.3110702614379085 0.7325367647058824 0.013480392156862746 0.009191176470588236
0 0.23508986928104575 0.6496629901960784 0.011029411764705883 0.007659313725490196
0 0.22855392156862744 0.6530330882352942 0.01184640522875817 0.007659313725490196
0 0.5988562091503268 0.7552083333333334 0.015522875816993464 0.010416666666666666
0 0.4577205882352941 0.6502757352941176 0.012663398692810458 0.008272058823529412
0 0.30923202614379086 0.6744791666666666 0.013071895424836602 0.008884803921568627
1 0.9560866013071896 0.5292585784313726 0.016748366013071895 0.011948529411764705
0 0.1053921568627451 0.6375612745098039 0.011437908496732025 0.007965686274509803
0 0.5277777777777778 0.7360600490196079 0.014705882352941176 0.01011029411764706
0 0.2354983660130719 0.6626838235294118 0.012663398692810458 0.007965686274509803
0 0.22181372549019607 0.7077205882352942 0.013888888888888888 0.009191176470588236
0 0.09987745098039216 0.6495098039215687 0.011029411764705883 0.007352941176470588
1 0.3574346405228758 0.6245404411764706 0.014705882352941176 0.01133578431372549
0 0.6715686274509803 0.6973039215686274 0.013888888888888888 0.010416666666666666
0 0.7465277777777778 0.6636029411764706 0.016748366013071895 0.011029411764705883
1 0.3088235294117647 0.6064644607843137 0.013888888888888888 0.01133578431372549
1 0.2761437908496732 0.6063112745098039 0.015522875816993464 0.011642156862745098
0 0.24693627450980393 0.6446078431372549 0.011029411764705883 0.007352941176470588
0 0.0051062091503267975 0.6801470588235294 0.010212418300653595 0.011029411764705883
0 0.9084967320261438 0.7003676470588235 0.01715686274509804 0.011642156862745098
0 0.21241830065359477 0.6210171568627451 0.012254901960784314 0.00857843137254902
0 0.474468954248366 0.7383578431372549 0.016748366013071895 0.011029411764705883
0 0.07026143790849673 0.6119791666666666 0.012254901960784314 0.008272058823529412
0 0.8868464052287581 0.5917585784313726 0.015522875816993464 0.01011029411764706
0 0.43729575163398693 0.7320772058823529 0.016748366013071895 0.01133578431372549
0 0.5055147058823529 0.7204350490196079 0.014297385620915032 0.009497549019607842
0 0.04411764705882353 0.6930147058823529 0.014705882352941176 0.009191176470588236
0 0.6172385620915033 0.6852022058823529 0.013071895424836602 0.01011029411764706
0 0.4499591503267974 0.7011335784313726 0.015931372549019607 0.010723039215686275
0 0.4579248366013072 0.7167585784313726 0.013071895424836602 0.01011029411764706
0 0.4223856209150327 0.6712622549019608 0.012254901960784314 0.007965686274509803
0 0.43157679738562094 0.7098651960784313 0.014297385620915032 0.010416666666666666
1 0.3202614379084967 0.6041666666666666 0.016339869281045753 0.012254901960784314
0 0.08905228758169935 0.7006740196078431 0.014705882352941176 0.009191176470588236
1 0.6719771241830066 0.3861825980392157 0.01715686274509804 0.013174019607843137
1 0.3515114379084967 0.38878676470588236 0.01511437908496732 0.012254901960784314
0 0.05228758169934641 0.6574754901960784 0.012254901960784314 0.00857843137254902
1 0.34354575163398693 0.6384803921568627 0.014705882352941176 0.010416666666666666
0 0.6958741830065359 0.7303921568627451 0.015931372549019607 0.010416666666666666
1 0.7089460784313726 0.36182598039215685 0.017565359477124183 0.012867647058823529
0 0.17851307189542484 0.6306678921568627 0.013071895424836602 0.007659313725490196
1 0.6537990196078431 0.6744791666666666 0.017565359477124183 0.011948529411764705
0 0.6783088235294118 0.703890931372549 0.014297385620915032 0.010723039215686275
1 0.5004084967320261 0.5565257352941176 0.021241830065359478 0.015012254901960785
0 0.29125816993464054 0.6522671568627451 0.013071895424836602 0.00857843137254902
1 0.2747140522875817 0.6197916666666666 0.01838235294117647 0.012867647058823529
0 0.06004901960784314 0.6326593137254902 0.013888888888888888 0.00857843137254902
0 0.3396650326797386 0.7032781862745098 0.013480392156862746 0.01011029411764706
0 0.0872140522875817 0.6436887254901961 0.01184640522875817 0.007965686274509803
0 0.26143790849673204 0.749234068627451 0.014705882352941176 0.009497549019607842
1 0.47875816993464054 0.40150122549019607 0.01715686274509804 0.012561274509803922
0 0.1395016339869281 0.6380208333333334 0.014297385620915032 0.008884803921568627
0 0.12377450980392157 0.6271446078431373 0.012254901960784314 0.007965686274509803
0 0.46895424836601307 0.7147671568627451 0.016339869281045753 0.011029411764705883
0 0.8176062091503268 0.7714460784313726 0.01919934640522876 0.014093137254901961
0 0.6652369281045751 0.7012867647058824 0.014297385620915032 0.010416666666666666
0 0.46568627450980393 0.7665441176470589 0.016339869281045753 0.011029411764705883
0 0.2622549019607843 0.7588848039215687 0.015522875816993464 0.011029411764705883
1 0.33843954248366015 0.3864889705882353 0.016748366013071895 0.013174019607843137
0 0.44342320261437906 0.6401654411764706 0.01511437908496732 0.008884803921568627
0 0.7602124183006536 0.7329963235294118 0.0196078431372549 0.013174019607843137
0 0.372140522875817 0.6956188725490197 0.014705882352941176 0.010723039215686275
0 0.18361928104575165 0.6519607843137255 0.01184640522875817 0.009191176470588236
1 0.7373366013071896 0.3665747549019608 0.018790849673202614 0.013786764705882353
0 0.4027777777777778 0.6640625 0.015522875816993464 0.01011029411764706
0 0.39338235294117646 0.6772365196078431 0.016339869281045753 0.010723039215686275
1 0.7342728758169934 0.3785232843137255 0.01919934640522876 0.012561274509803922
1 0.6378676470588235 0.4583333333333333 0.01838235294117647 0.013480392156862746
0 0.16013071895424835 0.6844362745098039 0.015522875816993464 0.00980392156862745
0 0.4287173202614379 0.6822916666666666 0.01511437908496732 0.009191176470588236
1 0.5347222222222222 0.6744791666666666 0.02042483660130719 0.015625
0 0.3958333333333333 0.7676164215686274 0.015522875816993464 0.012561274509803922
1 0.7998366013071896 0.4375 0.02042483660130719 0.015318627450980392
0 0.0755718954248366 0.860140931372549 0.0196078431372549 0.013786764705882353
0 0.2581699346405229 0.6531862745098039 0.015522875816993464 0.00857843137254902
1 0.954248366013072 0.3365502450980392 0.02369281045751634 0.017463235294117647
0 0.6433823529411765 0.7659313725490197 0.015522875816993464 0.011642156862745098
0 0.6558415032679739 0.7538296568627451 0.01838235294117647 0.011948529411764705
0 0.9891748366013072 0.7035845588235294 0.020833333333333332 0.014399509803921568
0 0.34844771241830064 0.7787990196078431 0.015522875816993464 0.011029411764705883
0 0.8229166666666666 0.7279411764705882 0.016748366013071895 0.010416666666666666
0 0.17647058823529413 0.7300857843137255 0.014705882352941176 0.00980392156862745
0 0.3845996732026144 0.6997549019607843 0.016748366013071895 0.011642156862745098
0 0.465890522875817 0.7512254901960784 0.017565359477124183 0.012254901960784314
0 0.6719771241830066 0.7593443627450981 0.015522875816993464 0.01133578431372549
0 0.13194444444444445 0.6871936274509803 0.016339869281045753 0.011642156862745098
1 0.2930964052287582 0.37193627450980393 0.017565359477124183 0.012867647058823529
0 0.5343137254901961 0.7761948529411765 0.0196078431372549 0.012561274509803922
0 0.2420343137254902 0.7143075980392157 0.015931372549019607 0.011948529411764705
0 0.7234477124183006 0.7164522058823529 0.017973856209150325 0.012561274509803922
0 0.6100898692810458 0.7000612745098039 0.017565359477124183 0.012254901960784314
0 0.6276552287581699 0.719515931372549 0.016748366013071895 0.011948529411764705
1 0.7197712418300654 0.4299938725490196 0.024509803921568627 0.01685049019607843
0 0.2986111111111111 0.7795649509803921 0.014705882352941176 0.011948529411764705
0 0.22651143790849673 0.772671568627451 0.01511437908496732 0.011642156862745098
0 0.40522875816993464 0.7146139705882353 0.017973856209150325 0.01133578431372549
0 0.5610702614379085 0.7144607843137255 0.01919934640522876 0.012867647058823529
1 0.7559232026143791 0.5885416666666666 0.02165032679738562 0.015931372549019607
0 0.8316993464052288 0.7107843137254902 0.01715686274509804 0.012254901960784314
1 0.8037173202614379 0.5533088235294118 0.020016339869281044 0.015318627450980392
1 0.8141339869281046 0.36795343137254904 0.02369281045751634 0.01715686274509804
0 0.3243464052287582 0.7136948529411765 0.017973856209150325 0.011948529411764705
0 0.05923202614379085 0.6996017156862745 0.01715686274509804 0.01133578431372549
0 0.15196078431372548 0.7464767156862745 0.017973856209150325 0.011948529411764705
1 0.9624183006535948 0.3169424019607843 0.026143790849673203 0.018688725490196078
0 0.31556372549019607 0.7800245098039216 0.016748366013071895 0.014093137254901961
1 0.2946977124183006 0.4074754901960784 0.01423202614379085 0.011029411764705883
1 0.30252246732026145 0.3705575980392157 0.015992647058823528 0.012561274509803922
1 0.7095057189542483 0.37025122549019607 0.01705065359477124 0.01133578431372549
1 0.32125 0.6095281862745098 0.015049019607843139 0.01133578431372549