0 0.10804738562091504 0.5785845588235294 0.013480392156862746 0.008272058823529412
0 0.9863153594771242 0.6315870098039216 0.015931372549019607 0.009497549019607842
0 0.7967728758169934 0.6326593137254902 0.01184640522875817 0.007965686274509803
0 0.9677287581699346 0.6599264705882353 0.014705882352941176 0.010416666666666666
0 0.9556781045751634 0.5819546568627451 0.012663398692810458 0.008272058823529412
0 0.03594771241830065 0.5667892156862745 0.012254901960784314 0.007352941176470588
0 0.5643382352941176 0.7196691176470589 0.01511437908496732 0.011029411764705883
0 0.05800653594771242 0.5741421568627451 0.010620915032679739 0.007352941176470588
0 0.7487745098039216 0.5968137254901961 0.013888888888888888 0.009191176470588236
1 0.05821078431372549 0.39077818627450983 0.02165032679738562 0.01685049019607843
0 0.1380718954248366 0.6551776960784313 0.015522875816993464 0.010723039215686275
0 0.45159313725490197 0.6230085784313726 0.016748366013071895 0.013174019607843137
0 0.5095996732026143 0.7040441176470589 0.016748366013071895 0.012254901960784314
0 0.7873774509803921 0.6954656862745098 0.020016339869281044 0.015318627450980392
0 0.045475898692810456 0.5659849877450981 0.013337418300653594 0.008808210784313725