0 0.4040032679738562 0.7064950980392157 0.011437908496732025 0.00857843137254902
0 0.3903186274509804 0.6637561274509803 0.012663398692810458 0.009497549019607842
0 0.1707516339869281 0.7711397058823529 0.013071895424836602 0.009191176470588236
0 0.4395424836601307 0.7267156862745098 0.012254901960784314 0.007965686274509803
0 0.7069035947712419 0.7097120098039216 0.013480392156862746 0.009497549019607842
0 0.9932598039215687 0.6534926470588235 0.011029411764705883 0.009191176470588236
0 0.9797794117647058 0.6525735294117647 0.01184640522875817 0.007965686274509803
0 0.31433823529411764 0.6769301470588235 0.01184640522875817 0.008272058823529412
0 0.6597222222222222 0.6980698529411765 0.016339869281045753 0.009497549019607842
0 0.05514705882352941 0.6920955882352942 0.013888888888888888 0.00857843137254902
0 0.20915032679738563 0.6706495098039216 0.011437908496732025 0.006740196078431373
1 0.406327614379085 0.6701700367647059 0.014452614379084969 0.010683210784313725
0 0.7032271241830066 0.7270220588235294 0.014297385620915032 0.010416666666666666
0 0.42034313725490197 0.7378982843137255 0.013071895424836602 0.008272058823529412
0 0.9783496732026143 0.6701899509803921 0.012254901960784314 0.007659313725490196
0 0.627859477124183 0.7150735294117647 0.013071895424836602 0.00857843137254902
0 0.6047794117647058 0.7375919117647058 0.013480392156862746 0.009497549019607842
0 0.3598856209150327 0.7161458333333334 0.013888888888888888 0.008884803921568627
0 0.22998366013071894 0.6659007352941176 0.011437908496732025 0.0070465686274509805
0 0.3735702614379085 0.7159926470588235 0.014297385620915032 0.00857843137254902
0 0.9299428104575164 0.764859068627451 0.01919934640522876 0.011948529411764705
0 0.4105392156862745 0.7254901960784313 0.012254901960784314 0.007352941176470588
0 0.6360294117647058 0.7895220588235294 0.015522875816993464 0.010416666666666666
0 0.15604575163398693 0.7714460784313726 0.013071895424836602 0.009191176470588236
0 0.3396650326797386 0.8331801470588235 0.01919934640522876 0.011948529411764705
0 0.5016339869281046 0.7881433823529411 0.014705882352941176 0.01011029411764706
0 0.21037581699346405 0.6899509803921569 0.013071895424836602 0.00857843137254902
0 0.3547794117647059 0.6839767156862745 0.01184640522875817 0.008272058823529412
0 0.44076797385620914 0.8158700980392157 0.014705882352941176 0.010416666666666666
0 0.7930964052287581 0.7714460784313726 0.016748366013071895 0.011642156862745098
1 0.2025122549019608 0.5038556985294118 0.015318627450980392 0.01200061274509804
0 0.29330065359477125 0.6887254901960784 0.012254901960784314 0.007965686274509803
0 0.65625 0.6848958333333334 0.014297385620915032 0.01011029411764706
0 0.3813316993464052 0.6821384803921569 0.01184640522875817 0.008272058823529412
0 0.04656862745098039 0.7915134803921569 0.018790849673202614 0.013174019607843137
0 0.4011437908496732 0.7765012254901961 0.01715686274509804 0.010723039215686275
0 0.36968954248366015 0.7251838235294118 0.013071895424836602 0.009191176470588236
0 0.9001225490196079 0.7666973039215687 0.016748366013071895 0.01133578431372549
1 0.26169321895424835 0.4164935661764706 0.023386437908496732 0.017423406862745097
1 0.4809293300653595 0.4956525735294117 0.018231209150326798 0.012138480392156863
0 0.7450980392156863 0.7129289215686274 0.017973856209150325 0.011029411764705883
0 0.23565767973856208 0.7305453431372549 0.014616013071895426 0.008884803921568627
0 0.2979983660130719 0.7025122549019608 0.012663398692810458 0.009191176470588236
0 0.4526143790849673 0.772671568627451 0.016339869281045753 0.011642156862745098
0 0.35580065359477125 0.7766544117647058 0.013888888888888888 0.009191176470588236
0 0.6905637254901961 0.7271752450980392 0.014297385620915032 0.010723039215686275
1 0.9697937091503267 0.5965410539215686 0.018018790849673203 0.013547794117647059
0 0.4426062091503268 0.7890625 0.01838235294117647 0.011948529411764705
0 0.9673202614379085 0.6969975490196079 0.012254901960784314 0.00857843137254902
0 0.5753676470588235 0.7967218137254902 0.014297385620915032 0.01011029411764706
0 0.3174019607843137 0.8128063725490197 0.02042483660130719 0.012254901960784314
0 0.6033496732026143 0.7738970588235294 0.015522875816993464 0.011029411764705883
0 0.6213235294117647 0.7778799019607843 0.01715686274509804 0.012254901960784314
1 0.2688419117647059 0.4317371323529412 0.019709967320261437 0.014209558823529412
0 0.3243464052287582 0.7734375 0.015522875816993464 0.01011029411764706
0 0.6166258169934641 0.7533700980392157 0.013480392156862746 0.00980392156862745
0 0.3151552287581699 0.8025428921568627 0.015931372549019607 0.01011029411764706
0 0.23590686274509803 0.6750919117647058 0.013480392156862746 0.008884803921568627
0 0.9842728758169934 0.7109375 0.01511437908496732 0.009497549019607842
0 0.20772058823529413 0.7219669117647058 0.01919934640522876 0.012561274509803922
0 0.2820669934640523 0.7245710784313726 0.013480392156862746 0.009191176470588236
0 0.22998366013071894 0.7224264705882353 0.014705882352941176 0.00980392156862745
1 0.22406045751633988 0.38128063725490197 0.020016339869281044 0.013786764705882353
0 0.30800653594771243 0.7689950980392157 0.013888888888888888 0.00980392156862745
0 0.3233251633986928 0.7166053921568627 0.014297385620915032 0.00857843137254902
0 0.6115196078431373 0.7886029411764706 0.016339869281045753 0.011029411764705883
0 0.5859885620915033 0.7795649509803921 0.016748366013071895 0.01133578431372549
0 0.45302287581699346 0.8059129901960784 0.021241830065359478 0.012561274509803922
0 0.34906045751633985 0.7262561274509803 0.013480392156862746 0.009497549019607842
0 0.4170751633986928 0.7624080882352942 0.018790849673202614 0.012561274509803922
0 0.6258169934640523 0.7979473039215687 0.0196078431372549 0.013786764705882353
1 0.2020016339869281 0.4118795955882353 0.01919934640522876 0.01371017156862745
0 0.898670343137255 0.6611351102941176 0.010575980392156863 0.0073192401960784316
0 0.33517156862745096 0.7372855392156863 0.01511437908496732 0.009497549019607842
0 0.3506944444444444 0.8265931372549019 0.01838235294117647 0.011642156862745098
0 0.42626633986928103 0.8075980392156863 0.01838235294117647 0.012254901960784314
0 0.41217320261437906 0.7443321078431373 0.01715686274509804 0.010723039215686275
1 0.23818014705882354 0.4211473651960784 0.01720996732026144 0.011412377450980392
1 0.2660600490196079 0.30775122549019607 0.01659722222222222 0.012561274509803922
0 0.7804330065359477 0.7357536764705882 0.016748366013071895 0.012561274509803922
0 0.3672385620915033 0.7538296568627451 0.014705882352941176 0.010723039215686275
0 0.9540441176470589 0.6996017156862745 0.012663398692810458 0.008884803921568627
0 0.3815359477124183 0.7665441176470589 0.014705882352941176 0.009191176470588236
1 0.14304330065359477 0.5040854779411765 0.018929738562091503 0.014911151960784314
0 0.9387254901960784 0.6966911764705882 0.012254901960784314 0.00980392156862745
1 0.43469158496732024 0.3987438725490196 0.027062908496732027 0.019301470588235295
0 0.47058823529411764 0.7861519607843137 0.02042483660130719 0.012867647058823529
0 0.41625816993464054 0.8440563725490197 0.018790849673202614 0.012867647058823529
1 0.5201450163398693 0.42754289215686275 0.02395016339869281 0.018075980392156864
0 0.22120098039215685 0.7366727941176471 0.015931372549019607 0.010723039215686275
0 0.33619281045751637 0.8174019607843137 0.0196078431372549 0.012254901960784314
1 0.35340073529411764 0.4750490196078431 0.020526960784313725 0.01566176470588235
1 0.2530902777777778 0.3083072916666667 0.019252450980392157 0.01489889705882353
0 0.12438725490196079 0.7333026960784313 0.015931372549019607 0.01133578431372549
0 0.4279003267973856 0.7484681372549019 0.015931372549019607 0.011642156862745098
0 0.5433006535947712 0.758578431372549 0.0196078431372549 0.013480392156862746
0 0.2565359477124183 0.7185968137254902 0.015522875816993464 0.01011029411764706
0 0.42463235294117646 0.8314950980392157 0.01919934640522876 0.014093137254901961
0 0.4415849673202614 0.7778799019607843 0.017973856209150325 0.011642156862745098
0 0.02246732026143791 0.7933517156862745 0.018790849673202614 0.013174019607843137
0 0.7052696078431373 0.758578431372549 0.017565359477124183 0.013480392156862746
0 0.3270016339869281 0.8537071078431373 0.02246732026143791 0.01685049019607843
0 0.10151143790849673 0.8046875 0.016748366013071895 0.011948529411764705
0 0.3619281045751634 0.7317708333333334 0.014705882352941176 0.009497549019607842
0 0.18647875816993464 0.8114276960784313 0.016748366013071895 0.011948529411764705
0 0.27655228758169936 0.7787990196078431 0.01715686274509804 0.012254901960784314
0 0.05514705882352941 0.7611825980392157 0.0196078431372549 0.013174019607843137
0 0.2922794117647059 0.7789522058823529 0.016748366013071895 0.012561274509803922
0 0.6721813725490197 0.7745098039215687 0.020833333333333332 0.014705882352941176
0 0.5126633986928104 0.8619791666666666 0.026143790849673203 0.01685049019607843
0 0.8947549019607843 0.6594500612745099 0.009281045751633986 0.005787377450980393
0 0.3492401960784314 0.7188174019607843 0.012205882352941176 0.007487745098039216
1 0.1549816176470588 0.5045189950980392 0.019113562091503267 0.014552696078431373