0 0.7775735294117647 0.8088235294117647 0.014297385620915032 0.010416666666666666
0 0.22242647058823528 0.7068014705882353 0.013480392156862746 0.009191176470588236
0 0.6319444444444444 0.8503370098039216 0.0196078431372549 0.011948529411764705
0 0.2328717320261438 0.8178829656862746 0.019665032679738563 0.013829656862745099
0 0.7310049019607843 0.7222732843137255 0.01511437908496732 0.009497549019607842
0 0.41768790849673204 0.7270220588235294 0.01511437908496732 0.011642156862745098
0 0.9522058823529411 0.7807904411764706 0.013888888888888888 0.009497549019607842
0 0.5091911764705882 0.7987132352941176 0.016748366013071895 0.011642156862745098
0 0.9758986928104575 0.8633578431372549 0.02287581699346405 0.013480392156862746
1 0.5718075980392158 0.6687454044117647 0.0235171568627451 0.017025122549019608
0 0.16427287581699346 0.8153232230392158 0.018905228758169936 0.013612132352941177
1 0.8025204248366012 0.5422579656862745 0.02170751633986928 0.017113970588235293
1 0.24305555555555555 0.6597732843137255 0.022058823529411766 0.016237745098039217
0 0.7195669934640523 0.7994791666666666 0.013480392156862746 0.01011029411764706
0 0.8339154411764705 0.7963066789215686 0.02077205882352941 0.015407475490196079
0 0.2861519607843137 0.7751225490196079 0.020016339869281044 0.014705882352941176
0 0.6825980392156863 0.9644607843137255 0.021241830065359478 0.014705882352941176
1 0.29767769607843136 0.769126838235294 0.029178921568627454 0.02170955882352941
0 0.3631535947712418 0.9350490196078431 0.02287581699346405 0.01715686274509804
1 0.827906454248366 0.484375 0.02264297385620915 0.01715686274509804
1 0.8652532679738562 0.5069806985294117 0.018088235294117648 0.01396139705882353
0 0.7751225490196079 0.7909007352941176 0.016748366013071895 0.01133578431372549
0 0.9634395424836601 0.8541666666666666 0.01838235294117647 0.014093137254901961
0 0.12969771241830066 0.7480085784313726 0.017565359477124183 0.01133578431372549
0 0.8284313725490197 0.9183517156862745 0.029411764705882353 0.015012254901960785
0 0.5604575163398693 0.847251838235294 0.022058823529411766 0.018645833333333334
0 0.14297385620915032 0.6997549019607843 0.014705882352941176 0.010416666666666666
0 0.5302287581699346 0.6937806372549019 0.013888888888888888 0.009497549019607842
0 0.6174428104575164 0.8506433823529411 0.015931372549019607 0.01011029411764706
1 0.840890522875817 0.47120098039215685 0.01838235294117647 0.012867647058823529
0 0.5563725490196079 0.9212622549019608 0.02042483660130719 0.014093137254901961
0 0.8911928104575163 0.8177527573529412 0.020130718954248367 0.012956495098039216
0 0.3903186274509804 0.9901960784313726 0.02900326797385621 0.01838235294117647
0 0.7093545751633987 0.7930453431372549 0.02165032679738562 0.012561274509803922
0 0.4650735294117647 0.6870404411764706 0.017565359477124183 0.012561274509803922
0 0.05943627450980392 0.8187806372549019 0.01919934640522876 0.011948529411764705
0 0.7951388888888888 0.8561580882352942 0.02165032679738562 0.014399509803921568
0 0.9585375816993464 0.6819852941176471 0.014297385620915032 0.009191176470588236
0 0.28308823529411764 0.7452512254901961 0.01715686274509804 0.01133578431372549
0 0.9321895424836601 0.7562806372549019 0.01715686274509804 0.01133578431372549
0 0.7808415032679739 0.8416053921568627 0.024101307189542485 0.016544117647058824
0 0.7340686274509803 0.8694852941176471 0.026143790849673203 0.015318627450980392
0 0.372140522875817 0.7674632352941176 0.0196078431372549 0.012254901960784314
0 0.37520424836601307 0.8151041666666666 0.01919934640522876 0.013174019607843137
0 0.6633986928104575 0.8688725490196079 0.024509803921568627 0.01715686274509804
1 0.6602777777777777 0.42318780637254905 0.0215359477124183 0.015493259803921569
1 0.585171568627451 0.3399203431372549 0.024918300653594773 0.017463235294117647
1 0.6019485294117647 0.4853155637254902 0.019256535947712417 0.01352328431372549
0 0.7510212418300654 0.6969975490196079 0.013480392156862746 0.009191176470588236
0 0.5314542483660131 0.9186580882352942 0.0196078431372549 0.013174019607843137
0 0.7107843137254902 0.7120098039215687 0.016339869281045753 0.010416666666666666
0 0.5330882352941176 0.8930759803921569 0.022058823529411766 0.015318627450980392
0 0.9238153594771242 0.766390931372549 0.01838235294117647 0.012561274509803922
1 0.12928921568627452 0.4583333333333333 0.024101307189542485 0.017769607843137254
0 0.5279820261437909 0.71875 0.01838235294117647 0.012254901960784314
0 0.7185457516339869 0.7064950980392157 0.013071895424836602 0.009191176470588236
0 0.6550245098039216 0.8575367647058824 0.017565359477124183 0.011642156862745098
0 0.3020833333333333 0.9051776960784313 0.020833333333333332 0.014399509803921568
1 0.2611172385620915 0.7719715073529412 0.024685457516339868 0.01882046568627451
0 0.9046160130718954 0.9476102941176471 0.020833333333333332 0.016544117647058824
0 0.5759803921568627 0.7524509803921569 0.01715686274509804 0.012867647058823529
0 0.3732781862745098 0.7563250612745098 0.024334150326797387 0.01510110294117647
0 0.09334150326797386 0.7394301470588235 0.01838235294117647 0.013174019607843137
0 0.5641339869281046 0.9446997549019608 0.02369281045751634 0.017463235294117647
1 0.4324509803921569 0.7540916053921569 0.023398692810457516 0.017987132352941176
0 0.5245098039215687 0.8060661764705882 0.021241830065359478 0.015931372549019607
0 0.6388888888888888 0.8488051470588235 0.018790849673202614 0.011948529411764705
0 0.7359068627450981 0.7778799019607843 0.01838235294117647 0.012254901960784314
0 0.5420751633986928 0.9813112745098039 0.027777777777777776 0.0196078431372549
0 0.15522875816993464 0.7547487745098039 0.01715686274509804 0.01133578431372549
0 0.7830882352941176 0.8981311274509803 0.02287581699346405 0.017463235294117647
0 0.8468137254901961 0.8241421568627451 0.021241830065359478 0.014093137254901961
0 0.7569444444444444 0.8687193627450981 0.02042483660130719 0.015625
1 0.656891339869281 0.5410539215686274 0.028651960784313726 0.018995098039215685
0 0.4499591503267974 0.7803308823529411 0.020016339869281044 0.015318627450980392
0 0.144812091503268 0.8327205882352942 0.02246732026143791 0.016544117647058824
0 0.32230392156862747 0.9800857843137255 0.03022875816993464 0.025735294117647058
0 0.6025326797385621 0.8365502450980392 0.02042483660130719 0.015625
1 0.2824754901960784 0.672640931372549 0.027369281045751634 0.020526960784313725
0 0.4446486928104575 0.9794730392156863 0.027369281045751634 0.022058823529411766
0 0.5443218954248366 0.7526041666666666 0.01838235294117647 0.013174019607843137
0 0.6229575163398693 0.8080575980392157 0.024509803921568627 0.018688725490196078
1 0.346609477124183 0.7325811887254902 0.03145424836601307 0.02276041666666667
1 0.30164624183006533 0.6819638480392156 0.033031045751633986 0.025079656862745096
0 0.49816176470588236 0.8713235294117647 0.028186274509803922 0.023284313725490197