0 0.4522058823529412 0.8895526960784313 0.021241830065359478 0.016237745098039217
0 0.5390114379084967 0.8409926470588235 0.016748366013071895 0.011029411764705883
0 0.1815093954248366 0.6707766544117647 0.014162581699346406 0.010058210784313725
0 0.15461601307189543 0.7349877450980392 0.013480392156862746 0.007352941176470588
0 0.5449346405228758 0.8501838235294118 0.017973856209150325 0.012254901960784314
1 0.15318627450980393 0.6162683823529411 0.015522875816993464 0.011948529411764705
0 0.32107843137254904 0.7222732843137255 0.013071895424836602 0.008884803921568627
1 0.6695261437908496 0.7977435661764706 0.02369281045751634 0.01705575980392157
0 0.3002450980392157 0.7113970588235294 0.012254901960784314 0.009191176470588236
0 0.011642156862745098 0.8704044117647058 0.020016339869281044 0.017769607843137254
1 0.9480759803921568 0.4878982843137255 0.014616013071895426 0.01011029411764706
0 0.33455882352941174 0.7991727941176471 0.016339869281045753 0.01133578431372549
1 0.597391748366013 0.6513219975490196 0.018312908496732026 0.013428308823529411
1 0.934640522875817 0.4913020833333333 0.013888888888888888 0.010790441176470588
1 0.9734477124183006 0.6044730392156863 0.021241830065359478 0.013480392156862746
1 0.9524101307189542 0.6135110294117647 0.01838235294117647 0.012561274509803922
1 0.9791891339869281 0.5357598039215686 0.021286764705882352 0.015147058823529411
0 0.2900326797385621 0.8311887254901961 0.017973856209150325 0.012867647058823529
0 0.36825980392156865 0.8140318627450981 0.016748366013071895 0.012254901960784314
1 0.031591094771241834 0.5529764093137255 0.017430555555555557 0.012815563725490196
0 0.24448529411764705 0.7230392156862745 0.01838235294117647 0.011642156862745098
0 0.4213643790849673 0.7944240196078431 0.016748366013071895 0.012867647058823529
0 0.9865196078431373 0.7588848039215687 0.0196078431372549 0.012867647058823529
0 0.0508578431372549 0.6920450367647059 0.015931372549019607 0.010928308823529412
0 0.3347630718954248 0.8236825980392157 0.01838235294117647 0.012561274509803922
0 0.2506127450980392 0.8860294117647058 0.02246732026143791 0.015318627450980392
0 0.349468954248366 0.8060661764705882 0.017565359477124183 0.013480392156862746
0 0.13255718954248366 0.7236519607843137 0.01919934640522876 0.012254901960784314
0 0.2382904411764706 0.7296262254901961 0.01661356209150327 0.010723039215686275