1 0.44342320261437906 0.4341482843137255 0.01919934640522876 0.014742647058823529
0 0.6985294117647058 0.6704963235294118 0.011437908496732025 0.008272058823529412
0 0.39501633986928103 0.9808517156862745 0.0196078431372549 0.013174019607843137
0 0.17853962418300653 0.7480085784313726 0.011491013071895425 0.008884803921568627
0 0.8141339869281046 0.6691176470588235 0.012254901960784314 0.007965686274509803
0 0.6872957516339869 0.6582414215686274 0.01184640522875817 0.008884803921568627
0 0.5220588235294118 0.710171568627451 0.017973856209150325 0.011642156862745098
0 0.42830882352941174 0.7078737745098039 0.013480392156862746 0.008272058823529412
0 0.38419117647058826 0.7576593137254902 0.014297385620915032 0.009191176470588236
0 0.8555964052287581 0.7084865196078431 0.013480392156862746 0.008272058823529412
1 0.7056535947712419 0.3930177696078431 0.015065359477124184 0.010300245098039215
1 0.05879901960784314 0.4117064950980392 0.01465686274509804 0.010300245098039215
0 0.8519199346405228 0.6936274509803921 0.01184640522875817 0.007965686274509803
1 0.4199346405228758 0.6416973039215687 0.02287581699346405 0.018075980392156864
0 0.5424836601307189 0.735140931372549 0.014705882352941176 0.01011029411764706
0 0.5451388888888888 0.7143075980392157 0.020833333333333332 0.012561274509803922
0 0.007965686274509803 0.6924019607843137 0.012663398692810458 0.009191176470588236
0 0.07475490196078431 0.8013174019607843 0.016339869281045753 0.012561274509803922
0 0.3596813725490196 0.7550551470588235 0.01511437908496732 0.010723039215686275
0 0.18484477124183007 0.7109375 0.015931372549019607 0.01133578431372549
0 0.5173611111111112 0.8560049019607843 0.020016339869281044 0.014093137254901961
0 0.6946997549019608 0.8028293504901961 0.01766748366013072 0.01129595588235294
0 0.30310457516339867 0.7231924019607843 0.0196078431372549 0.010723039215686275
1 0.22053717320261437 0.6568244485294118 0.030126633986928105 0.018918504901960783
1 0.9362745098039216 0.6501225490196079 0.01715686274509804 0.011642156862745098
0 0.3059640522875817 0.8840379901960784 0.021241830065359478 0.012561274509803922
1 0.17381535947712418 0.44766697303921565 0.01511437908496732 0.011755514705882352
1 0.6902062908496732 0.4558624387254902 0.019301470588235295 0.01282781862745098
0 0.05800653594771242 0.6824448529411765 0.014705882352941176 0.008884803921568627
1 0.8688725490196079 0.6829044117647058 0.013888888888888888 0.009191176470588236
0 0.14215686274509803 0.7354473039215687 0.017973856209150325 0.01133578431372549
0 0.3574346405228758 0.7210477941176471 0.013888888888888888 0.008884803921568627
1 0.3579452614379085 0.32081035539215685 0.013276143790849673 0.009880514705882353
0 0.5135049019607842 0.8465456495098039 0.0221078431372549 0.015395220588235295
1 0.09027777777777778 0.39068167892156863 0.01715686274509804 0.011755514705882352
0 0.08333333333333333 0.7619485294117647 0.017973856209150325 0.011029411764705883
0 0.19477736928104575 0.7298376225490196 0.014554738562091505 0.011145833333333334
1 0.21160130718954248 0.5286458333333334 0.017973856209150325 0.013174019607843137
0 0.05065359477124183 0.7518382352941176 0.0196078431372549 0.011642156862745098
1 0.18770424836601307 0.4453125 0.016748366013071895 0.011948529411764705
0 0.7587826797385621 0.6931678921568627 0.013480392156862746 0.008884803921568627
0 0.2569444444444444 0.7279411764705882 0.0196078431372549 0.012867647058823529
0 0.7595996732026143 0.6689644607843137 0.013480392156862746 0.008884803921568627
0 0.3214869281045752 0.8743872549019608 0.0196078431372549 0.014093137254901961
0 0.3737745098039216 0.7452512254901961 0.016339869281045753 0.010723039215686275
0 0.03855187908496732 0.7532552083333334 0.01582924836601307 0.009574142156862746
1 0.8682598039215687 0.6295955882352942 0.01919934640522876 0.012867647058823529
0 0.733251633986928 0.6698835784313726 0.012254901960784314 0.008884803921568627
1 0.1340890522875817 0.45839001225490195 0.0181781045751634 0.011142769607843137
0 0.32393790849673204 0.7225796568627451 0.013888888888888888 0.010723039215686275
0 0.29064542483660133 0.7401960784313726 0.01511437908496732 0.011029411764705883
1 0.5064338235294118 0.4102895220588235 0.01613562091503268 0.011755514705882352
0 0.45608660130718953 0.7734375 0.015931372549019607 0.011948529411764705
1 0.7269709967320261 0.44669117647058826 0.01766748366013072 0.013480392156862746
0 0.02287581699346405 0.7212009803921569 0.016339869281045753 0.011642156862745098
1 0.37893178104575165 0.33392769607843137 0.01685049019607843 0.013443627450980393
1 0.36207516339869283 0.5427175245098039 0.019901960784313725 0.014356617647058824
1 0.9468954248366013 0.5988051470588235 0.02042483660130719 0.013174019607843137
0 0.9279003267973857 0.8339460784313726 0.016748366013071895 0.012867647058823529
0 0.8788807189542484 0.6894914215686274 0.014297385620915032 0.009497549019607842
1 0.7076695261437909 0.44724724264705884 0.019097222222222224 0.014592524509803922
0 0.1827001633986928 0.741000306372549 0.0181781045751634 0.011412377450980392
0 0.7857434640522876 0.7150735294117647 0.012663398692810458 0.00857843137254902
1 0.39103349673202614 0.39382352941176474 0.016544117647058824 0.013137254901960785
0 0.7230392156862745 0.6780024509803921 0.013071895424836602 0.00857843137254902
1 0.29503676470588236 0.3711136642156863 0.01491013071895425 0.011222426470588236
0 0.27798202614379086 0.7264093137254902 0.02246732026143791 0.017769607843137254
0 0.2894199346405229 0.8112745098039216 0.017565359477124183 0.014093137254901961
0 0.31086601307189543 0.7316176470588235 0.014705882352941176 0.010416666666666666
0 0.7197712418300654 0.7175245098039216 0.015522875816993464 0.010416666666666666
1 0.5110804738562091 0.3601026348039216 0.020526960784313725 0.01677389705882353
0 0.7803574346405229 0.7667172181372549 0.018231209150326798 0.011988357843137256
1 0.5220853758169934 0.3710171568627451 0.021294934640522876 0.014705882352941176
1 0.3048672385620915 0.37496170343137253 0.01741421568627451 0.011565563725490197
1 0.42805351307189543 0.3214047181372549 0.016237745098039217 0.012294730392156863
1 0.08887459150326797 0.3568091299019608 0.01843545751633987 0.013250612745098039
1 0.5761846405228758 0.23349417892156862 0.015931372549019607 0.012944240196078432
1 0.05512254901960784 0.37183976715686273 0.01874183006535948 0.01206188725490196
1 0.23021446078431373 0.5193964460784314 0.020886437908496733 0.014895833333333332
1 0.09660947712418301 0.4721200980392157 0.020833333333333332 0.015318627450980392
1 0.6006944444444444 0.7358685661764706 0.025735294117647058 0.01953125
0 0.9099264705882353 0.7478553921568627 0.02246732026143791 0.012254901960784314
0 0.514501633986928 0.7915134803921569 0.020833333333333332 0.013174019607843137
1 0.15137459150326799 0.5218857230392157 0.019252450980392157 0.012521446078431371
0 0.016033496732026142 0.743374693627451 0.018995098039215685 0.011259191176470588
0 0.304125816993464 0.7398897058823529 0.015931372549019607 0.011642156862745098
1 0.37359885620915034 0.49284466911764707 0.024158496732026143 0.016939338235294116
0 0.07005718954248366 0.7680759803921569 0.01919934640522876 0.013480392156862746
1 0.4837888071895425 0.26355698529411764 0.015780228758169937 0.012408088235294117
0 0.4652777777777778 0.7814031862745098 0.017973856209150325 0.01133578431372549
0 0.721609477124183 0.8068321078431373 0.01919934640522876 0.013786764705882353
1 0.1650326797385621 0.5335477941176471 0.022058823529411766 0.015012254901960785
0 0.09987745098039216 0.7524509803921569 0.020016339869281044 0.013480392156862746
1 0.19240196078431374 0.6709558823529411 0.027777777777777776 0.020833333333333332
1 0.37111928104575165 0.4018075980392157 0.020016339869281044 0.015012254901960785
1 0.18428308823529413 0.4816942401960784 0.020526960784313725 0.01485906862745098
0 0.4528186274509804 0.8451286764705882 0.023284313725490197 0.01685049019607843
0 0.49387254901960786 0.8423713235294118 0.02369281045751634 0.018075980392156864
1 0.45779411764705885 0.4332107843137255 0.016895424836601308 0.012254901960784314
1 0.486078431372549 0.26608455882352944 0.013823529411764707 0.010723039215686275
1 0.8855228758169935 0.3685845588235294 0.012058823529411764 0.008615196078431373
0 0.19690563725490196 0.7371522671568628 0.016360294117647056 0.011681985294117648
0 0.008176062091503268 0.7388556985294118 0.016352124183006536 0.012637867647058824
1 0.04690972222222223 0.36722579656862747 0.01457107843137255 0.009574142156862746