0 0.4765114379084967 0.7458639705882353 0.017565359477124183 0.013786764705882353
1 0.30269607843137253 0.6599264705882353 0.022058823529411766 0.01715686274509804
0 0.20649509803921567 0.7599571078431373 0.020016339869281044 0.011948529411764705
0 0.16687091503267973 0.7628676470588235 0.020833333333333332 0.015318627450980392
0 0.17851307189542484 0.6564031862745098 0.016339869281045753 0.01011029411764706
0 0.23937908496732027 0.7575061274509803 0.0196078431372549 0.014399509803921568
0 0.7816584967320261 0.8768382352941176 0.027369281045751634 0.01838235294117647
0 0.6966911764705882 0.7651654411764706 0.02165032679738562 0.014399509803921568
0 0.9384109477124183 0.6286075367647059 0.016527777777777777 0.010891544117647058
1 0.0520281862745098 0.6089568014705883 0.023174019607843137 0.015707720588235295
1 0.09237745098039216 0.6209620098039216 0.025441176470588234 0.017659313725490195
1 0.26268178104575163 0.5387423406862745 0.02209558823529412 0.01743566176470588
1 0.2328063725490196 0.5313893995098039 0.023619281045751634 0.01743566176470588