0 0.14460784313725492 0.6481311274509803 0.012254901960784314 0.008272058823529412
1 0.13705065359477125 0.6384803921568627 0.013480392156862746 0.009191176470588236
1 0.741828022875817 0.8194439338235294 0.027773692810457513 0.018177083333333333
1 0.7107148692810458 0.8221001838235295 0.02355392156862745 0.01674938725490196
0 0.7681107026143791 0.8101516544117647 0.014162581699346406 0.010621936274509804
0 0.17258986928104575 0.6833639705882353 0.011029411764705883 0.008272058823529412
0 0.11642156862745098 0.6697303921568627 0.010620915032679739 0.007352941176470588
0 0.3931781045751634 0.6979166666666666 0.014297385620915032 0.00980392156862745
0 0.47794117647058826 0.7954963235294118 0.013071895424836602 0.009497549019607842
1 0.11465073529411765 0.5971200980392157 0.01770016339869281 0.011642156862745098
0 0.1999591503267974 0.6625306372549019 0.014297385620915032 0.008884803921568627
1 0.3372834967320261 0.5778186274509803 0.02178921568627451 0.015931372549019607
0 0.0959967320261438 0.7014399509803921 0.012254901960784314 0.008272058823529412
0 0.5941584967320261 0.7985600490196079 0.015931372549019607 0.010723039215686275
1 0.2747140522875817 0.6276041666666666 0.01511437908496732 0.01011029411764706
1 0.5610702614379085 0.3268995098039216 0.023284313725490197 0.016544117647058824
1 0.6217994281045751 0.46246936274509803 0.020559640522875816 0.014399509803921568
0 0.022263071895424837 0.6606924019607843 0.015931372549019607 0.01011029411764706
0 0.5704656862745098 0.7979473039215687 0.016748366013071895 0.012561274509803922
0 0.5925245098039216 0.7895220588235294 0.016748366013071895 0.012254901960784314
0 0.42034313725490197 0.7363664215686274 0.013071895424836602 0.009497549019607842
1 0.3808558006535948 0.5955376838235295 0.01661356209150327 0.01276654411764706
1 0.8198529411764706 0.694546568627451 0.016339869281045753 0.011029411764705883
0 0.6388214869281046 0.771701899509804 0.01702205882352941 0.01276654411764706
1 0.4667075163398693 0.6853553921568627 0.01511437908496732 0.010416666666666666
1 0.2397875816993464 0.6355698529411765 0.015522875816993464 0.011948529411764705
0 0.40012254901960786 0.7510723039215687 0.012663398692810458 0.008272058823529412
0 0.041870915032679736 0.7311580882352942 0.01511437908496732 0.009497549019607842
0 0.41891339869281047 0.8105085784313726 0.013480392156862746 0.009497549019607842
1 0.30249183006535946 0.5235906862745098 0.015931372549019607 0.012867647058823529
1 0.6942401960784313 0.6735600490196079 0.020016339869281044 0.013786764705882353
0 0.46977124183006536 0.7532169117647058 0.014705882352941176 0.009497549019607842
1 0.35804738562091504 0.6243367034313726 0.020833333333333332 0.016443014705882355
0 0.18178104575163398 0.6674325980392157 0.010620915032679739 0.007659313725490196
0 0.2201797385620915 0.7832414215686274 0.015522875816993464 0.010723039215686275
0 0.20955882352941177 0.8042279411764706 0.014705882352941176 0.00857843137254902
1 0.6953962418300653 0.806423100490196 0.025596405228758168 0.019096200980392157
0 0.5126633986928104 0.7418811274509803 0.013071895424836602 0.009497549019607842
1 0.28921568627450983 0.7371323529411765 0.016339869281045753 0.011642156862745098
0 0.5271650326797386 0.8163296568627451 0.013480392156862746 0.01011029411764706
1 0.32890727124183006 0.5832827818627451 0.022193627450980392 0.014604779411764706
1 0.5610702614379085 0.3092830882352941 0.020016339869281044 0.014399509803921568
0 0.20833333333333334 0.7377450980392157 0.016339869281045753 0.00980392156862745
1 0.13766339869281047 0.6272977941176471 0.013071895424836602 0.01011029411764706
1 0.5277103758169934 0.3867447916666667 0.01702205882352941 0.011847426470588236
1 0.7956842320261438 0.6228048406862745 0.015388071895424838 0.010928308823529412
0 0.2661356209150327 0.7354473039215687 0.014297385620915032 0.01133578431372549
0 0.8184232026143791 0.7662377450980392 0.013480392156862746 0.009191176470588236
1 0.5287316176470589 0.6024816176470589 0.021515522875816994 0.014399509803921568
1 0.8435457516339869 0.6141237745098039 0.018790849673202614 0.013786764705882353
1 0.4375 0.6717218137254902 0.017973856209150325 0.011948529411764705
0 0.3445669934640523 0.7533700980392157 0.01511437908496732 0.009191176470588236
1 0.7973182189542484 0.7209972426470589 0.015388071895424838 0.011234681372549021
1 0.3024244281045752 0.6913802083333334 0.017430555555555557 0.013275122549019608
1 0.1275183823529412 0.6098345588235294 0.01565767973856209 0.01133578431372549
0 0.17320261437908496 0.7415747549019608 0.01715686274509804 0.01011029411764706
0 0.3417075163398693 0.7447916666666666 0.01511437908496732 0.009191176470588236
0 0.3813316993464052 0.7647058823529411 0.014297385620915032 0.011029411764705883
0 0.1954656862745098 0.7673100490196079 0.017565359477124183 0.011948529411764705
0 0.5755044934640523 0.7165027573529411 0.01457107843137255 0.008985906862745098
0 0.3402777777777778 0.9312193627450981 0.02369281045751634 0.018688725490196078
1 0.42640114379084965 0.6293918504901961 0.0202859477124183 0.014911151960784314
1 0.36580882352941174 0.5647977941176471 0.02246732026143791 0.01685049019607843
1 0.6468545751633987 0.5980392156862745 0.020833333333333332 0.014705882352941176
1 0.6047794117647058 0.5171568627450981 0.01838235294117647 0.014093137254901961
1 0.5415298202614379 0.5488664215686274 0.022602124183006535 0.015625
0 0.3016748366013072 0.9146752450980392 0.017565359477124183 0.014399509803921568
1 0.3362602124183006 0.5068428308823529 0.018108660130718955 0.013072916666666667
1 0.4513888888888889 0.4875919117647059 0.0196078431372549 0.013174019607843137
0 0.5077614379084967 0.8213848039215687 0.016339869281045753 0.011642156862745098
1 0.6315359477124183 0.4756433823529412 0.021241830065359478 0.015012254901960785
0 0.6262254901960784 0.8517156862745098 0.01715686274509804 0.011029411764705883
0 0.610498366013072 0.7993259803921569 0.016748366013071895 0.012254901960784314
1 0.37023488562091506 0.6544623161764705 0.01661356209150327 0.011743259803921569
1 0.5098039215686274 0.7047594975490196 0.018790849673202614 0.014298406862745099
0 0.9458741830065359 0.7855392156862745 0.017565359477124183 0.011642156862745098
1 0.4409722222222222 0.619689031862745 0.025735294117647058 0.018789828431372547
1 0.22732843137254902 0.5770526960784313 0.01838235294117647 0.013786764705882353
0 0.6294934640522876 0.7962622549019608 0.016339869281045753 0.011029411764705883
1 0.2894199346405229 0.6792279411764706 0.01919934640522876 0.014093137254901961
0 0.7408088235294118 0.9007352941176471 0.01511437908496732 0.010416666666666666
0 0.49203431372549017 0.7599571078431373 0.016748366013071895 0.01133578431372549
0 0.5314542483660131 0.8344056372549019 0.016339869281045753 0.011948529411764705
1 0.3729575163398693 0.5862438725490197 0.018790849673202614 0.013786764705882353
0 0.3786764705882353 0.7437193627450981 0.015522875816993464 0.01011029411764706
1 0.3590686274509804 0.6018688725490197 0.021241830065359478 0.016237745098039217
0 0.8691441993464052 0.8156663602941177 0.01770016339869281 0.011847426470588236
1 0.6525735294117647 0.7104779411764706 0.023284313725490197 0.016544117647058824
1 0.24101307189542484 0.5756740196078431 0.021241830065359478 0.015931372549019607
0 0.5055147058823529 0.7668504901960784 0.016748366013071895 0.011642156862745098
1 0.6158088235294118 0.6017156862745098 0.025735294117647058 0.018995098039215685
1 0.3431372549019608 0.6210171568627451 0.02287581699346405 0.01715686274509804
1 0.3312908496732026 0.5726102941176471 0.026143790849673203 0.01715686274509804
1 0.32312091503267976 0.6965379901960784 0.017973856209150325 0.012561274509803922
1 0.5049019607843137 0.6786151960784313 0.021241830065359478 0.015931372549019607
0 0.4462826797385621 0.8808210784313726 0.023284313725490197 0.01715686274509804
0 0.6879084967320261 0.8530943627450981 0.01715686274509804 0.012561274509803922
1 0.5388071895424836 0.5012254901960784 0.022058823529411766 0.015931372549019607
0 0.032883986928104576 0.8138786764705882 0.02165032679738562 0.014399509803921568
1 0.5320669934640523 0.5435049019607843 0.023284313725490197 0.016544117647058824
1 0.6141748366013072 0.7452512254901961 0.024918300653594773 0.01685049019607843
1 0.4797794117647059 0.6145833333333334 0.02165032679738562 0.015931372549019607
0 0.4979575163398693 0.8647365196078431 0.021241830065359478 0.01685049019607843
0 0.22569444444444445 0.8166360294117647 0.017565359477124183 0.013174019607843137
1 0.5890522875816994 0.5997242647058824 0.026143790849673203 0.018688725490196078
1 0.4195261437908497 0.5369178921568627 0.022058823529411766 0.016237745098039217
1 0.31229575163398693 0.7035845588235294 0.017565359477124183 0.012561274509803922
1 0.5111376633986928 0.4550658700980392 0.01573937908496732 0.010621936274509804
0 0.5705065359477124 0.7123161764705882 0.013562091503267974 0.00857843137254902
1 0.6980943627450981 0.5676056985294118 0.013835784313725489 0.009598651960784313
1 0.45750612745098035 0.3999188112745098 0.013868464052287583 0.009396446078431374
1 0.07395833333333333 0.4281050857843137 0.015563725490196079 0.011234681372549021