0 0.45935457516339867 0.7247242647058824 0.016748366013071895 0.010723039215686275
0 0.8053513071895425 0.967984068627451 0.016748366013071895 0.01133578431372549
0 0.2295751633986928 0.8576899509803921 0.013888888888888888 0.008884803921568627
0 0.2673611111111111 0.835171568627451 0.01511437908496732 0.011029411764705883
0 0.8057598039215687 0.7366727941176471 0.01511437908496732 0.01011029411764706
0 0.5588235294117647 0.8290441176470589 0.01715686274509804 0.012254901960784314
0 0.9129901960784313 0.7299325980392157 0.01715686274509804 0.01133578431372549
0 0.12397875816993464 0.8889399509803921 0.016748366013071895 0.013174019607843137
1 0.6855494281045751 0.45395833333333335 0.027961601307189544 0.02127450980392157
0 0.5447303921568627 0.9286151960784313 0.01511437908496732 0.011029411764705883
0 0.6559436274509803 0.8695419730392157 0.024305555555555556 0.01788296568627451
0 0.0718954248366013 0.7878370098039216 0.015522875816993464 0.010723039215686275
0 0.7034313725490197 0.8848039215686274 0.014705882352941176 0.011642156862745098
0 0.6577471405228758 0.7677696078431373 0.019742647058823528 0.012254901960784314
0 0.484546568627451 0.7787990196078431 0.015661764705882354 0.010416666666666666
0 0.43504901960784315 0.7527068014705882 0.015522875816993464 0.010928308823529412
0 0.7959558823529411 0.7516850490196079 0.020016339869281044 0.012561274509803922
0 0.6593137254901961 0.8843443627450981 0.016339869281045753 0.011948529411764705
0 0.4497549019607843 0.8267463235294118 0.01715686274509804 0.012561274509803922
0 0.8817401960784313 0.7025122549019608 0.015931372549019607 0.010416666666666666
0 0.6462418300653595 0.7415747549019608 0.014705882352941176 0.010723039215686275
0 0.45322712418300654 0.8085171568627451 0.016748366013071895 0.011642156862745098
0 0.9699754901960784 0.7463235294117647 0.01919934640522876 0.014093137254901961
0 0.14297385620915032 0.8223039215686274 0.014705882352941176 0.00980392156862745
0 0.9019607843137255 0.7264093137254902 0.015522875816993464 0.00857843137254902
0 0.08394607843137254 0.8342524509803921 0.016748366013071895 0.012254901960784314
0 0.7971813725490197 0.8394607843137255 0.01919934640522876 0.012867647058823529
0 0.8382352941176471 0.7356004901960784 0.018790849673202614 0.011029411764705883
0 0.7224264705882353 0.8812806372549019 0.015931372549019607 0.010723039215686275
1 0.6140053104575164 0.604702818627451 0.023762254901960784 0.01639093137254902
0 0.6345996732026143 0.8999693627450981 0.016748366013071895 0.011948529411764705
0 0.37397875816993464 0.8400735294117647 0.020833333333333332 0.014093137254901961
0 0.6279268790849674 0.7324341299019608 0.01892565359477124 0.013275122549019608
0 0.2804330065359477 0.992953431372549 0.028186274509803922 0.013480392156862746
0 0.35518790849673204 0.8745404411764706 0.016748366013071895 0.011948529411764705
0 0.21091911764705884 0.9127864583333334 0.02477941176470588 0.014911151960784314
0 0.5706699346405228 0.7685355392156863 0.017973856209150325 0.01133578431372549
0 0.19648692810457516 0.8143382352941176 0.021241830065359478 0.012867647058823529
0 0.5069444444444444 0.8530943627450981 0.021241830065359478 0.015625
0 0.9932598039215687 0.7849264705882353 0.012663398692810458 0.014705882352941176
0 0.3909313725490196 0.8466605392156863 0.017973856209150325 0.013174019607843137
0 0.9377042483660131 0.717984068627451 0.016748366013071895 0.009497549019607842
0 0.468188316993464 0.8674172794117647 0.013174019607843137 0.010569852941176471
0 0.502859477124183 0.8308823529411765 0.0196078431372549 0.013480392156862746
1 0.44138071895424835 0.6558409926470589 0.02246732026143791 0.016338848039215686
0 0.2062908496732026 0.7795649509803921 0.018790849673202614 0.012561274509803922
0 0.8574346405228758 0.7238051470588235 0.02042483660130719 0.012561274509803922
0 0.4227941176470588 0.9149816176470589 0.02042483660130719 0.014399509803921568
0 0.8803104575163399 0.9238664215686274 0.017973856209150325 0.011948529411764705
0 0.4507761437908497 0.8409926470588235 0.02246732026143791 0.014093137254901961
0 0.7430555555555556 0.8494178921568627 0.016339869281045753 0.011948529411764705
0 0.2267156862745098 0.7800245098039216 0.02042483660130719 0.012867647058823529
0 0.6717728758169934 0.9765625 0.017565359477124183 0.013786764705882353
0 0.28104575163398693 0.9934129901960784 0.029411764705882353 0.013174019607843137
1 0.8432741013071896 0.6978661151960784 0.03295343137254902 0.020732230392156863
1 0.3911356209150327 0.7708838848039216 0.024918300653594773 0.017870710784313727
0 0.7438725490196079 0.9250919117647058 0.018790849673202614 0.014399509803921568
0 0.5731209150326797 0.7954963235294118 0.017973856209150325 0.013174019607843137
0 0.8276143790849673 0.9943321078431373 0.027777777777777776 0.010723039215686275
1 0.3926327614379085 0.7032781862745098 0.02301062091503268 0.017463235294117647
0 0.049836601307189546 0.9923406862745098 0.035130718954248366 0.015318627450980392
0 0.7381535947712419 0.7325367647058824 0.017973856209150325 0.011029411764705883
0 0.27124183006535946 0.8040747549019608 0.018790849673202614 0.013786764705882353
0 0.4236111111111111 0.7469362745098039 0.01715686274509804 0.012254901960784314
0 0.5806781045751634 0.7740502450980392 0.02165032679738562 0.014399509803921568
0 0.5026552287581699 0.8020833333333334 0.01919934640522876 0.012867647058823529
0 0.31270424836601307 0.9931066176470589 0.03390522875816993 0.013786764705882353
0 0.7931658496732027 0.7562806372549019 0.01933823529411765 0.010723039215686275
0 0.6441993464052288 0.9955575980392157 0.029411764705882353 0.008272058823529412
0 0.9227941176470589 0.6934742647058824 0.017973856209150325 0.01133578431372549
1 0.5919117647058824 0.7413189338235294 0.028594771241830064 0.02124080882352941
1 0.3146793300653595 0.6705989583333334 0.021515522875816994 0.016443014705882355
1 0.8371793300653595 0.5266283700980392 0.019129901960784314 0.014041053921568626
1 0.8525326797385621 0.6259191176470589 0.024509803921568627 0.01715686274509804
0 0.1707516339869281 0.6979166666666666 0.015522875816993464 0.011029411764705883
0 0.9037990196078431 0.7352941176470589 0.01838235294117647 0.011642156862745098
0 0.5126633986928104 0.9356617647058824 0.0196078431372549 0.014093137254901961
0 0.42463235294117646 0.8936887254901961 0.02246732026143791 0.015931372549019607
0 0.7001633986928104 0.8514093137254902 0.02042483660130719 0.014705882352941176
0 0.8357169117647059 0.8340992647058824 0.021924019607843136 0.012561274509803922
0 0.7830882352941176 0.7496936274509803 0.017973856209150325 0.012254901960784314
1 0.35232843137254904 0.6666161151960784 0.02165032679738562 0.015217524509803923
0 0.247140522875817 0.758578431372549 0.026143790849673203 0.015318627450980392
1 0.5639297385620915 0.6738664215686274 0.02246732026143791 0.015012254901960785
0 0.8903186274509803 0.9332107843137255 0.023284313725490197 0.015931372549019607
0 0.7551062091503268 0.9950980392156863 0.027369281045751634 0.00980392156862745
1 0.6143116830065359 0.7725183823529411 0.023558006535947713 0.018688725490196078
1 0.48536151960784313 0.6967938112745098 0.022193627450980392 0.01674938725490196
0 0.7201797385620915 0.8402267156862745 0.021241830065359478 0.015625
1 0.7916666666666666 0.6825980392156863 0.02287581699346405 0.015931372549019607
1 0.6467177287581699 0.6925045955882353 0.027912581699346406 0.017974877450980392
0 0.25612745098039214 0.8167892156862745 0.025326797385620915 0.015931372549019607
1 0.5102124183006536 0.7556678921568627 0.025326797385620915 0.018688725490196078
0 0.3372140522875817 0.922640931372549 0.024101307189542485 0.018688725490196078
0 0.9871323529411765 0.7150735294117647 0.020833333333333332 0.014093137254901961
1 0.5921160130718954 0.5986519607843137 0.024918300653594773 0.01715686274509804
1 0.4120363562091503 0.7113970588235294 0.023419117647058823 0.01838235294117647
1 0.6889297385620915 0.7765012254901961 0.026552287581699346 0.019301470588235295
0 0.9546568627450981 0.7510723039215687 0.02369281045751634 0.015625
1 0.49870710784313727 0.6891344975490196 0.023558006535947713 0.01552389705882353
1 0.7249448529411765 0.6952098651960784 0.03322303921568628 0.021547181372549018
0 0.9325980392156863 0.7329963235294118 0.022058823529411766 0.015012254901960785
1 0.6609477124183006 0.7906969975490196 0.026143790849673203 0.020732230392156863
1 0.4826388888888889 0.6755514705882353 0.024918300653594773 0.01715686274509804
1 0.8341503267973857 0.6309742647058824 0.027777777777777776 0.019301470588235295
0 0.29105392156862747 0.8161764705882353 0.02165032679738562 0.015318627450980392
0 0.9211601307189542 0.7522977941176471 0.02287581699346405 0.015012254901960785
1 0.46313112745098034 0.6552282475490196 0.018582516339869282 0.014500612745098038
0 0.9702675653594772 0.7162990196078431 0.018966503267973858 0.010416666666666666
0 0.834859068627451 0.8399708946078431 0.019391339869281047 0.013275122549019608
0 0.5087479575163398 0.8063725490196079 0.014227941176470587 0.009191176470588236
1 0.5701388888888889 0.6223958333333334 0.019362745098039216 0.013786764705882353