0 0.2659313725490196 0.8400735294117647 0.016339869281045753 0.011642156862745098
0 0.9614317810457517 0.6617907475490196 0.012732843137254903 0.0067922794117647066
0 0.9769199346405228 0.6619944852941176 0.014297385620915032 0.009650735294117647
0 0.9070669934640523 0.7037377450980392 0.01184640522875817 0.007352941176470588
0 0.8204656862745098 0.639859068627451 0.013480392156862746 0.008884803921568627
1 0.9747998366013072 0.5248161764705882 0.016593137254901958 0.011029411764705883
0 0.29840686274509803 0.6548713235294118 0.01184640522875817 0.008272058823529412
0 0.024918300653594773 0.7202818627450981 0.018790849673202614 0.011029411764705883
0 0.3819444444444444 0.7771139705882353 0.016339869281045753 0.012561274509803922
1 0.1227532679738562 0.5827205882352942 0.01511437908496732 0.011642156862745098
0 0.289624183006536 0.7496936274509803 0.013071895424836602 0.00980392156862745
0 0.8543709150326797 0.7463235294117647 0.015931372549019607 0.009191176470588236
1 0.11213235294117647 0.5721507352941176 0.017565359477124183 0.012561274509803922
0 0.3925653594771242 0.7673100490196079 0.018790849673202614 0.013174019607843137
0 0.9928513071895425 0.7060355392156863 0.014297385620915032 0.012561274509803922
0 0.27001633986928103 0.7699142156862745 0.015522875816993464 0.011029411764705883
0 0.3020833333333333 0.6743259803921569 0.014297385620915032 0.009191176470588236
1 0.2722630718954248 0.6207107843137255 0.016748366013071895 0.012867647058823529
1 0.9384701797385621 0.5078324142156863 0.017463235294117647 0.011988357843137256
1 0.9159783496732027 0.5286458333333334 0.013329248366013072 0.01011029411764706
0 0.4507761437908497 0.8239889705882353 0.01838235294117647 0.013786764705882353
0 0.1417483660130719 0.7025122549019608 0.016339869281045753 0.012254901960784314
0 0.9787581699346405 0.7305453431372549 0.01715686274509804 0.01133578431372549
1 0.04718137254901961 0.45940563725490197 0.02246732026143791 0.01685049019607843
0 0.8349673202614379 0.6719255514705882 0.015522875816993464 0.011743259803921569
0 0.9739930555555556 0.6583946078431373 0.013345588235294118 0.00857843137254902
1 0.9646650326797386 0.5154718137254902 0.015931372549019607 0.01133578431372549
1 0.0951797385620915 0.616421568627451 0.0196078431372549 0.013480392156862746
0 0.8709150326797386 0.8141850490196079 0.017973856209150325 0.012561274509803922
0 0.2849264705882353 0.6701899509803921 0.01511437908496732 0.010723039215686275
1 0.9314746732026143 0.4993872549019608 0.017361111111111112 0.011642156862745098
0 0.9138071895424836 0.7519914215686274 0.02287581699346405 0.016237745098039217
0 0.8261846405228758 0.8832720588235294 0.023284313725490197 0.017769607843137254
0 0.9452614379084967 0.7097120098039216 0.015522875816993464 0.010723039215686275
1 0.04616013071895425 0.5816482843137255 0.022058823529411766 0.015012254901960785
0 0.9569035947712419 0.7316176470588235 0.015931372549019607 0.011029411764705883
1 0.9397732843137255 0.4877450980392157 0.019252450980392157 0.013480392156862746
0 0.30126633986928103 0.7357536764705882 0.01838235294117647 0.014399509803921568
0 0.8782679738562091 0.6760110294117647 0.015522875816993464 0.01011029411764706
1 0.10375816993464053 0.6079197303921569 0.02042483660130719 0.01485906862745098
1 0.9589460784313726 0.5064338235294118 0.01838235294117647 0.012254901960784314
0 0.886437908496732 0.7893688725490197 0.018790849673202614 0.013786764705882353
0 0.12765522875816993 0.7184436274509803 0.020016339869281044 0.013480392156862746
0 0.9846813725490197 0.9057904411764706 0.027369281045751634 0.01991421568627451
1 0.9393075980392157 0.5027956495098039 0.015870098039215685 0.011106004901960785
1 0.919170751633987 0.4040870098039216 0.009910130718954248 0.0067034313725490196