0 0.994281045751634 0.6841299019607843 0.010620915032679739 0.00980392156862745
0 0.18525531045751634 0.7034313725490197 0.011850490196078431 0.007965686274509803
0 0.5122549019607843 0.7835477941176471 0.018790849673202614 0.011948529411764705
0 0.10089869281045752 0.7095588235294118 0.01715686274509804 0.00980392156862745
0 0.7526552287581699 0.7506127450980392 0.017565359477124183 0.011029411764705883
0 0.840890522875817 0.7095588235294118 0.013480392156862746 0.007965686274509803
1 0.795547385620915 0.6732536764705882 0.017565359477124183 0.012561274509803922
0 0.00857843137254902 0.883578431372549 0.015522875816993464 0.015318627450980392
0 0.8654003267973857 0.6936274509803921 0.013480392156862746 0.00857843137254902
1 0.9144199346405228 0.6744791666666666 0.015931372549019607 0.01133578431372549
0 0.19240196078431374 0.7051164215686274 0.012254901960784314 0.0070465686274509805
0 0.6966911764705882 0.8511029411764706 0.01511437908496732 0.011029411764705883
0 0.9105392156862745 0.6977634803921569 0.013888888888888888 0.009497549019607842
0 0.7694035947712419 0.8193933823529411 0.01838235294117647 0.011948529411764705
1 0.8157679738562091 0.5623468137254902 0.02287581699346405 0.015012254901960785
1 0.9256535947712419 0.6695772058823529 0.015522875816993464 0.01133578431372549
0 0.9808006535947712 0.7123161764705882 0.01715686274509804 0.00980392156862745
0 0.9428104575163399 0.7415747549019608 0.015522875816993464 0.009497549019607842
0 0.9699754901960784 0.696078431372549 0.013480392156862746 0.00857843137254902
0 0.8290441176470589 0.6901041666666666 0.014297385620915032 0.009497549019607842
0 0.1750408496732026 0.7055759803921569 0.013480392156862746 0.00857843137254902
0 0.8282271241830066 0.8941482843137255 0.01919934640522876 0.014399509803921568
0 0.8733660130718954 0.6841299019607843 0.014705882352941176 0.00980392156862745
1 0.6997549019607843 0.7817095588235294 0.028594771241830064 0.019301470588235295
1 0.866421568627451 0.6124387254901961 0.02287581699346405 0.015931372549019607
0 0.9142156862745098 0.6827512254901961 0.015522875816993464 0.009497549019607842
1 0.7883986928104575 0.5467218137254902 0.02369281045751634 0.01685049019607843
0 0.661968954248366 0.9336703431372549 0.02246732026143791 0.015625
0 0.8956290849673203 0.6946997549019608 0.015931372549019607 0.01011029411764706
0 0.8445669934640523 0.7409620098039216 0.01919934640522876 0.011948529411764705
1 0.30718954248366015 0.5416666666666666 0.024509803921568627 0.01715686274509804
0 0.8901143790849673 0.7352941176470589 0.015522875816993464 0.00980392156862745
1 0.6131535947712419 0.678921568627451 0.02287581699346405 0.017769607843137254
0 0.9131944444444444 0.7072610294117647 0.014297385620915032 0.009497549019607842
0 0.3500816993464052 0.8253676470588235 0.018790849673202614 0.014705882352941176
0 0.8435457516339869 0.6807598039215687 0.015522875816993464 0.010416666666666666
0 0.9381127450980392 0.7308517156862745 0.01511437908496732 0.009497549019607842
0 0.07066993464052287 0.7817095588235294 0.017973856209150325 0.011948529411764705
0 0.8486519607843137 0.8915441176470589 0.01919934640522876 0.014705882352941176
0 0.9285130718954249 0.6943933823529411 0.014705882352941176 0.009497549019607842
1 0.8956290849673203 0.6193321078431373 0.02165032679738562 0.015012254901960785
1 0.7606209150326797 0.5871629901960784 0.022058823529411766 0.015012254901960785
1 0.6883169934640523 0.5834865196078431 0.021241830065359478 0.016237745098039217
0 0.6746323529411765 0.9621629901960784 0.020833333333333332 0.016237745098039217
0 0.20363562091503268 0.8123468137254902 0.01838235294117647 0.013174019607843137
0 0.8558006535947712 0.7064950980392157 0.015522875816993464 0.00980392156862745
1 0.8061683006535948 0.5747549019607843 0.023284313725490197 0.01715686274509804
0 0.6284722222222222 0.8402267156862745 0.020833333333333332 0.015012254901960785
0 0.6836192810457516 0.9295343137254902 0.02165032679738562 0.016544117647058824
1 0.8459967320261438 0.5917585784313726 0.021241830065359478 0.015012254901960785
0 0.8676470588235294 0.7123161764705882 0.01715686274509804 0.010416666666666666
0 0.5263480392156863 0.8794424019607843 0.020016339869281044 0.015625
0 0.25980392156862747 0.8307291666666666 0.021241830065359478 0.015625
0 0.22406045751633988 0.8310355392156863 0.020016339869281044 0.015012254901960785