0 0.4878125 0.6977129289215687 0.011572712418300653 0.008170955882352941
0 0.7628676470588235 0.7208946078431373 0.014297385620915032 0.010416666666666666
1 0.7214052287581699 0.6355698529411765 0.010620915032679739 0.007659313725490196
0 0.7583741830065359 0.7037377450980392 0.015931372549019607 0.011642156862745098
0 0.6341911764705882 0.7048100490196079 0.013480392156862746 0.009497549019607842
0 0.4826388888888889 0.7094056372549019 0.013480392156862746 0.009497549019607842
0 0.7432598039215687 0.6897977941176471 0.013480392156862746 0.009497549019607842
0 0.6405228758169934 0.8569240196078431 0.021241830065359478 0.015931372549019607
0 0.3309170751633987 0.6770327818627451 0.014775326797385621 0.010315563725490197
1 0.753031045751634 0.5124586397058823 0.019950980392156863 0.013887867647058823
0 0.4791666666666667 0.6668198529411765 0.013888888888888888 0.010723039215686275
0 0.20608660130718953 0.7034313725490197 0.01511437908496732 0.00980392156862745
0 0.5776143790849673 0.7316681985294118 0.01715686274509804 0.011743259803921569
0 0.41299019607843135 0.6907169117647058 0.013888888888888888 0.01133578431372549
0 0.5982434640522876 0.7034313725490197 0.01511437908496732 0.010416666666666666
1 0.9821629901960784 0.5882613357843137 0.02641748366013072 0.017208946078431372
0 0.24632352941176472 0.6994485294117647 0.016339869281045753 0.011029411764705883
0 0.6899509803921569 0.6879595588235294 0.01715686274509804 0.01133578431372549
0 0.6764705882352942 0.6594669117647058 0.014705882352941176 0.011948529411764705
0 0.7289624183006536 0.7026654411764706 0.017565359477124183 0.011948529411764705
0 0.6017156862745098 0.6963848039215687 0.015522875816993464 0.010416666666666666
1 0.2196343954248366 0.6282935049019608 0.01443218954248366 0.012714460784313725
0 0.5622957516339869 0.7443321078431373 0.01511437908496732 0.011948529411764705
0 0.5328839869281046 0.7371323529411765 0.016748366013071895 0.011029411764705883
0 0.5598447712418301 0.7113970588235294 0.01838235294117647 0.011029411764705883
0 0.8057598039215687 0.6230085784313726 0.016748366013071895 0.011948529411764705
0 0.20608660130718953 0.7178308823529411 0.020833333333333332 0.012254901960784314
1 0.22763480392156862 0.5982429534313726 0.018995098039215685 0.012662377450980391
0 0.6176470588235294 0.7386642156862745 0.017973856209150325 0.012254901960784314
1 0.19989174836601306 0.5742953431372549 0.01661356209150327 0.011948529411764705
0 0.5833333333333334 0.7205882352941176 0.018790849673202614 0.011642156862745098
1 0.7630718954248366 0.6743259803921569 0.017973856209150325 0.014093137254901961
0 0.5610702614379085 0.6992953431372549 0.015931372549019607 0.01133578431372549
1 0.28948733660130715 0.48299632352941174 0.022602124183006535 0.015625
0 0.6662581699346405 0.867953431372549 0.024509803921568627 0.016544117647058824
0 0.6687091503267973 0.8851102941176471 0.026143790849673203 0.01715686274509804
0 0.19158496732026145 0.7549019607843137 0.017973856209150325 0.013480392156862746
1 0.30126633986928103 0.49984681372549017 0.025735294117647058 0.01685049019607843
1 0.5071486928104575 0.45465686274509803 0.026552287581699346 0.01838235294117647
0 0.846609477124183 0.6913296568627451 0.01919934640522876 0.012561274509803922
0 0.10886437908496732 0.7771139705882353 0.016748366013071895 0.012561274509803922
0 0.2281454248366013 0.7573529411764706 0.01838235294117647 0.014093137254901961
0 0.3506944444444444 0.7558210784313726 0.01838235294117647 0.014093137254901961
1 0.7453022875816994 0.36642156862745096 0.01838235294117647 0.014093137254901961
0 0.7732843137254902 0.7041973039215687 0.018790849673202614 0.011948529411764705
0 0.35375816993464054 0.7945772058823529 0.01715686274509804 0.012561274509803922
1 0.928139297385621 0.6195879289215687 0.027847222222222225 0.01736213235294118
1 0.11683006535947713 0.5174632352941176 0.026143790849673203 0.02022058823529412
1 0.29149714052287584 0.37785998774509805 0.01681781045751634 0.013685661764705884
1 0.22603553921568628 0.4731663602941176 0.024783496732026143 0.017411151960784313
0 0.6478758169934641 0.7388174019607843 0.02042483660130719 0.015012254901960785
0 0.20710784313725492 0.7611825980392157 0.02042483660130719 0.013786764705882353
0 0.07373366013071896 0.7668504901960784 0.01919934640522876 0.012254901960784314
1 0.3147467320261438 0.6790242034313726 0.020833333333333332 0.013685661764705884
0 0.09865196078431372 0.7855392156862745 0.01838235294117647 0.012867647058823529
0 0.9509803921568627 0.7593443627450981 0.02369281045751634 0.015625
0 0.08149509803921569 0.8062193627450981 0.020833333333333332 0.013174019607843137
1 0.770765931372549 0.5568826593137255 0.020290032679738564 0.015113357843137254
1 0.8782679738562091 0.5957414215686274 0.02369281045751634 0.01685049019607843
1 0.3023897058823529 0.4903998161764706 0.0247140522875817 0.016338848039215686
0 0.014501633986928105 0.7601102941176471 0.023284313725490197 0.015318627450980392
0 0.6356209150326797 0.7743566176470589 0.02287581699346405 0.015625
1 0.28132965686274514 0.3793152573529412 0.019358660130718953 0.013532475490196079
0 0.32631944444444444 0.6730744485294118 0.014566993464052286 0.00791360294117647
1 0.7709926470588235 0.5069439338235294 0.019109477124183007 0.013275122549019608
1 0.9524611928104575 0.6352129289215687 0.023386437908496732 0.014298406862745099