0 0.2232434640522876 0.7190563725490197 0.012663398692810458 0.009191176470588236
0 0.7434640522875817 0.8204656862745098 0.024509803921568627 0.015931372549019607
0 0.7965686274509803 0.6741727941176471 0.015522875816993464 0.008884803921568627
0 0.9111519607843137 0.7552083333333334 0.01838235294117647 0.011642156862745098
1 0.04044117647058824 0.2423406862745098 0.02042483660130719 0.015931372549019607
1 0.040236928104575166 0.38138327205882355 0.015931372549019607 0.012153799019607843
0 0.8255718954248366 0.6787683823529411 0.016339869281045753 0.008884803921568627
1 0.1639440359477124 0.3759191176470588 0.014979575163398694 0.010416666666666666
1 0.8497426470588235 0.5910431985294118 0.015661764705882354 0.011743259803921569
1 0.9772610294117647 0.42744025735294117 0.018247549019607845 0.012356004901960784
0 0.05984477124183007 0.6753982843137255 0.014297385620915032 0.01011029411764706
0 0.9131944444444444 0.6747855392156863 0.01511437908496732 0.008884803921568627
1 0.20288807189542485 0.36090686274509803 0.012802287581699346 0.00980392156862745
0 0.4144199346405229 0.8829656862745098 0.023284313725490197 0.015931372549019607
0 0.7487745098039216 0.735140931372549 0.02042483660130719 0.013174019607843137
0 0.2716503267973856 0.7121629901960784 0.015522875816993464 0.012561274509803922
0 0.09899305555555556 0.6680958946078431 0.011711601307189543 0.00714767156862745
0 0.7790032679738562 0.6728446691176471 0.016339869281045753 0.009905024509803921
0 0.7606209150326797 0.8846507352941176 0.025326797385620915 0.01685049019607843
0 0.31066176470588236 0.7164522058823529 0.015931372549019607 0.011948529411764705
0 0.9863153594771242 0.796109068627451 0.024918300653594773 0.015625
0 0.9358660130718954 0.6583946078431373 0.015522875816993464 0.009191176470588236
0 0.144812091503268 0.7745098039215687 0.02165032679738562 0.014093137254901961
0 0.832312091503268 0.6893382352941176 0.015931372549019607 0.00980392156862745
1 0.16053921568627452 0.6692202818627451 0.01715686274509804 0.012460171568627451
0 0.9246323529411765 0.6579350490196079 0.012663398692810458 0.008272058823529412
0 0.8956290849673203 0.7219669117647058 0.016748366013071895 0.012561274509803922
0 0.6646241830065359 0.7527573529411765 0.016339869281045753 0.012254901960784314
0 0.9736519607843137 0.6557904411764706 0.016748366013071895 0.009497549019607842
0 0.9079513888888888 0.7275321691176471 0.01443218954248366 0.008985906862745098
0 0.9936008986928104 0.6662071078431373 0.012528594771241831 0.01011029411764706
0 0.7785947712418301 0.7201286764705882 0.01715686274509804 0.012561274509803922
1 0.7333190359477124 0.4015517769607843 0.024644607843137253 0.016951593137254903
0 0.9765114379084967 0.6645220588235294 0.015931372549019607 0.00980392156862745
0 0.9454656862745098 0.6478247549019608 0.01511437908496732 0.01011029411764706
0 0.9272875816993464 0.6297487745098039 0.015522875816993464 0.01011029411764706
0 0.9591503267973857 0.6642156862745098 0.013888888888888888 0.00857843137254902
1 0.9217728758169934 0.48330269607843135 0.02246732026143791 0.017463235294117647
0 0.9391339869281046 0.6750919117647058 0.01715686274509804 0.01133578431372549
1 0.2227001633986928 0.4521798406862745 0.023014705882352944 0.015879289215686276
0 0.8873917483660131 0.6773897058823529 0.01579656862745098 0.009191176470588236
0 0.9084967320261438 0.8815870098039216 0.029411764705882353 0.020526960784313725
0 0.04003267973856209 0.7253370098039216 0.018790849673202614 0.01133578431372549
1 0.8447712418300654 0.4660952818627451 0.02287581699346405 0.01674938725490196
0 0.8406862745098039 0.7421875 0.017973856209150325 0.013786764705882353
0 0.8399366830065359 0.6750919117647058 0.014023692810457516 0.009497549019607842
0 0.9803921568627451 0.6881127450980392 0.016339869281045753 0.010416666666666666
0 0.9099264705882353 0.6853553921568627 0.015931372549019607 0.011029411764705883
1 0.44887050653594773 0.5704151348039216 0.022741013071895425 0.016443014705882355
1 0.3226102941176471 0.5317601102941176 0.025939542483660132 0.018789828431372547
0 0.9816176470588235 0.7807904411764706 0.025326797385620915 0.017463235294117647
1 0.9383169934640523 0.47855392156862747 0.029411764705882353 0.020833333333333332
1 0.8821486928104575 0.48238357843137253 0.034722222222222224 0.023590686274509803
1 0.5382393790849673 0.27308057598039215 0.016838235294117647 0.012460171568627451
0 0.7667258986928104 0.6711596200980392 0.015477941176470588 0.009598651960784313
0 0.8403084150326796 0.6696277573529411 0.016401143790849674 0.008985906862745098
0 0.9049203431372549 0.6792279411764706 0.013272058823529413 0.007352941176470588
0 0.9450285947712418 0.6560462622549019 0.013423202614379084 0.007558210784313726