1 0.6286764705882353 0.5931112132352941 0.022058823529411766 0.01649203431372549
0 0.9926470588235294 0.6003370098039216 0.013071895424836602 0.01011029411764706
0 0.005718954248366013 0.6341911764705882 0.011437908496732025 0.013480392156862746
0 0.9944852941176471 0.6277573529411765 0.011029411764705883 0.012867647058823529
0 0.9448529411764706 0.5749080882352942 0.016339869281045753 0.010723039215686275
1 0.3289767156862745 0.43106617647058826 0.020698529411764706 0.014705882352941176
0 0.9115604575163399 0.6119791666666666 0.015931372549019607 0.01133578431372549
0 0.4054330065359477 0.6706495098039216 0.017565359477124183 0.011642156862745098
0 0.9395424836601307 0.5994178921568627 0.017973856209150325 0.01011029411764706
0 0.14705882352941177 0.6924019607843137 0.018790849673202614 0.011642156862745098
0 0.19566993464052287 0.6314338235294118 0.01715686274509804 0.011029411764705883
0 0.9920343137254902 0.5693933823529411 0.01511437908496732 0.013174019607843137
0 0.9387254901960784 0.6380208333333334 0.014705882352941176 0.01011029411764706
1 0.10477941176470588 0.5160845588235294 0.024101307189542485 0.018075980392156864
0 0.14583333333333334 0.6727941176470589 0.017973856209150325 0.012254901960784314
1 0.05269607843137255 0.34911151960784315 0.02042483660130719 0.014399509803921568
0 0.05004084967320262 0.6387867647058824 0.01919934640522876 0.012254901960784314
1 0.02287581699346405 0.6231617647058824 0.026143790849673203 0.017769607843137254
0 0.1999591503267974 0.7316176470588235 0.02246732026143791 0.015931372549019607
1 0.40529616013071895 0.5339307598039216 0.024644607843137253 0.01884191176470588
1 0.10757148692810457 0.35360447303921566 0.022332516339869282 0.016645220588235293
0 0.9375 0.6107536764705882 0.01715686274509804 0.01133578431372549
0 0.011437908496732025 0.780484068627451 0.021241830065359478 0.01685049019607843
0 0.09129901960784313 0.7143075980392157 0.01838235294117647 0.013786764705882353
0 0.07495915032679738 0.7121629901960784 0.02165032679738562 0.015625