0 0.9612193627450981 0.703125 0.015575980392156864 0.011029411764705883
0 0.21262254901960784 0.7670036764705882 0.013480392156862746 0.009497549019607842
0 0.3515114379084967 0.8264399509803921 0.015931372549019607 0.01133578431372549
1 0.28048406862745096 0.7052512254901961 0.015216503267973856 0.010379901960784315
0 0.24040032679738563 0.6933210784313726 0.015931372549019607 0.009191176470588236
0 0.00980392156862745 0.7245710784313726 0.014705882352941176 0.011029411764705883
1 0.514297385620915 0.4253982843137255 0.0196078431372549 0.013174019607843137
1 0.8105085784313726 0.49278186274509805 0.019709967320261437 0.014975490196078432
0 0.16033496732026145 0.6642156862745098 0.013480392156862746 0.007352941176470588
0 0.2826797385620915 0.8285845588235294 0.0196078431372549 0.012561274509803922
1 0.037377450980392156 0.6740196078431373 0.01919934640522876 0.011642156862745098
0 0.5210375816993464 0.8981311274509803 0.01838235294117647 0.014399509803921568
0 0.03020424836601307 0.6824249387254901 0.013839869281045752 0.009457720588235295
0 0.1548202614379085 0.6567095588235294 0.011437908496732025 0.007659313725490196
1 0.22873366013071897 0.6273177083333333 0.017107843137254903 0.011988357843137256
0 0.2749183006535948 0.8186274509803921 0.015522875816993464 0.010416666666666666
1 0.011437908496732025 0.5324754901960784 0.01715686274509804 0.014093137254901961
1 0.5977083333333334 0.7342784926470588 0.020580065359477127 0.013287377450980391
0 0.0872140522875817 0.7247242647058824 0.012663398692810458 0.01011029411764706
0 0.5134803921568627 0.9159007352941176 0.024509803921568627 0.01685049019607843
1 0.5275735294117647 0.7627144607843137 0.020833333333333332 0.01685049019607843
1 0.0934436274509804 0.6392846200980392 0.01613562091503268 0.010186887254901961
0 0.25183823529411764 0.7058823529411765 0.014297385620915032 0.00980392156862745
1 0.7086907679738562 0.5592064950980392 0.01787173202614379 0.012408088235294117
0 0.1090686274509804 0.6946997549019608 0.013888888888888888 0.008884803921568627
1 0.4832005718954248 0.4900045955882353 0.018688725490196078 0.01248468137254902
1 0.5702369281045752 0.35202205882352944 0.022826797385620917 0.017769607843137254
0 0.5563725490196079 0.7763480392156863 0.02042483660130719 0.012254901960784314
0 0.2580923202614379 0.658203125 0.019452614379084965 0.01248468137254902
1 0.3342013888888889 0.6811427696078431 0.016441993464052288 0.011795343137254902
0 0.20445261437908496 0.7565870098039216 0.014297385620915032 0.008884803921568627
0 0.5853758169934641 0.8655024509803921 0.0196078431372549 0.012867647058823529
0 0.49959150326797386 0.8452818627450981 0.021241830065359478 0.012867647058823529
1 0.38848039215686275 0.4655330882352941 0.02696078431372549 0.019301470588235295
1 0.08116421568627451 0.5333946078431373 0.02017156862745098 0.014705882352941176
1 0.24387254901960784 0.47380514705882354 0.021241830065359478 0.015625
0 0.14052287581699346 0.6355698529411765 0.013071895424836602 0.008272058823529412
1 0.40665849673202614 0.6749387254901961 0.01838235294117647 0.012867647058823529
1 0.2847222222222222 0.6076899509803921 0.0196078431372549 0.014399509803921568
0 0.17892156862745098 0.6403186274509803 0.012254901960784314 0.00857843137254902
0 0.14583333333333334 0.6927083333333334 0.012254901960784314 0.00857843137254902
0 0.9665032679738562 0.6461397058823529 0.014705882352941176 0.00980392156862745
0 0.17912581699346405 0.6822916666666666 0.014297385620915032 0.00857843137254902
0 0.19321895424836602 0.6409313725490197 0.013071895424836602 0.00857843137254902
0 0.30575980392156865 0.7178308823529411 0.01511437908496732 0.010416666666666666
1 0.44076797385620914 0.49356617647058826 0.02369281045751634 0.015931372549019607
0 0.2937091503267974 0.7264093137254902 0.015522875816993464 0.010416666666666666
0 0.16523692810457516 0.6420036764705882 0.01184640522875817 0.008272058823529412
1 0.8184497549019608 0.3889782475490196 0.020886437908496733 0.015088848039215686
0 0.9538398692810458 0.7081801470588235 0.018790849673202614 0.013786764705882353
0 0.5667892156862745 0.8728553921568627 0.020016339869281044 0.014093137254901961
0 0.09477124183006536 0.7438725490196079 0.013888888888888888 0.009191176470588236
0 0.1795343137254902 0.6969975490196079 0.01511437908496732 0.009191176470588236
0 0.21433210784313722 0.7781663602941177 0.015265522875816992 0.01282781862745098
1 0.2824754901960784 0.5314031862745098 0.01838235294117647 0.013786764705882353
1 0.18259803921568626 0.49356617647058826 0.02287581699346405 0.016544117647058824
0 0.12254901960784313 0.8034620098039216 0.021241830065359478 0.012561274509803922
0 0.2883986928104575 0.8356311274509803 0.0196078431372549 0.014399509803921568
0 0.19138071895424835 0.7435661764705882 0.01511437908496732 0.010416666666666666
0 0.2207924836601307 0.7164522058823529 0.015931372549019607 0.01011029411764706
0 0.05106209150326797 0.7204350490196079 0.014705882352941176 0.009497549019607842
0 0.12418300653594772 0.6352634803921569 0.013071895424836602 0.009497549019607842
1 0.29330065359477125 0.5124080882352942 0.0196078431372549 0.014399509803921568
1 0.12826797385620914 0.5548406862745098 0.026143790849673203 0.017769607843137254
1 0.261156045751634 0.5353293504901961 0.02231209150326797 0.01612438725490196
1 0.12234477124183006 0.5713848039215687 0.024918300653594773 0.015318627450980392
0 0.10600490196078431 0.7323835784313726 0.013480392156862746 0.009497549019607842
0 0.08680555555555555 0.780484068627451 0.01511437908496732 0.010723039215686275
1 0.4127859477124183 0.3757919730392157 0.020833333333333332 0.015064338235294118
0 0.07495915032679738 0.7284007352941176 0.016748366013071895 0.010723039215686275
1 0.6441993464052288 0.6891850490196079 0.028594771241830064 0.01991421568627451
0 0.23835784313725492 0.7068014705882353 0.013480392156862746 0.009191176470588236
1 0.2731311274509804 0.5405943627450981 0.02502042483660131 0.01685049019607843
1 0.2634048202614379 0.4485294117647059 0.021907679738562093 0.014705882352941176
0 0.06515522875816994 0.7107843137254902 0.01838235294117647 0.011029411764705883
1 0.17401960784313725 0.5344669117647058 0.03022875816993464 0.019301470588235295
0 0.5363562091503268 0.8185891544117647 0.016339869281045753 0.01095281862745098
0 0.5606617647058824 0.9342830882352942 0.024918300653594773 0.018075980392156864
0 0.4054330065359477 0.8777573529411765 0.02165032679738562 0.015931372549019607
1 0.3925653594771242 0.41390931372549017 0.024509803921568627 0.01715686274509804
1 0.41748366013071897 0.5087316176470589 0.02287581699346405 0.015625
1 0.4262152777777778 0.6274509803921569 0.022365196078431373 0.014093137254901961
1 0.2587826797385621 0.5589767156862745 0.024101307189542485 0.015625
1 0.2406045751633987 0.514859068627451 0.022058823529411766 0.014399509803921568
0 0.22916666666666666 0.7783394607843137 0.016339869281045753 0.011948529411764705
1 0.49407679738562094 0.7103247549019608 0.02246732026143791 0.016237745098039217
0 0.7935049019607843 0.8045343137254902 0.02165032679738562 0.014093137254901961
1 0.42302491830065364 0.6187576593137255 0.02170343137254902 0.014476102941176471
1 0.5116421568627451 0.3893995098039216 0.024918300653594773 0.01715686274509804
0 0.23631535947712418 0.7274816176470589 0.014297385620915032 0.01011029411764706
1 0.5993933823529412 0.7456341911764706 0.026401143790849672 0.020067401960784315
0 0.9720179738562091 0.7481617647058824 0.01919934640522876 0.013480392156862746
1 0.27961601307189543 0.6620710784313726 0.02165032679738562 0.016544117647058824
1 0.7826797385620915 0.4713541666666667 0.025326797385620915 0.017463235294117647
0 0.18055555555555555 0.7781862745098039 0.017973856209150325 0.012867647058823529
1 0.5463643790849673 0.42830882352941174 0.02165032679738562 0.015931372549019607
1 0.47189133986928106 0.5880621936274509 0.02793300653594771 0.017423406862745097
1 0.5921160130718954 0.7103247549019608 0.02246732026143791 0.01685049019607843
1 0.2951388888888889 0.5827205882352942 0.024918300653594773 0.01715686274509804
0 0.13051470588235295 0.8128063725490197 0.02165032679738562 0.013480392156862746
1 0.5449346405228758 0.625765931372549 0.02369281045751634 0.016237745098039217
1 0.5551470588235294 0.6096813725490197 0.024509803921568627 0.01715686274509804
0 0.22651143790849673 0.7480085784313726 0.015931372549019607 0.010723039215686275
1 0.6348039215686274 0.764859068627451 0.025326797385620915 0.01991421568627451
1 0.7914624183006536 0.6629901960784313 0.024101307189542485 0.016544117647058824
1 0.20649509803921567 0.6006433823529411 0.020833333333333332 0.015012254901960785
0 0.6642156862745098 0.8549325980392157 0.026143790849673203 0.021139705882352942
1 0.35137459150326794 0.39621629901960786 0.02301062091503268 0.01608455882352941
1 0.37806372549019607 0.4944852941176471 0.02246732026143791 0.015931372549019607
0 0.3145424836601307 0.7856924019607843 0.02042483660130719 0.013786764705882353
1 0.1621732026143791 0.5081188725490197 0.025326797385620915 0.018075980392156864
0 0.41768790849673204 0.8670343137254902 0.020833333333333332 0.014705882352941176
1 0.4979575163398693 0.32613357843137253 0.03104575163398693 0.02297794117647059
1 0.5306372549019608 0.7176776960784313 0.02696078431372549 0.018688725490196078
0 0.45445261437908496 0.9024203431372549 0.024101307189542485 0.018075980392156864
0 0.21895424836601307 0.8082107843137255 0.018790849673202614 0.014093137254901961
1 0.43852124183006536 0.5160845588235294 0.023284313725490197 0.016237745098039217
1 0.5273692810457516 0.5281862745098039 0.025326797385620915 0.01715686274509804
1 0.44505718954248363 0.5923713235294118 0.024101307189542485 0.017463235294117647
0 0.2622549019607843 0.8002450980392157 0.02369281045751634 0.015931372549019607
1 0.4736519607843137 0.5536151960784313 0.02246732026143791 0.01715686274509804
1 0.6169832516339869 0.6693474264705882 0.02645016339869281 0.01761642156862745
0 0.6284722222222222 0.8818933823529411 0.023284313725490197 0.017463235294117647
0 0.013684640522875817 0.8552389705882353 0.025735294117647058 0.01991421568627451
1 0.18361928104575165 0.5542279411764706 0.026552287581699346 0.01838235294117647
1 0.6069709967320261 0.6675674019607843 0.021131535947712415 0.015894607843137256
0 0.5400163398692811 0.8119822303921569 0.017941176470588235 0.01244485294117647
0 0.14353962418300653 0.6528615196078431 0.01093545751633987 0.0067034313725490196