0 0.006535947712418301 0.6597732843137255 0.011437908496732025 0.009497549019607842
1 0.6166258169934641 0.4404105392156863 0.017565359477124183 0.012561274509803922
1 0.11278186274509804 0.3312438725490196 0.019681372549019607 0.012977941176470588
0 0.852328431372549 0.6452205882352942 0.014297385620915032 0.00857843137254902
1 0.2743055555555556 0.5735294117647058 0.013480392156862746 0.00980392156862745
0 0.1729983660130719 0.7138480392156863 0.013480392156862746 0.009191176470588236
1 0.6732577614379085 0.4827175245098039 0.0172671568627451 0.012616421568627452
0 0.40093954248366015 0.7458639705882353 0.012663398692810458 0.008272058823529412
0 0.1840277777777778 0.602328431372549 0.013480392156862746 0.00857843137254902
0 0.08415032679738563 0.6061580882352942 0.012254901960784314 0.008272058823529412
1 0.5334967320261438 0.5503982843137255 0.013071895424836602 0.008884803921568627
0 0.30453431372549017 0.6420036764705882 0.01838235294117647 0.010723039215686275
0 0.5053104575163399 0.6305147058823529 0.01715686274509804 0.012254901960784314
1 0.12418300653594772 0.40931372549019607 0.027777777777777776 0.0196078431372549
0 0.3229166666666667 0.6346507352941176 0.014297385620915032 0.009497549019607842
0 0.3387357026143791 0.719920343137255 0.01570669934640523 0.01153186274509804
0 0.3225816993464052 0.5753952205882352 0.011993464052287581 0.008633578431372548
0 0.29057189542483663 0.5728615196078432 0.013333333333333334 0.010306372549019609
0 0.44676470588235295 0.6938495710784314 0.015261437908496732 0.01208639705882353
1 0.6401143790849673 0.3196997549019608 0.022058823529411766 0.015625
0 0.38419117647058826 0.7461703431372549 0.014297385620915032 0.009497549019607842
0 0.42520833333333335 0.6291773897058824 0.014632352941176471 0.010193014705882355
0 0.7679738562091504 0.5980392156862745 0.012254901960784314 0.00857843137254902
1 0.6111111111111112 0.3209941789215686 0.02369281045751634 0.01760110294117647
0 0.755718954248366 0.6433823529411765 0.013071895424836602 0.009191176470588236
0 0.40665849673202614 0.6550245098039216 0.012663398692810458 0.009191176470588236
0 0.207312091503268 0.7035845588235294 0.013480392156862746 0.008884803921568627
1 0.3532577614379085 0.5020603553921569 0.021875 0.01637561274509804
1 0.5512663398692811 0.5340073529411765 0.01838235294117647 0.013480392156862746
0 0.08619281045751634 0.6585477941176471 0.014705882352941176 0.008884803921568627
0 0.23223039215686275 0.617953431372549 0.014297385620915032 0.009191176470588236
1 0.6566584967320261 0.7319240196078431 0.024101307189542485 0.01838235294117647
1 0.48687295751633985 0.37454044117647056 0.029301470588235297 0.020526960784313725
0 0.17687908496732027 0.6200980392156863 0.013888888888888888 0.009191176470588236
0 0.44669117647058826 0.6272977941176471 0.017565359477124183 0.010723039215686275
0 0.07230392156862746 0.6147365196078431 0.014705882352941176 0.009497549019607842
0 0.03227124183006536 0.6433823529411765 0.016339869281045753 0.011029411764705883
0 0.1636029411764706 0.7247242647058824 0.016748366013071895 0.01133578431372549
0 0.20669934640522875 0.6498161764705882 0.015522875816993464 0.010416666666666666
0 0.18995098039215685 0.663296568627451 0.01715686274509804 0.010416666666666666
0 0.025326797385620915 0.6012561274509803 0.014705882352941176 0.009497549019607842
1 0.5825531045751634 0.6034145220588235 0.021315359477124183 0.01626531862745098
0 0.44750816993464054 0.6763174019607843 0.01511437908496732 0.01133578431372549
0 0.08517156862745098 0.6697303921568627 0.015931372549019607 0.00980392156862745
1 0.30310457516339867 0.5032169117647058 0.0196078431372549 0.014399509803921568
0 0.2724673202614379 0.6556372549019608 0.014705882352941176 0.009191176470588236
0 0.23345588235294118 0.7161458333333334 0.016748366013071895 0.010723039215686275
0 0.18586601307189543 0.7061887254901961 0.015522875816993464 0.011029411764705883
0 0.858251633986928 0.6361825980392157 0.013071895424836602 0.009497549019607842
1 0.08537581699346405 0.44638480392156865 0.02287581699346405 0.016544117647058824
1 0.37663398692810457 0.6055453431372549 0.02042483660130719 0.013786764705882353
0 0.366625816993464 0.6824448529411765 0.015931372549019607 0.010723039215686275
0 0.46119281045751637 0.6027879901960784 0.016339869281045753 0.011948529411764705
0 0.22446895424836602 0.6351102941176471 0.014297385620915032 0.00980392156862745
0 0.20547385620915032 0.7222732843137255 0.014705882352941176 0.01011029411764706
0 0.22651143790849673 0.7121629901960784 0.01838235294117647 0.011948529411764705
1 0.6504391339869281 0.5167524509803921 0.01983251633986928 0.013897058823529412
1 0.5067401960784313 0.41973039215686275 0.027369281045751634 0.0196078431372549
0 0.5357434640522876 0.7233455882352942 0.020016339869281044 0.013480392156862746
0 0.14276960784313725 0.7363664215686274 0.017565359477124183 0.012561274509803922
0 0.8521241830065359 0.6645220588235294 0.016339869281045753 0.011642156862745098
1 0.258374183006536 0.36565563725490197 0.023284313725490197 0.01685049019607843
0 0.5962009803921569 0.7251838235294118 0.017565359477124183 0.012254901960784314
0 0.4319852941176471 0.6521139705882353 0.017565359477124183 0.011948529411764705
1 0.17234885620915033 0.4365395220588235 0.021168300653594773 0.01646139705882353
1 0.3627450980392157 0.625765931372549 0.017973856209150325 0.013174019607843137
1 0.6488970588235294 0.6657475490196079 0.023284313725490197 0.016544117647058824
1 0.24183006535947713 0.4684436274509804 0.02369281045751634 0.01715686274509804
0 0.9375 0.8091299019607843 0.021241830065359478 0.015318627450980392
1 0.4048202614379085 0.421875 0.026143790849673203 0.02022058823529412
0 0.8135212418300654 0.7912071078431373 0.024918300653594773 0.01685049019607843
1 0.5943627450980392 0.30453431372549017 0.026143790849673203 0.01838235294117647
1 0.701687091503268 0.5562745098039216 0.02428921568627451 0.017573529411764707