0 0.07700163398692811 0.6593137254901961 0.012663398692810458 0.00857843137254902
0 0.7651143790849673 0.7602634803921569 0.013888888888888888 0.008884803921568627
0 0.806781045751634 0.725796568627451 0.012254901960784314 0.007965686274509803
1 0.10845588235294118 0.4505208333333333 0.012663398692810458 0.009497549019607842
0 0.9583333333333334 0.6619178921568627 0.013071895424836602 0.008272058823529412
0 0.008169934640522876 0.7300857843137255 0.015522875816993464 0.012867647058823529
0 0.644812091503268 0.7271752450980392 0.01838235294117647 0.013174019607843137
0 0.6783088235294118 0.7702205882352942 0.013480392156862746 0.007965686274509803
0 0.8259803921568627 0.7072610294117647 0.013888888888888888 0.008272058823529412
0 0.6053921568627451 0.7731311274509803 0.013888888888888888 0.01133578431372549
0 0.8071895424836601 0.6959252450980392 0.012254901960784314 0.008884803921568627
0 0.9172794117647058 0.7875306372549019 0.013480392156862746 0.009497549019607842
1 0.7040441176470589 0.608609068627451 0.01511437908496732 0.012561274509803922
0 0.9875408496732027 0.6583946078431373 0.013480392156862746 0.00857843137254902
0 0.826797385620915 0.7910539215686274 0.013071895424836602 0.007965686274509803
0 0.8694852941176471 0.7757352941176471 0.01511437908496732 0.00980392156862745
0 0.7001633986928104 0.733609068627451 0.01715686274509804 0.012561274509803922
0 0.9546568627450981 0.7055759803921569 0.013888888888888888 0.009191176470588236
0 0.16033496732026145 0.6809129901960784 0.016748366013071895 0.01133578431372549
0 0.13541666666666666 0.686734068627451 0.016748366013071895 0.008884803921568627
0 0.9240196078431373 0.7631740196078431 0.018790849673202614 0.013480392156862746
0 0.8057598039215687 0.7797181372549019 0.01838235294117647 0.011642156862745098
0 0.07066993464052287 0.7377450980392157 0.016339869281045753 0.011029411764705883
0 0.48651960784313725 0.7807904411764706 0.015522875816993464 0.010723039215686275
1 0.8572303921568627 0.7227542892156863 0.02165032679738562 0.014748774509803922
0 0.514297385620915 0.7650122549019608 0.017973856209150325 0.012867647058823529
1 0.718312908496732 0.5547748161764706 0.022410130718954247 0.01641237745098039
1 0.724468954248366 0.592984068627451 0.020016339869281044 0.014399509803921568