0 0.35355392156862747 0.655484068627451 0.012663398692810458 0.008272058823529412
0 0.33816789215686277 0.7321798406862745 0.01457107843137255 0.010315563725490197
0 0.5081699346405228 0.7487745098039216 0.014705882352941176 0.010416666666666666
0 0.46017156862745096 0.6527267156862745 0.013480392156862746 0.008272058823529412
0 0.35232843137254904 0.7022058823529411 0.01511437908496732 0.009191176470588236
0 0.38037785947712416 0.7231924019607843 0.013206699346405228 0.008884803921568627
0 0.47120098039215685 0.6501225490196079 0.012663398692810458 0.00857843137254902
0 0.5692401960784313 0.7575061274509803 0.015931372549019607 0.01011029411764706
1 0.19024714052287583 0.6889905024509804 0.019383169934640523 0.014010416666666666
0 0.5173611111111112 0.6623774509803921 0.012663398692810458 0.009191176470588236
0 0.37459150326797386 0.7705269607843137 0.015522875816993464 0.011029411764705883
0 0.4714052287581699 0.7498468137254902 0.015522875816993464 0.01011029411764706
0 0.4021650326797386 0.8057598039215687 0.01919934640522876 0.012867647058823529
0 0.3743872549019608 0.7124693627450981 0.017565359477124183 0.010723039215686275
0 0.383374183006536 0.8270526960784313 0.017565359477124183 0.012561274509803922
0 0.3627450980392157 0.7979473039215687 0.013888888888888888 0.010723039215686275
0 0.4338235294117647 0.7522977941176471 0.013071895424836602 0.009497549019607842
0 0.4144199346405229 0.8108149509803921 0.017565359477124183 0.01133578431372549
0 0.36669321895424833 0.7370818014705882 0.01688316993464052 0.011541053921568628
0 0.6119281045751634 0.8135723039215687 0.015522875816993464 0.010723039215686275
0 0.580406454248366 0.7746629901960784 0.0178390522875817 0.01011029411764706
0 0.2877859477124183 0.7942708333333334 0.01919934640522876 0.01133578431372549
0 0.3394607843137255 0.7625612745098039 0.0196078431372549 0.011642156862745098
1 0.15476307189542485 0.5988327205882352 0.021944444444444444 0.016292892156862745
0 0.3002450980392157 0.6525735294117647 0.014705882352941176 0.00857843137254902
0 0.6086601307189542 0.8026960784313726 0.017973856209150325 0.011642156862745098
0 0.5228758169934641 0.7901348039215687 0.01715686274509804 0.012254901960784314
0 0.48713235294117646 0.7925857843137255 0.016748366013071895 0.011029411764705883
0 0.5416666666666666 0.6652879901960784 0.013071895424836602 0.008884803921568627
0 0.391203022875817 0.6279105392156863 0.01116421568627451 0.0070465686274509805
0 0.5892565359477124 0.8330269607843137 0.014297385620915032 0.00980392156862745
0 0.3429330065359477 0.6636029411764706 0.01184640522875817 0.007965686274509803
0 0.35804738562091504 0.6386335784313726 0.013480392156862746 0.008884803921568627
0 0.4513888888888889 0.8026960784313726 0.017973856209150325 0.012254901960784314
0 0.4019607843137255 0.8291973039215687 0.016339869281045753 0.01011029411764706
0 0.40870098039215685 0.8190870098039216 0.017565359477124183 0.01133578431372549
0 0.4730392156862745 0.6712622549019608 0.014705882352941176 0.010416666666666666
0 0.5414624183006536 0.8198529411764706 0.016748366013071895 0.011029411764705883
0 0.411968954248366 0.7844669117647058 0.015931372549019607 0.01133578431372549
0 0.2587826797385621 0.672640931372549 0.01511437908496732 0.009497549019607842
0 0.4366830065359477 0.7761948529411765 0.01715686274509804 0.01133578431372549
0 0.3249591503267974 0.6675857843137255 0.014297385620915032 0.009191176470588236
0 0.48352532679738564 0.7852328431372549 0.012802287581699346 0.00980392156862745
0 0.47181372549019607 0.813265931372549 0.017973856209150325 0.01133578431372549
0 0.3292483660130719 0.7768075980392157 0.021241830065359478 0.014399509803921568
0 0.43729575163398693 0.6829044117647058 0.014297385620915032 0.00980392156862745
0 0.2852001633986928 0.7410646446078432 0.015661764705882354 0.010315563725490197
0 0.6000816993464052 0.8365502450980392 0.015522875816993464 0.010723039215686275
0 0.4957107843137255 0.7746629901960784 0.016748366013071895 0.01133578431372549
0 0.5655637254901961 0.7964154411764706 0.015931372549019607 0.011948529411764705
0 0.48856209150326796 0.7807904411764706 0.018790849673202614 0.012561274509803922
0 0.5128676470588235 0.821078431372549 0.015931372549019607 0.011029411764705883
0 0.3570261437908497 0.7650122549019608 0.017973856209150325 0.011642156862745098
0 0.5475898692810458 0.7676164215686274 0.020016339869281044 0.013174019607843137
0 0.3102532679738562 0.7533700980392157 0.01838235294117647 0.012867647058823529
0 0.4227941176470588 0.7185968137254902 0.016339869281045753 0.01133578431372549
0 0.2651143790849673 0.7421875 0.02042483660130719 0.012561274509803922
0 0.27205882352941174 0.7100183823529411 0.016339869281045753 0.012561274509803922
0 0.40155228758169936 0.7913602941176471 0.017973856209150325 0.011029411764705883
1 0.173296568627451 0.4634022671568628 0.016527777777777777 0.011976102941176472
0 0.04758986928104575 0.6599264705882353 0.01511437908496732 0.010416666666666666
0 0.48999183006535946 0.8290441176470589 0.015931372549019607 0.013480392156862746
0 0.6013071895424836 0.7895220588235294 0.02042483660130719 0.014093137254901961
0 0.3860294117647059 0.7636335784313726 0.017973856209150325 0.011948529411764705
1 0.1361029411764706 0.4055683210784314 0.015669934640522874 0.010278799019607843
0 0.272875816993464 0.6668198529411765 0.016339869281045753 0.01133578431372549
0 0.3386437908496732 0.7480085784313726 0.016339869281045753 0.011948529411764705
1 0.042483660130718956 0.6174938725490197 0.01715686274509804 0.012561274509803922
0 0.4791666666666667 0.7398897058823529 0.015522875816993464 0.011642156862745098
1 0.3040890522875817 0.5613020833333333 0.02321078431372549 0.01659926470588235
0 0.07822712418300654 0.6712622549019608 0.01919934640522876 0.012254901960784314
0 0.7910539215686274 0.7559742647058824 0.020833333333333332 0.014399509803921568
0 0.2748508986928105 0.7550045955882353 0.020290032679738564 0.011847426470588236
1 0.3206699346405229 0.4849877450980392 0.02042483660130719 0.015931372549019607
0 0.45445261437908496 0.7778799019607843 0.016748366013071895 0.011642156862745098
1 0.47092320261437903 0.6354028799019608 0.01292483660130719 0.0103890931372549
0 0.3131127450980392 0.6677389705882353 0.014297385620915032 0.008884803921568627
1 0.31209150326797386 0.4165640318627451 0.021241830065359478 0.014500612745098038
0 0.37030228758169936 0.6505821078431373 0.01511437908496732 0.01011029411764706
1 0.030637254901960783 0.6213235294117647 0.015522875816993464 0.011642156862745098
0 0.5071486928104575 0.7858455882352942 0.020016339869281044 0.014093137254901961
1 0.16156045751633988 0.664174325980392 0.028186274509803922 0.019525122549019606
0 0.8562091503267973 0.6375612745098039 0.018790849673202614 0.011642156862745098
1 0.3633578431372549 0.547640931372549 0.02246732026143791 0.01685049019607843
1 0.19281045751633988 0.6100995710784314 0.025326797385620915 0.018606004901960783
1 0.3346139705882353 0.4883716299019608 0.021352124183006537 0.016571691176470588
1 0.35784313725490197 0.5719975490196079 0.02369281045751634 0.01715686274509804
0 0.769812091503268 0.7752757352941176 0.024918300653594773 0.017463235294117647
0 0.17054738562091504 0.788296568627451 0.020016339869281044 0.015318627450980392
1 0.17305555555555555 0.6330912990196078 0.022581699346405228 0.018020833333333333
0 0.9444444444444444 0.7210477941176471 0.03104575163398693 0.01991421568627451
0 0.11254084967320262 0.7835477941176471 0.027369281045751634 0.018688725490196078
0 0.31638071895424835 0.8206188725490197 0.028186274509803922 0.01991421568627451
1 0.47723039215686275 0.6360018382352941 0.014918300653594773 0.0128125
1 0.18737745098039216 0.6379518995098039 0.023447712418300654 0.016712622549019607
1 0.18292075163398694 0.6295955882352942 0.026789215686274508 0.01838235294117647
1 0.1598386437908497 0.437703737745098 0.012487745098039215 0.008985906862745098
0 0.2935906862745098 0.7476516544117647 0.01937091503267974 0.011234681372549021
0 0.28215073529411766 0.7588848039215687 0.018549836601307188 0.012254901960784314