0 0.7295751633986928 0.7982536764705882 0.01715686274509804 0.011948529411764705
1 0.7072365196078432 0.3627450980392157 0.007610294117647059 0.0055147058823529415
0 0.6511437908496732 0.6384803921568627 0.012254901960784314 0.00857843137254902
1 0.3277512254901961 0.4957613357843137 0.012528594771241831 0.009905024509803921
0 0.7312091503267973 0.8094362745098039 0.018790849673202614 0.013480392156862746
0 0.24400939542483663 0.6691942401960784 0.011711601307189543 0.007506127450980392
0 0.59375 0.6694240196078431 0.013480392156862746 0.00857843137254902
0 0.9444097222222222 0.6839767156862745 0.01790441176470588 0.010723039215686275
0 0.5541258169934641 0.6729473039215687 0.013480392156862746 0.008884803921568627
1 0.23747344771241832 0.6549739583333334 0.012528594771241831 0.009090073529411765
0 0.918233251633987 0.6314338235294118 0.013754084967320262 0.007965686274509803
0 0.9358660130718954 0.6519607843137255 0.013071895424836602 0.00857843137254902
0 0.7199754901960784 0.6608455882352942 0.014297385620915032 0.010416666666666666
0 0.5026552287581699 0.7032781862745098 0.01511437908496732 0.01133578431372549
0 0.3625061274509804 0.6957460171568627 0.012593954248366013 0.008526348039215686
1 0.32822712418300654 0.6647518382352942 0.01838235294117647 0.012714460784313725
0 0.6178860294117647 0.6590073529411765 0.011915849673202614 0.007965686274509803
0 0.21507352941176472 0.7420343137254902 0.014297385620915032 0.009191176470588236
0 0.53125 0.6662071078431373 0.014297385620915032 0.01011029411764706
1 0.8451470588235295 0.5510615808823529 0.018725490196078432 0.015113357843137254
0 0.858047385620915 0.6510416666666666 0.014297385620915032 0.00980392156862745
0 0.8878676470588235 0.6484375 0.014297385620915032 0.009497549019607842
0 0.04779411764705882 0.6758578431372549 0.014705882352941176 0.00980392156862745
0 0.23999183006535948 0.8190870098039216 0.01838235294117647 0.011948529411764705
0 0.5359477124183006 0.7095588235294118 0.014705882352941176 0.010416666666666666
0 0.6659865196078432 0.6653385416666666 0.014979575163398694 0.010211397058823528
0 0.25612745098039214 0.6778492647058824 0.012254901960784314 0.008884803921568627
0 0.49836601307189543 0.6665134803921569 0.015522875816993464 0.01011029411764706
0 0.849468954248366 0.7022058823529411 0.017565359477124183 0.010416666666666666
0 0.9541809640522876 0.651781556372549 0.01457107843137255 0.008219975490196077
0 0.9421977124183006 0.6919424019607843 0.017565359477124183 0.011948529411764705
0 0.9797794117647058 0.6553308823529411 0.01511437908496732 0.010416666666666666
0 0.3272058823529412 0.6839767156862745 0.013888888888888888 0.009497549019607842
0 0.894029820261438 0.6401393995098039 0.01354983660130719 0.008219975490196077
0 0.9603758169934641 0.6299019607843137 0.015522875816993464 0.00980392156862745
0 0.38439542483660133 0.7501531862745098 0.018790849673202614 0.013786764705882353
1 0.21943014705882352 0.5147824754901961 0.01565767973856209 0.012408088235294117
0 0.852328431372549 0.6871936274509803 0.016748366013071895 0.00980392156862745
1 0.21806985294117648 0.5454963235294118 0.016205065359477126 0.01133578431372549
1 0.20646037581699347 0.5527987132352942 0.01667892156862745 0.011847426470588236
0 0.34681372549019607 0.6740196078431373 0.014705882352941176 0.011029411764705883
0 0.9117647058823529 0.6472120098039216 0.016339869281045753 0.010723039215686275
0 0.6921977124183006 0.8409926470588235 0.024101307189542485 0.01715686274509804
0 0.22998366013071894 0.7328431372549019 0.016339869281045753 0.010416666666666666
0 0.27185457516339867 0.7556678921568627 0.014297385620915032 0.010723039215686275
0 0.3374183006535948 0.6989889705882353 0.016339869281045753 0.01133578431372549
0 0.06801470588235294 0.6821384803921569 0.014297385620915032 0.009497549019607842
0 0.17463235294117646 0.7054227941176471 0.01511437908496732 0.01011029411764706
0 0.5128676470588235 0.6724877450980392 0.015931372549019607 0.011642156862745098
0 0.38848039215686275 0.8386948529411765 0.021241830065359478 0.015625
0 0.1111111111111111 0.6741727941176471 0.017973856209150325 0.013174019607843137
0 0.4242238562091503 0.7991727941176471 0.02165032679738562 0.016237745098039217
1 0.7257720588235295 0.35788143382352944 0.007099673202614378 0.004978553921568627
1 0.719671160130719 0.3640088848039216 0.00633578431372549 0.004978553921568627
0 0.9012111928104575 0.6469056372549019 0.018108660130718955 0.010723039215686275
0 0.947845179738562 0.6553814338235294 0.013337418300653594 0.00867953431372549
1 0.07074754901960784 0.40239430147058824 0.009142156862745098 0.006381740196078431