0 0.6531862745098039 0.7417279411764706 0.012254901960784314 0.007965686274509803
0 0.7383578431372549 0.8276654411764706 0.014297385620915032 0.009497549019607842
0 0.38786764705882354 0.9292279411764706 0.017565359477124183 0.011642156862745098
0 0.2716503267973856 0.8037683823529411 0.014705882352941176 0.01011029411764706
0 0.8249591503267973 0.8082107843137255 0.017565359477124183 0.011029411764705883
0 0.1729983660130719 0.8304227941176471 0.01511437908496732 0.009497549019607842
0 0.9920343137254902 0.827359068627451 0.015931372549019607 0.01133578431372549
0 0.7502042483660131 0.7251838235294118 0.011029411764705883 0.007965686274509803
0 0.8921568627450981 0.9387254901960784 0.015522875816993464 0.012867647058823529
0 0.6450163398692811 0.8120404411764706 0.012254901960784314 0.008272058823529412
0 0.11062908496732025 0.8614506740196078 0.019460784313725492 0.011504289215686274
0 0.7165032679738562 0.7340686274509803 0.013888888888888888 0.009191176470588236
0 0.4758986928104575 0.8115808823529411 0.01715686274509804 0.012867647058823529
0 0.25980392156862747 0.7951899509803921 0.015522875816993464 0.01011029411764706
1 0.28147263071895423 0.41567861519607846 0.015559640522875819 0.011504289215686274
0 0.7428513071895425 0.7441789215686274 0.01184640522875817 0.007352941176470588
0 0.5337009803921569 0.8573835784313726 0.013480392156862746 0.009497549019607842
0 0.23835784313725492 0.9200367647058824 0.01919934640522876 0.012867647058823529
0 0.013480392156862746 0.7870710784313726 0.02042483660130719 0.012254901960784314
0 0.042279411764705885 0.8769914215686274 0.01511437908496732 0.009497549019607842
0 0.1977124183006536 0.8576899509803921 0.016339869281045753 0.010723039215686275
0 0.2520424836601307 0.78125 0.013071895424836602 0.00980392156862745
0 0.5698529411764706 0.9037990196078431 0.015522875816993464 0.010416666666666666
0 0.4105392156862745 0.9782475490196079 0.021241830065359478 0.015931372549019607
1 0.8182373366013073 0.6083578431372549 0.016376633986928107 0.011446078431372549
0 0.6540032679738562 0.8031556372549019 0.012254901960784314 0.008884803921568627
0 0.7387663398692811 0.9203431372549019 0.015931372549019607 0.012254901960784314
1 0.3059640522875817 0.4970894607843137 0.021241830065359478 0.014399509803921568
0 0.11601307189542484 0.8106617647058824 0.015522875816993464 0.011029411764705883
0 0.0778186274509804 0.7899816176470589 0.013480392156862746 0.009497549019607842
0 0.1337826797385621 0.7150735294117647 0.012663398692810458 0.00857843137254902
0 0.6198937908496732 0.8932291666666666 0.014297385620915032 0.010723039215686275
0 0.5238970588235294 0.7660845588235294 0.014297385620915032 0.01011029411764706
0 0.5490196078431373 0.8521752450980392 0.01715686274509804 0.013174019607843137
0 0.011437908496732025 0.7412683823529411 0.015522875816993464 0.010723039215686275
0 0.42401960784313725 0.9125306372549019 0.013888888888888888 0.01011029411764706
0 0.006944444444444444 0.8152573529411765 0.013071895424836602 0.012867647058823529
0 0.14256535947712418 0.7294730392156863 0.012254901960784314 0.007965686274509803
0 0.6401143790849673 0.8946078431372549 0.016339869281045753 0.011642156862745098
0 0.49754901960784315 0.9745710784313726 0.0196078431372549 0.015931372549019607
0 0.37459150326797386 0.9537377450980392 0.017973856209150325 0.012254901960784314
0 0.45036764705882354 0.9522058823529411 0.020833333333333332 0.012254901960784314
1 0.1378308823529412 0.4789583333333333 0.017491830065359478 0.013063725490196078
0 0.9550653594771242 0.8072916666666666 0.015522875816993464 0.011029411764705883
0 0.12581699346405228 0.8739276960784313 0.017973856209150325 0.013174019607843137
0 0.15298202614379086 0.7634803921568627 0.015931372549019607 0.011029411764705883
0 0.4591503267973856 0.975796568627451 0.017973856209150325 0.013480392156862746
0 0.21650326797385622 0.8751531862745098 0.021241830065359478 0.013786764705882353
0 0.0181781045751634 0.8883272058823529 0.015931372549019607 0.01133578431372549
0 0.659109477124183 0.8353247549019608 0.014297385620915032 0.010723039215686275
0 0.24448529411764705 0.75 0.016748366013071895 0.011029411764705883
0 0.005718954248366013 0.8483455882352942 0.011437908496732025 0.014093137254901961
0 0.028390522875816993 0.8340992647058824 0.020016339869281044 0.013174019607843137
0 0.5386029411764706 0.899203431372549 0.01838235294117647 0.013480392156862746
0 0.40665849673202614 0.9160539215686274 0.01838235294117647 0.012254901960784314
0 0.7277369281045751 0.8946078431372549 0.020016339869281044 0.014093137254901961
0 0.8312908496732027 0.8782169117647058 0.0196078431372549 0.014399509803921568
0 0.35232843137254904 0.9264705882352942 0.017565359477124183 0.012867647058823529
0 0.3923611111111111 0.9803921568627451 0.02246732026143791 0.018995098039215685
0 0.6456290849673203 0.9878982843137255 0.020833333333333332 0.017463235294117647
1 0.3465359477124183 0.5187300857843137 0.02395424836601307 0.018465073529411766
0 0.4569035947712418 0.9396446078431373 0.020016339869281044 0.014705882352941176
0 0.9797794117647058 0.8128063725490197 0.017565359477124183 0.012867647058823529
0 0.5749591503267973 0.9234068627450981 0.01838235294117647 0.012867647058823529
0 0.10212418300653595 0.7895220588235294 0.016339869281045753 0.011642156862745098
0 0.11642156862745098 0.9186580882352942 0.021241830065359478 0.015012254901960785
0 0.9703839869281046 0.8360906862745098 0.01511437908496732 0.011642156862745098
0 0.12908496732026145 0.7858455882352942 0.016339869281045753 0.011642156862745098
1 0.2541789215686275 0.5456908700980392 0.024697712418300655 0.017239583333333336
1 0.37093341503267974 0.5063495710784314 0.021278594771241832 0.014537377450980393
0 0.06597222222222222 0.8553921568627451 0.01838235294117647 0.013480392156862746
1 0.20779411764705882 0.5041636029411765 0.024248366013071895 0.016905637254901962
0 0.43852124183006536 0.9408700980392157 0.020833333333333332 0.014705882352941176
1 0.3206331699346405 0.4358563112745098 0.021168300653594773 0.01509497549019608
1 0.2682904411764706 0.48196537990196076 0.022691993464052287 0.017239583333333336
1 0.896828022875817 0.6193458946078432 0.01587826797385621 0.011976102941176472