0 0.3110702614379085 0.6694240196078431 0.015931372549019607 0.00980392156862745
0 0.02696078431372549 0.7988664215686274 0.018790849673202614 0.013786764705882353
0 0.26205065359477125 0.6397058823529411 0.014297385620915032 0.00857843137254902
0 0.5363562091503268 0.7789522058823529 0.01715686274509804 0.011948529411764705
0 0.8966503267973857 0.6464460784313726 0.013888888888888888 0.00980392156862745
0 0.9491421568627451 0.6371017156862745 0.01511437908496732 0.009497549019607842
0 0.8151552287581699 0.6064644607843137 0.013480392156862746 0.008884803921568627
0 0.8335375816993464 0.6305147058823529 0.013480392156862746 0.009191176470588236
0 0.8623366013071896 0.7323835784313726 0.01715686274509804 0.01133578431372549
0 0.9895833333333334 0.7156862745098039 0.017565359477124183 0.014093137254901961
0 0.9934640522875817 0.7323835784313726 0.012254901960784314 0.013786764705882353
0 0.8459967320261438 0.6188725490196079 0.013888888888888888 0.00857843137254902
0 0.41074346405228757 0.7415747549019608 0.020016339869281044 0.013174019607843137
0 0.10049019607843138 0.7512254901960784 0.018790849673202614 0.011642156862745098
0 0.8347630718954249 0.6524203431372549 0.013480392156862746 0.009497549019607842
0 0.8102532679738562 0.6596200980392157 0.015931372549019607 0.010416666666666666
0 0.4485294117647059 0.7017463235294118 0.018790849673202614 0.013786764705882353
0 0.897671568627451 0.6737132352941176 0.02165032679738562 0.013480392156862746
0 0.8711192810457516 0.6355698529411765 0.017565359477124183 0.01133578431372549
0 0.952001633986928 0.7362132352941176 0.01919934640522876 0.012867647058823529
0 0.2391748366013072 0.6940870098039216 0.01838235294117647 0.011948529411764705
0 0.34334150326797386 0.6996017156862745 0.017565359477124183 0.013174019607843137
1 0.8929003267973857 0.540499387254902 0.013741830065359477 0.010533088235294119
1 0.8849611928104576 0.5878722426470588 0.015020424836601308 0.010916053921568629