0 0.8694852941176471 0.758578431372549 0.017565359477124183 0.012254901960784314
0 0.7928921568627451 0.7228860294117647 0.015522875816993464 0.01133578431372549
0 0.5925245098039216 0.6609987745098039 0.012663398692810458 0.008272058823529412
1 0.47298406862745096 0.6296798406862746 0.02603349673202614 0.01916360294117647
0 0.30126429738562094 0.7859987745098039 0.02736519607843137 0.018688725490196078
1 0.18588439542483662 0.571453737745098 0.026180555555555558 0.01790747549019608
0 0.5841503267973857 0.8768382352941176 0.01715686274509804 0.011029411764705883
0 0.7967728758169934 0.7352941176470589 0.015931372549019607 0.010416666666666666
0 0.8321078431372549 0.8799019607843137 0.02369281045751634 0.013480392156862746
0 0.4207516339869281 0.8025428921568627 0.022058823529411766 0.013786764705882353
0 0.6658496732026143 0.6940870098039216 0.015522875816993464 0.01011029411764706
0 0.5324754901960784 0.7775735294117647 0.01511437908496732 0.010416666666666666
0 0.9029820261437909 0.7930453431372549 0.015931372549019607 0.013174019607843137
0 0.639501633986928 0.8068321078431373 0.01838235294117647 0.011948529411764705
1 0.8357843137254902 0.6665134803921569 0.031862745098039214 0.019301470588235295
0 0.0872140522875817 0.8681066176470589 0.015931372549019607 0.01133578431372549
0 0.5841503267973857 0.9237132352941176 0.021241830065359478 0.015318627450980392
0 0.8308823529411765 0.7916666666666666 0.02287581699346405 0.014705882352941176
0 0.8594771241830066 0.8216911764705882 0.018790849673202614 0.012254901960784314
0 0.08006535947712418 0.8426776960784313 0.02042483660130719 0.01133578431372549
1 0.4074080882352941 0.36887254901960786 0.030502450980392157 0.0196078431372549
0 0.5175653594771242 0.7506127450980392 0.01715686274509804 0.011029411764705883
0 0.28138480392156867 0.7949341299019608 0.02355392156862745 0.01572610294117647
0 0.7401960784313726 0.7693014705882353 0.02696078431372549 0.01715686274509804
0 0.795751633986928 0.8944546568627451 0.016339869281045753 0.013174019607843137
1 0.1448488562091503 0.579266237745098 0.022540849673202613 0.01515012254901961
0 0.18852124183006536 0.7994791666666666 0.020016339869281044 0.012561274509803922
0 0.6390931372549019 0.8491115196078431 0.020833333333333332 0.013174019607843137
0 0.6856617647058824 0.8904718137254902 0.020833333333333332 0.014399509803921568
0 0.4861111111111111 0.7683823529411765 0.024509803921568627 0.015931372549019607
1 0.27205882352941174 0.6822916666666666 0.025326797385620915 0.016544117647058824
0 0.542687908496732 0.8423713235294118 0.015931372549019607 0.010723039215686275
1 0.21338031045751635 0.41054381127450984 0.01826388888888889 0.012264093137254902
0 0.903390522875817 0.7395833333333334 0.020016339869281044 0.012254901960784314
0 0.8611111111111112 0.8334865196078431 0.022058823529411766 0.013786764705882353
0 0.4293300653594771 0.8903186274509803 0.02042483660130719 0.012867647058823529
0 0.9254493464052288 0.6969975490196079 0.013480392156862746 0.009191176470588236
0 0.6143790849673203 0.7166053921568627 0.017973856209150325 0.012867647058823529
0 0.7248774509803921 0.921109068627451 0.02165032679738562 0.013786764705882353
1 0.7772998366013072 0.7060860906862745 0.028455882352941175 0.018177083333333333
0 0.7240604575163399 0.7859987745098039 0.02246732026143791 0.015625
0 0.8400735294117647 0.8013174019607843 0.024101307189542485 0.015625
0 0.8488562091503268 0.7524509803921569 0.016339869281045753 0.012254901960784314
0 0.7677696078431373 0.7204350490196079 0.016748366013071895 0.012561274509803922
0 0.8790849673202614 0.7945772058823529 0.0196078431372549 0.012561274509803922
0 0.9328022875816994 0.8340992647058824 0.023284313725490197 0.015012254901960785
1 0.39141339869281044 0.6063112745098039 0.02465686274509804 0.015931372549019607
0 0.7732843137254902 0.9292279411764706 0.028594771241830064 0.01715686274509804
0 0.2971139705882353 0.7282475490196079 0.017430555555555557 0.011029411764705883
0 0.38357843137254904 0.9074754901960784 0.018790849673202614 0.014705882352941176
1 0.3464746732026144 0.6516544117647058 0.018929738562091503 0.014705882352941176
0 0.5680147058823529 0.6685049019607843 0.015931372549019607 0.00980392156862745
0 0.1926062091503268 0.8178615196078431 0.01838235294117647 0.012561274509803922
1 0.44750816993464054 0.7628676470588235 0.025735294117647058 0.017769607843137254
0 0.31433823529411764 0.9664522058823529 0.020016339869281044 0.013786764705882353
1 0.431781045751634 0.7738970588235294 0.02369281045751634 0.016544117647058824
0 0.49407679738562094 0.8733149509803921 0.023284313725490197 0.017463235294117647
1 0.4035947712418301 0.6199448529411765 0.02369281045751634 0.019301470588235295
0 0.49203431372549017 0.8884803921568627 0.025735294117647058 0.014093137254901961
0 0.14644607843137256 0.8792892156862745 0.02165032679738562 0.014093137254901961
1 0.15838643790849674 0.5806035539215686 0.02428921568627451 0.017824754901960786
0 0.7195669934640523 0.9067095588235294 0.02165032679738562 0.015012254901960785
1 0.20649509803921567 0.5896139705882353 0.02246732026143791 0.015012254901960785
0 0.9099264705882353 0.8685661764705882 0.027369281045751634 0.0196078431372549
1 0.9136029411764706 0.414266237745098 0.02246732026143791 0.016645220588235293
0 0.5606617647058824 0.7590379901960784 0.016748366013071895 0.012561274509803922
0 0.8400735294117647 0.8596813725490197 0.024101307189542485 0.016544117647058824
0 0.8674428104575164 0.7512254901960784 0.020016339869281044 0.014093137254901961
0 0.8562091503267973 0.764859068627451 0.022058823529411766 0.014399509803921568
0 0.585171568627451 0.8624387254901961 0.024101307189542485 0.017769607843137254
0 0.6783088235294118 0.9108455882352942 0.02165032679738562 0.014705882352941176
0 0.44076797385620914 0.8262867647058824 0.02042483660130719 0.014705882352941176
0 0.6499183006535948 0.827359068627451 0.02369281045751634 0.016237745098039217
0 0.7673611111111112 0.7870710784313726 0.024101307189542485 0.01715686274509804
1 0.29616013071895425 0.2659313725490196 0.025326797385620915 0.01838235294117647
0 0.7246732026143791 0.8834252450980392 0.018790849673202614 0.014399509803921568
1 0.17973856209150327 0.6044730392156863 0.022058823529411766 0.015318627450980392
0 0.6486928104575164 0.9214154411764706 0.025326797385620915 0.016237745098039217
0 0.2653186274509804 0.8033088235294118 0.02246732026143791 0.015931372549019607
0 0.8886846405228758 0.7461703431372549 0.024101307189542485 0.018075980392156864
0 0.9754901960784313 0.6988357843137255 0.02042483660130719 0.012254901960784314
1 0.18280228758169934 0.36473651960784315 0.028186274509803922 0.01685049019607843
0 0.16441993464052287 0.8268995098039216 0.020016339869281044 0.014093137254901961
0 0.24142156862745098 0.7167585784313726 0.016339869281045753 0.011948529411764705
0 0.20445261437908496 0.6792279411764706 0.01511437908496732 0.011029411764705883
0 0.6938316993464052 0.9204963235294118 0.02246732026143791 0.015625
0 0.9080882352941176 0.7575061274509803 0.022058823529411766 0.013786764705882353
1 0.22201797385620914 0.47237132352941175 0.023284313725490197 0.015208333333333334
1 0.8460661764705882 0.5457000612745098 0.018929738562091503 0.013581495098039215
0 0.6286764705882353 0.8828125 0.025326797385620915 0.018075980392156864
0 0.5725081699346405 0.7608762254901961 0.01838235294117647 0.012561274509803922
0 0.8218954248366013 0.7385110294117647 0.0196078431372549 0.013786764705882353
0 0.7759395424836601 0.8998161764705882 0.024101307189542485 0.017769607843137254
1 0.1503267973856209 0.3730591299019608 0.02369281045751634 0.016338848039215686
0 0.1468545751633987 0.8964460784313726 0.026552287581699346 0.017769607843137254
1 0.4789624183006536 0.7873774509803921 0.02246732026143791 0.02144607843137255
0 0.8723447712418301 0.6773897058823529 0.020833333333333332 0.012867647058823529
1 0.11764705882352941 0.5821078431372549 0.03104575163398693 0.02267156862745098
0 0.5439133986928104 0.7495404411764706 0.020016339869281044 0.011948529411764705
0 0.43218954248366015 0.9053308823529411 0.022058823529411766 0.015318627450980392
1 0.4592871732026144 0.7904411764705882 0.02396650326797386 0.017769607843137254
0 0.988562091503268 0.9577205882352942 0.022058823529411766 0.022058823529411766
0 0.21343954248366012 0.8644301470588235 0.025735294117647058 0.016237745098039217
0 0.9105392156862745 0.774203431372549 0.022058823529411766 0.014093137254901961
1 0.1380718954248366 0.6116727941176471 0.025326797385620915 0.017463235294117647
0 0.29963235294117646 0.8321078431372549 0.024918300653594773 0.018995098039215685
1 0.07733660130718954 0.48796721813725485 0.02477124183006536 0.01637561274509804
0 0.36580882352941174 0.9823835784313726 0.030637254901960783 0.02297794117647059
0 0.1636029411764706 0.8584558823529411 0.024918300653594773 0.01838235294117647
1 0.4185049019607843 0.4071185661764706 0.028186274509803922 0.020732230392156863
0 0.9873366013071896 0.8066789215686274 0.022058823529411766 0.015931372549019607
1 0.1766748366013072 0.6372549019607843 0.025735294117647058 0.01715686274509804
0 0.946078431372549 0.7654718137254902 0.02369281045751634 0.015012254901960785
1 0.2193627450980392 0.6079963235294118 0.027777777777777776 0.020526960784313725
0 0.6441993464052288 0.9401041666666666 0.03022875816993464 0.021752450980392156
0 0.4736519607843137 0.8406862745098039 0.024101307189542485 0.0196078431372549
1 0.6114093137254902 0.5823023897058823 0.03000816993464052 0.020609681372549017
1 0.9342320261437909 0.4169730392156863 0.025326797385620915 0.017769607843137254
1 0.4562908496732026 0.5821078431372549 0.031862745098039214 0.023284313725490197
1 0.38786764705882354 0.7423406862745098 0.03390522875816993 0.02389705882352941
1 0.19383169934640523 0.6260723039215687 0.024101307189542485 0.017463235294117647
1 0.17827410130718954 0.6195695465686275 0.0330187908496732 0.019776348039215685
1 0.851734068627451 0.552185968137255 0.017193627450980395 0.011847426470588236