0 0.32536764705882354 0.7665441176470589 0.016748366013071895 0.010416666666666666
1 0.050359477124183004 0.5474540441176471 0.02065359477124183 0.01647671568627451
0 0.922998366013072 0.7708333333333334 0.020016339869281044 0.013480392156862746
1 0.9873366013071896 0.7225796568627451 0.02369281045751634 0.019301470588235295
0 0.05943627450980392 0.8125 0.01919934640522876 0.012867647058823529
0 0.04738562091503268 0.7372855392156863 0.02042483660130719 0.013174019607843137
0 0.11621732026143791 0.7501531862745098 0.020016339869281044 0.013786764705882353
1 0.08011029411764707 0.5095833333333333 0.020514705882352942 0.015490196078431374
1 0.6526184640522875 0.41208792892156865 0.021740196078431372 0.015965073529411764
0 0.08925653594771242 0.772671568627451 0.020833333333333332 0.014093137254901961
1 0.9688868464052288 0.6060554534313726 0.023558006535947713 0.016645220588235293
1 0.37773488562091506 0.4340625 0.014456699346405229 0.010894607843137255