0 0.36703431372549017 0.6216299019607843 0.014297385620915032 0.00857843137254902
1 0.31066176470588236 0.42340686274509803 0.020016339869281044 0.012867647058823529
0 0.2020016339869281 0.6213235294117647 0.014297385620915032 0.009191176470588236
0 0.10477941176470588 0.6534926470588235 0.012663398692810458 0.007965686274509803
0 0.19056372549019607 0.6836703431372549 0.01184640522875817 0.008272058823529412
1 0.03553921568627451 0.30775122549019607 0.0196078431372549 0.013786764705882353
0 0.4223856209150327 0.7090992647058824 0.013071895424836602 0.008272058823529412
0 0.0926797385620915 0.8756954656862745 0.026045751633986928 0.014258578431372548
1 0.37316176470588236 0.4774816176470588 0.024918300653594773 0.018075980392156864
0 0.03104575163398693 0.8984375 0.02369281045751634 0.01685049019607843
0 0.9140114379084967 0.8754595588235294 0.01919934640522876 0.012561274509803922
0 0.018995098039215685 0.6038602941176471 0.012663398692810458 0.00980392156862745
0 0.43921160130718956 0.9318443627450981 0.024665032679738564 0.016262254901960784
0 0.96875 0.8514093137254902 0.023284313725490197 0.012867647058823529
0 0.009395424836601307 0.6649816176470589 0.012254901960784314 0.008272058823529412
0 0.41911764705882354 0.7689950980392157 0.026143790849673203 0.01838235294117647
0 0.2526552287581699 0.6776960784313726 0.01184640522875817 0.007352941176470588
0 0.5806781045751634 0.6439950980392157 0.016748366013071895 0.010416666666666666
0 0.18995098039215685 0.6204044117647058 0.015522875816993464 0.00980392156862745
0 0.28737745098039214 0.6721813725490197 0.013480392156862746 0.00857843137254902
0 0.23366013071895425 0.6803002450980392 0.013071895424836602 0.008272058823529412
0 0.01613562091503268 0.9154411764705882 0.026552287581699346 0.01715686274509804
1 0.7806372549019608 0.37423406862745096 0.02042483660130719 0.014399509803921568
0 0.0055147058823529415 0.7086397058823529 0.011029411764705883 0.00980392156862745
0 0.9934640522875817 0.8365502450980392 0.013071895424836602 0.013174019607843137
0 0.7575571895424836 0.7798713235294118 0.017565359477124183 0.011948529411764705
1 0.7532679738562091 0.6410845588235294 0.01715686274509804 0.01133578431372549
0 0.09076593137254901 0.6384681372549019 0.014048202614379085 0.008553921568627451
0 0.07005718954248366 0.6268504901960784 0.014297385620915032 0.007377450980392156
0 0.26715686274509803 0.6688112745098039 0.011437908496732025 0.007965686274509803
0 0.7595996732026143 0.7166053921568627 0.01511437908496732 0.00980392156862745
1 0.29105392156862747 0.4410232843137255 0.020016339869281044 0.015012254901960785
0 0.4021650326797386 0.7081801470588235 0.015931372549019607 0.01011029411764706
0 0.2267156862745098 0.6803002450980392 0.013888888888888888 0.007659313725490196
0 0.2665441176470588 0.7087928921568627 0.013480392156862746 0.008884803921568627
0 0.167687908496732 0.6240808823529411 0.012663398692810458 0.009191176470588236
0 0.1374591503267974 0.6928615196078431 0.012663398692810458 0.008272058823529412
0 0.7822712418300654 0.6354166666666666 0.015522875816993464 0.010416666666666666
0 0.7383578431372549 0.7636335784313726 0.016748366013071895 0.010723039215686275
0 0.058619281045751634 0.6323529411764706 0.013480392156862746 0.00857843137254902
0 0.07618464052287582 0.6678921568627451 0.013480392156862746 0.00857843137254902
1 0.10518790849673203 0.6211703431372549 0.020016339869281044 0.013786764705882353
1 0.4579248366013072 0.5439644607843137 0.025326797385620915 0.018688725490196078
0 0.3255718954248366 0.6605392156862745 0.0196078431372549 0.010416666666666666
0 0.4236111111111111 0.946078431372549 0.02287581699346405 0.016544117647058824
0 0.34701797385620914 0.7634803921568627 0.015931372549019607 0.011029411764705883
0 0.12173202614379085 0.6266850490196079 0.011437908496732025 0.008272058823529412
0 0.7777777777777778 0.7181372549019608 0.013888888888888888 0.00980392156862745
1 0.052083333333333336 0.4831495098039216 0.020833333333333332 0.014705882352941176
0 0.024918300653594773 0.6677389705882353 0.013071895424836602 0.008884803921568627
0 0.35171568627450983 0.6830575980392157 0.014705882352941176 0.01011029411764706
0 0.7483660130718954 0.8734681372549019 0.02287581699346405 0.016544117647058824
0 0.22691993464052287 0.6363357843137255 0.014297385620915032 0.00857843137254902
1 0.35251633986928105 0.40557904411764706 0.01957516339869281 0.013976715686274508
0 0.15727124183006536 0.6277573529411765 0.013071895424836602 0.00980392156862745
1 0.733047385620915 0.5170036764705882 0.0298202614379085 0.017463235294117647
0 0.176062091503268 0.6585477941176471 0.013071895424836602 0.008272058823529412
0 0.08660130718954248 0.6407781862745098 0.016339869281045753 0.009497549019607842
0 0.2937091503267974 0.7849264705882353 0.0196078431372549 0.012254901960784314
0 0.01715686274509804 0.7432598039215687 0.018790849673202614 0.014705882352941176
0 0.12826797385620914 0.6553308823529411 0.013888888888888888 0.00857843137254902
0 0.05841503267973856 0.647671568627451 0.013888888888888888 0.00980392156862745
1 0.7813602941176471 0.48267769607843136 0.022687908496732027 0.015600490196078431
1 0.15459967320261436 0.6027879901960784 0.017532679738562092 0.014399509803921568
0 0.30106209150326796 0.7636335784313726 0.01715686274509804 0.010723039215686275
0 0.005718954248366013 0.694546568627451 0.011437908496732025 0.010416666666666666
1 0.14880310457516338 0.38377910539215687 0.014926470588235295 0.011430759803921569
1 0.24366830065359477 0.6222426470588235 0.014297385620915032 0.011029411764705883
0 0.06147875816993464 0.7421875 0.014297385620915032 0.010723039215686275
0 0.7271241830065359 0.6986825980392157 0.01715686274509804 0.01133578431372549
0 0.1119281045751634 0.6393995098039216 0.013888888888888888 0.009191176470588236
0 0.3161764705882353 0.6692708333333334 0.013888888888888888 0.009497549019607842
0 0.10437091503267974 0.8095894607843137 0.016748366013071895 0.01133578431372549
1 0.7190339052287581 0.6253063725490197 0.0197671568627451 0.012867647058823529
0 0.15093954248366012 0.6490502450980392 0.01184640522875817 0.008272058823529412
0 0.9936683006535948 0.758578431372549 0.012663398692810458 0.014705882352941176
0 0.7851307189542484 0.7043504901960784 0.016339869281045753 0.012254901960784314
0 0.0392156862745098 0.6885723039215687 0.016339869281045753 0.01011029411764706
0 0.9517483660130719 0.8739154411764706 0.02931372549019608 0.01988970588235294
0 0.01184640522875817 0.7305453431372549 0.016339869281045753 0.01133578431372549
1 0.36560457516339867 0.42371323529411764 0.0196078431372549 0.013480392156862746
1 0.4599673202614379 0.6582414215686274 0.022058823529411766 0.015625
0 0.1096813725490196 0.6815257352941176 0.013480392156862746 0.009497549019607842
1 0.9334946895424837 0.4838327205882353 0.0197671568627451 0.01423406862745098
0 0.7520424836601307 0.8996629901960784 0.021241830065359478 0.013786764705882353
0 0.9916258169934641 0.8506433823529411 0.016748366013071895 0.015012254901960785
0 0.04636437908496732 0.7349877450980392 0.017565359477124183 0.012254901960784314
1 0.03125 0.3786764705882353 0.01838235294117647 0.014093137254901961
1 0.19219771241830066 0.4333639705882353 0.020016339869281044 0.014399509803921568
0 0.7225694444444444 0.7059650735294117 0.015400326797385622 0.009356617647058823
1 0.7136437908496732 0.6357230392156863 0.026143790849673203 0.016544117647058824
0 0.8988970588235294 0.6986825980392157 0.017565359477124183 0.012561274509803922
0 0.8192401960784313 0.7447916666666666 0.01838235294117647 0.012867647058823529
0 0.09252450980392157 0.7524509803921569 0.01511437908496732 0.00980392156862745
1 0.14624183006535948 0.5142463235294118 0.01715686274509804 0.012561274509803922
0 0.9234068627450981 0.8852634803921569 0.020016339869281044 0.015625
0 0.006127450980392157 0.8298100490196079 0.012254901960784314 0.01685049019607843
1 0.16462418300653595 0.4618566176470588 0.0196078431372549 0.013786764705882353
1 0.2902839052287582 0.32075980392156866 0.01929330065359477 0.013455882352941177
0 0.7563316993464052 0.7705269607843137 0.01919934640522876 0.011642156862745098
0 0.9140114379084967 0.7521446078431373 0.02246732026143791 0.012867647058823529
0 0.8026960784313726 0.6865808823529411 0.014705882352941176 0.010416666666666666
0 0.06946078431372549 0.7354473039215687 0.019640522875816992 0.011948529411764705
1 0.7334558823529411 0.46737132352941174 0.024918300653594773 0.017463235294117647
0 0.04493464052287582 0.7215073529411765 0.01715686274509804 0.011029411764705883
0 0.2930964052287582 0.7140012254901961 0.017565359477124183 0.011948529411764705
1 0.1977124183006536 0.45297181372549017 0.016339869281045753 0.013174019607843137
0 0.23202614379084968 0.6564031862745098 0.014705882352941176 0.009497549019607842
1 0.14583333333333334 0.48514093137254904 0.0196078431372549 0.014399509803921568
0 0.8735702614379085 0.7954963235294118 0.02900326797385621 0.018075980392156864
0 0.7089460784313726 0.8949142156862745 0.02165032679738562 0.014705882352941176
0 0.7555147058823529 0.7843137254901961 0.020833333333333332 0.014093137254901961
0 0.3276143790849673 0.8218443627450981 0.017973856209150325 0.014399509803921568
1 0.4249938725490196 0.5165563725490196 0.02155637254901961 0.014730392156862745
0 0.3151552287581699 0.7575061274509803 0.016748366013071895 0.011948529411764705
0 0.08026960784313726 0.8405330882352942 0.016748366013071895 0.011948529411764705
0 0.8104575163398693 0.789828431372549 0.0196078431372549 0.013480392156862746
0 0.8071895424836601 0.6973039215686274 0.017973856209150325 0.012254901960784314
0 0.8284313725490197 0.7346813725490197 0.0196078431372549 0.013480392156862746
0 0.0457516339869281 0.8449754901960784 0.025326797385620915 0.014093137254901961
1 0.710171568627451 0.48514093137254904 0.024918300653594773 0.019301470588235295
0 0.3937908496732026 0.7826286764705882 0.018790849673202614 0.012561274509803922
0 0.08660130718954248 0.6536458333333334 0.016339869281045753 0.010723039215686275
0 0.7657271241830066 0.9071691176470589 0.020833333333333332 0.014705882352941176
0 0.6640114379084967 0.8890931372549019 0.01838235294117647 0.014705882352941176
1 0.7853186274509804 0.4733455882352941 0.024068627450980394 0.016544117647058824
1 0.5771895424836602 0.24003063725490198 0.0269281045751634 0.021115196078431372
0 0.6011029411764706 0.9096200980392157 0.020833333333333332 0.015931372549019607
0 0.7081290849673203 0.8716299019607843 0.023284313725490197 0.01715686274509804
0 0.8018790849673203 0.7411151960784313 0.018790849673202614 0.013480392156862746
0 0.6439950980392157 0.7683823529411765 0.020833333333333332 0.012867647058823529
0 0.07965686274509803 0.8105085784313726 0.01715686274509804 0.012561274509803922
0 0.24428104575163398 0.7555147058823529 0.017973856209150325 0.012867647058823529
1 0.6149918300653595 0.5840992647058824 0.026552287581699346 0.019301470588235295
0 0.49142156862745096 0.8972120098039216 0.02287581699346405 0.016237745098039217
1 0.6716319444444444 0.40610906862745094 0.02627042483660131 0.01810049019607843
1 0.10355392156862746 0.4653799019607843 0.024918300653594773 0.016544117647058824
0 0.6948529411764706 0.7228860294117647 0.0196078431372549 0.013174019607843137
0 0.3112745098039216 0.7207414215686274 0.0196078431372549 0.014399509803921568
1 0.6917892156862745 0.4797794117647059 0.023284313725490197 0.01838235294117647
1 0.11131535947712418 0.47794117647058826 0.020833333333333332 0.014093137254901961
0 0.07924836601307189 0.7167585784313726 0.018790849673202614 0.013786764705882353
1 0.17626633986928106 0.5182291666666666 0.020016339869281044 0.015625
0 0.6556372549019608 0.7532169117647058 0.021241830065359478 0.015625
0 0.4693627450980392 0.9094669117647058 0.027777777777777776 0.018688725490196078
0 0.28594771241830064 0.8390012254901961 0.025326797385620915 0.018075980392156864
0 0.5077614379084967 0.9082414215686274 0.026143790849673203 0.018688725490196078
0 0.04738562091503268 0.8189338235294118 0.02287581699346405 0.015318627450980392
0 0.5706699346405228 0.9185049019607843 0.026143790849673203 0.020833333333333332
0 0.6680964052287581 0.7931985294117647 0.02165032679738562 0.016544117647058824
0 0.9080882352941176 0.7775735294117647 0.02369281045751634 0.016544117647058824
1 0.5498366013071896 0.538296568627451 0.03104575163398693 0.022058823529411766
1 0.7222896241830066 0.6340502450980392 0.01892565359477124 0.013198529411764706
0 0.04897467320261438 0.6331541053921568 0.013799019607843138 0.008955269607843137
0 0.0745812908496732 0.6242218137254902 0.013541666666666665 0.008247549019607843
1 0.19513480392156862 0.6249050245098039 0.016086601307189544 0.010839460784313725
0 0.07741217320261437 0.738734681372549 0.01920343137254902 0.011783088235294118
1 0.7118361928104575 0.7256311274509804 0.020077614379084965 0.014375