1 0.29449142156862745 0.7165548406862745 0.022806372549019606 0.015830269607843138
0 0.14072712418300654 0.6879595588235294 0.01184640522875817 0.007659313725490196
0 0.372140522875817 0.6476976102941177 0.012254901960784314 0.008017769607843138
1 0.7129636437908496 0.4855499387254902 0.01661356209150327 0.012153799019607843
0 0.3886846405228758 0.7547487745098039 0.013480392156862746 0.008884803921568627
0 0.1284722222222222 0.6626838235294118 0.012663398692810458 0.00857843137254902
0 0.12254901960784313 0.6510416666666666 0.013071895424836602 0.007965686274509803
0 0.11887254901960784 0.6321997549019608 0.013071895424836602 0.007659313725490196
0 0.30637254901960786 0.7889093137254902 0.018790849673202614 0.011029411764705883
0 0.17803717320261436 0.7092784926470589 0.01457107843137255 0.009243259803921568
0 0.010008169934640522 0.7385110294117647 0.017565359477124183 0.011948529411764705
0 0.051266339869281044 0.6773897058823529 0.013480392156862746 0.00857843137254902
0 0.3944035947712418 0.8071384803921569 0.017565359477124183 0.014399509803921568
1 0.7233108660130719 0.46098805147058824 0.018517156862745097 0.013275122549019608
0 0.06985294117647059 0.8330269607843137 0.016339869281045753 0.011642156862745098
0 0.0857843137254902 0.6351102941176471 0.015522875816993464 0.009191176470588236
0 0.3799019607843137 0.7670036764705882 0.018790849673202614 0.011948529411764705
1 0.6138684640522876 0.45036764705882354 0.023488562091503268 0.01715686274509804
0 0.16891339869281047 0.7028186274509803 0.01511437908496732 0.010416666666666666
0 0.03744485294117647 0.6530070465686274 0.015249183006535947 0.008219975490196077
0 0.338031045751634 0.7893688725490197 0.01838235294117647 0.011948529411764705
1 0.6606066176470589 0.5161611519607843 0.018108660130718955 0.01332720588235294
0 0.8384395424836601 0.7386642156862745 0.014297385620915032 0.009191176470588236
0 0.5776143790849673 0.7628676470588235 0.014705882352941176 0.010416666666666666
0 0.5473182189542484 0.6997288602941176 0.015388071895424838 0.010364583333333333
1 0.43127042483660133 0.6908961397058824 0.02022058823529412 0.014145220588235294
0 0.6225490196078431 0.8449754901960784 0.02287581699346405 0.014705882352941176
0 0.4050245098039216 0.7757352941176471 0.014297385620915032 0.010416666666666666
0 0.11294934640522876 0.6758578431372549 0.013480392156862746 0.00857843137254902
0 0.41605392156862747 0.7515318627450981 0.01511437908496732 0.011029411764705883
1 0.5134803921568627 0.6969975490196079 0.017973856209150325 0.012254901960784314
0 0.3627450980392157 0.7564338235294118 0.015522875816993464 0.010416666666666666
0 0.25939542483660133 0.7581188725490197 0.017973856209150325 0.011948529411764705
1 0.5678778594771242 0.6962821691176471 0.020559640522875816 0.014500612745098038
0 0.627859477124183 0.7175245098039216 0.013071895424836602 0.009191176470588236
0 0.42606209150326796 0.7613357843137255 0.015522875816993464 0.00980392156862745
0 0.08394607843137254 0.6833639705882353 0.014297385620915032 0.008884803921568627
1 0.005479983660130718 0.6085585171568627 0.010959967320261436 0.01552389705882353
1 0.8831025326797386 0.6167279411764706 0.024375 0.016544117647058824
0 0.5594362745098039 0.8704044117647058 0.020016339869281044 0.014705882352941176
0 0.21486928104575165 0.7421875 0.01715686274509804 0.010723039215686275
0 0.3909313725490196 0.8359375 0.018790849673202614 0.012561274509803922
0 0.6076388888888888 0.7823223039215687 0.023284313725490197 0.014399509803921568
1 0.6744281045751634 0.5160845588235294 0.016339869281045753 0.011948529411764705
0 0.17422385620915032 0.6522671568627451 0.013480392156862746 0.00980392156862745
0 0.3886846405228758 0.8454350490196079 0.01919934640522876 0.013786764705882353
0 0.465890522875817 0.7637867647058824 0.01838235294117647 0.012867647058823529
0 0.29044117647058826 0.8998161764705882 0.022058823529411766 0.016544117647058824
1 0.05290032679738562 0.6041666666666666 0.020833333333333332 0.014705882352941176
0 0.409109477124183 0.8075980392156863 0.01919934640522876 0.014705882352941176
1 0.07308619281045751 0.5953324142156863 0.021172385620915033 0.013581495098039215
1 0.006740196078431373 0.6290333946078431 0.013480392156862746 0.016645220588235293
0 0.41891339869281047 0.9016544117647058 0.020016339869281044 0.014093137254901961
0 0.693218954248366 0.7535232843137255 0.017973856209150325 0.012561274509803922
1 0.6495098039215687 0.7118566176470589 0.01715686274509804 0.01133578431372549
0 0.571078431372549 0.7495404411764706 0.0196078431372549 0.01133578431372549
1 0.607093545751634 0.4262668504901961 0.021376633986928104 0.01552389705882353
0 0.48590686274509803 0.7659313725490197 0.016748366013071895 0.012867647058823529
0 0.5923202614379085 0.8287377450980392 0.02042483660130719 0.014093137254901961
1 0.06464460784313726 0.6170343137254902 0.02144607843137255 0.014705882352941176
0 0.1096813725490196 0.7296262254901961 0.020016339869281044 0.012561274509803922
1 0.45030024509803923 0.6693474264705882 0.019881535947712418 0.013939950980392158
0 0.7146650326797386 0.8187806372549019 0.01919934640522876 0.013786764705882353
0 0.4383169934640523 0.7719056372549019 0.017973856209150325 0.012561274509803922
1 0.8675102124183006 0.6055713848039216 0.02423611111111111 0.016289828431372548
0 0.8053513071895425 0.7740502450980392 0.016748366013071895 0.012561274509803922
0 0.04044117647058824 0.7198223039215687 0.0196078431372549 0.012561274509803922
1 0.4675245098039216 0.6470588235294118 0.01919934640522876 0.014705882352941176
1 0.3188664215686275 0.6672794117647058 0.021719771241830065 0.014705882352941176
0 0.25735294117647056 0.7700674019607843 0.018790849673202614 0.013786764705882353
0 0.6836192810457516 0.7668504901960784 0.017565359477124183 0.012867647058823529
0 0.17544934640522875 0.8607536764705882 0.023284313725490197 0.015625
0 0.8735702614379085 0.8635110294117647 0.02246732026143791 0.01685049019607843
1 0.8561356209150327 0.5716911764705882 0.026813725490196078 0.01838235294117647