0 0.20261437908496732 0.8368566176470589 0.014705882352941176 0.010723039215686275
0 0.5573937908496732 0.7518382352941176 0.020833333333333332 0.012867647058823529
0 0.3903186274509804 0.8310355392156863 0.015931372549019607 0.01133578431372549
0 0.7328431372549019 0.7140012254901961 0.016339869281045753 0.011948529411764705
0 0.7877859477124183 0.6962316176470589 0.01511437908496732 0.01011029411764706
0 0.7730800653594772 0.7365196078431373 0.020016339869281044 0.014093137254901961
1 0.819969362745098 0.5386029411764706 0.02065767973856209 0.014705882352941176
0 0.8127042483660131 0.6346507352941176 0.016748366013071895 0.012561274509803922
0 0.5582107843137255 0.8690257352941176 0.01919934640522876 0.013786764705882353
0 0.8615196078431373 0.6839767156862745 0.015522875816993464 0.009497549019607842
0 0.9244281045751634 0.7985600490196079 0.022058823529411766 0.013786764705882353
0 0.22038398692810457 0.8106617647058824 0.016748366013071895 0.014705882352941176
0 0.15155228758169934 0.7222732843137255 0.018790849673202614 0.01133578431372549
0 0.8274101307189542 0.7291666666666666 0.02165032679738562 0.014705882352941176
1 0.801734068627451 0.5668336397058823 0.017683823529411766 0.01234375
0 0.3286356209150327 0.7311580882352942 0.02246732026143791 0.015012254901960785
0 0.12581699346405228 0.7310049019607843 0.018790849673202614 0.011642156862745098
1 0.3125 0.5047487745098039 0.024509803921568627 0.017463235294117647
0 0.2775735294117647 0.7752757352941176 0.01919934640522876 0.014399509803921568
0 0.5110294117647058 0.7954963235294118 0.02369281045751634 0.017463235294117647
1 0.800484068627451 0.5573575367647059 0.01600081699346405 0.011161151960784314