0 0.7007761437908496 0.7637867647058824 0.020833333333333332 0.013480392156862746
1 0.9442401960784313 0.5877757352941176 0.01511437908496732 0.01011029411764706
1 0.9344178921568627 0.5893918504901962 0.015894607843137253 0.011504289215686274
0 0.928921568627451 0.6228553921568627 0.014705882352941176 0.009191176470588236
0 0.78125 0.6781556372549019 0.01511437908496732 0.010723039215686275
0 0.04840686274509804 0.6053921568627451 0.013480392156862746 0.00857843137254902
0 0.5841503267973857 0.6585477941176471 0.014705882352941176 0.01011029411764706
0 0.5800653594771242 0.6246936274509803 0.014705882352941176 0.00980392156862745
0 0.39798815359477124 0.6633517156862745 0.015747549019607843 0.00991421568627451
0 0.5551470588235294 0.6099877450980392 0.01715686274509804 0.011642156862745098
0 0.8993055555555556 0.6433823529411765 0.013480392156862746 0.009191176470588236
0 0.26000816993464054 0.7124693627450981 0.020016339869281044 0.015012254901960785
0 0.8823529411764706 0.6582414215686274 0.013888888888888888 0.008884803921568627
1 0.9797058823529412 0.6051133578431372 0.019052287581699346 0.01414828431372549
0 0.37683823529411764 0.6174938725490197 0.014297385620915032 0.01011029411764706
1 0.9417708333333333 0.6033164828431372 0.01671160130718954 0.011780024509803923
0 0.5953104575163398 0.6948943014705883 0.016601307189542485 0.011724877450980394
0 0.8065767973856209 0.6917892156862745 0.015931372549019607 0.011642156862745098
0 0.02062908496732026 0.6148897058823529 0.013480392156862746 0.009191176470588236
0 0.11764705882352941 0.7176776960784313 0.02287581699346405 0.015625
0 0.08537581699346405 0.7083333333333334 0.02042483660130719 0.013480392156862746
0 0.2434640522875817 0.7322303921568627 0.02369281045751634 0.016544117647058824
0 0.7894199346405228 0.6996017156862745 0.020016339869281044 0.012561274509803922
0 0.639765114379085 0.6133026960784314 0.009922385620915032 0.00724264705882353
0 0.3837438725490196 0.6362515318627451 0.01258578431372549 0.00779718137254902
0 0.3573794934640523 0.659453125 0.017046568627450978 0.009469975490196078
0 0.6011478758169935 0.6989751838235294 0.018472222222222223 0.012533700980392156
0 0.9211478758169934 0.6244715073529412 0.011413398692810458 0.007521446078431373
0 0.8422814542483661 0.6385922181372549 0.012177287581699345 0.006963848039215686
0 0.8427267156862744 0.6165058210784314 0.011433823529411764 0.007521446078431373
0 0.7842075163398693 0.614750306372549 0.009591503267973856 0.005848651960784314
0 0.013053513071895425 0.6336060049019608 0.01303513071895425 0.008633578431372548