0 0.983251633986928 0.6279105392156863 0.013888888888888888 0.01011029411764706
0 0.5259395424836601 0.7454044117647058 0.014297385620915032 0.009191176470588236
0 0.4930555555555556 0.7215073529411765 0.013071895424836602 0.009191176470588236
0 0.9724264705882353 0.6573223039215687 0.014297385620915032 0.009497549019607842
0 0.33700980392156865 0.7706801470588235 0.018790849673202614 0.01133578431372549
0 0.5 0.6099877450980392 0.012254901960784314 0.00857843137254902
0 0.8609068627450981 0.6910232843137255 0.012663398692810458 0.008272058823529412
0 0.44689542483660133 0.6043198529411765 0.010620915032679739 0.007659313725490196
0 0.8127042483660131 0.6611519607843137 0.014297385620915032 0.009191176470588236
1 0.5386029411764706 0.6735600490196079 0.013480392156862746 0.01011029411764706
0 0.6131821895424836 0.6208639705882353 0.014763071895424838 0.010723039215686275
0 0.7992238562091504 0.6055453431372549 0.011029411764705883 0.007659313725490196
0 0.22937091503267973 0.7152267156862745 0.014297385620915032 0.009497549019607842
0 0.18341503267973855 0.6994485294117647 0.01715686274509804 0.011029411764705883
0 0.3631535947712418 0.6135110294117647 0.012254901960784314 0.008272058823529412
0 0.22998366013071894 0.7363664215686274 0.014705882352941176 0.009497549019607842
0 0.6464460784313726 0.6312806372549019 0.015931372549019607 0.008884803921568627
0 0.5667013888888889 0.5917585784313726 0.012487745098039215 0.0070465686274509805
0 0.6069689542483659 0.6159834558823529 0.01295751633986928 0.008314950980392158
0 0.922998366013072 0.5978860294117647 0.01184640522875817 0.007659313725490196
0 0.08782679738562091 0.6983762254901961 0.015522875816993464 0.010723039215686275
0 0.2959558823529412 0.7149203431372549 0.014297385620915032 0.008884803921568627
0 0.24325980392156862 0.6343443627450981 0.014297385620915032 0.008272058823529412
0 0.7859477124183006 0.6663602941176471 0.012254901960784314 0.007965686274509803
0 0.38092320261437906 0.7060355392156863 0.014297385620915032 0.01011029411764706
0 0.08415032679738563 0.7003676470588235 0.015522875816993464 0.010416666666666666
0 0.08374183006535947 0.7057291666666666 0.016339869281045753 0.011948529411764705
0 0.46895424836601307 0.6237745098039216 0.011437908496732025 0.007965686274509803
0 0.5040849673202614 0.6300551470588235 0.012254901960784314 0.008272058823529412
0 0.5465686274509803 0.6864276960784313 0.016339869281045753 0.010723039215686275
0 0.8276143790849673 0.6623774509803921 0.014705882352941176 0.007965686274509803
0 0.5744628267973857 0.5939905024509804 0.009219771241830066 0.0059957107843137255
0 0.1860702614379085 0.6697303921568627 0.013480392156862746 0.009191176470588236
0 0.8731617647058824 0.6547181372549019 0.015931372549019607 0.009191176470588236
0 0.2951388888888889 0.7267156862745098 0.013480392156862746 0.009191176470588236
0 0.3396650326797386 0.6308210784313726 0.012663398692810458 0.009191176470588236
0 0.7444852941176471 0.6881127450980392 0.014297385620915032 0.010416666666666666
0 0.48733660130718953 0.6021752450980392 0.012254901960784314 0.008272058823529412
0 0.2589869281045752 0.6317401960784313 0.013888888888888888 0.00857843137254902
1 0.8438071895424836 0.5967693014705883 0.022581699346405228 0.01584252450980392
0 0.2747140522875817 0.6227022058823529 0.013480392156862746 0.008884803921568627
0 0.8578431372549019 0.6000306372549019 0.013071895424836602 0.008272058823529412
0 0.9646650326797386 0.7069546568627451 0.015931372549019607 0.011948529411764705
1 0.5904820261437909 0.7360600490196079 0.02165032679738562 0.015625
0 0.34538398692810457 0.7496936274509803 0.01838235294117647 0.010416666666666666
0 0.4383169934640523 0.7362132352941176 0.015522875816993464 0.011029411764705883
0 0.0915032679738562 0.6845894607843137 0.013888888888888888 0.010723039215686275
0 0.48080065359477125 0.6295955882352942 0.013071895424836602 0.007965686274509803
0 0.1772875816993464 0.616421568627451 0.013888888888888888 0.00857843137254902
0 0.18770424836601307 0.696078431372549 0.016748366013071895 0.010416666666666666
1 0.9350490196078431 0.5609681372549019 0.02042483660130719 0.014093137254901961
0 0.545751633986928 0.7400428921568627 0.013071895424836602 0.008884803921568627
0 0.2883986928104575 0.7029718137254902 0.011437908496732025 0.008272058823529412
0 0.4076797385620915 0.6181066176470589 0.013071895424836602 0.007659313725490196
0 0.2312091503267974 0.6836703431372549 0.014705882352941176 0.01011029411764706
0 0.2595996732026144 0.6957720588235294 0.014297385620915032 0.00980392156862745
0 0.7428513071895425 0.6749387254901961 0.012663398692810458 0.00857843137254902
0 0.1329656862745098 0.6155024509803921 0.015931372549019607 0.011029411764705883
0 0.4236111111111111 0.6151960784313726 0.011437908496732025 0.007965686274509803
0 0.11417483660130719 0.7011335784313726 0.01511437908496732 0.009497549019607842
0 0.5337009803921569 0.7628676470588235 0.015931372549019607 0.011642156862745098
0 0.5927287581699346 0.8216911764705882 0.021241830065359478 0.012254901960784314
0 0.4950980392156863 0.7032781862745098 0.016339869281045753 0.011948529411764705
0 0.5512663398692811 0.7248774509803921 0.014297385620915032 0.010416666666666666
0 0.3678513071895425 0.7624080882352942 0.015931372549019607 0.009497549019607842
0 0.9021650326797386 0.6260723039215687 0.013480392156862746 0.007659313725490196
0 0.9675245098039216 0.6230085784313726 0.01511437908496732 0.010723039215686275
0 0.34415849673202614 0.6386335784313726 0.013480392156862746 0.008884803921568627
0 0.0249468954248366 0.6497717524509804 0.014763071895424838 0.01032781862745098
0 0.8457924836601307 0.6516544117647058 0.014297385620915032 0.009191176470588236
0 0.3445669934640523 0.6585477941176471 0.012663398692810458 0.008272058823529412
1 0.4025735294117647 0.4354871323529412 0.020016339869281044 0.013743872549019608
0 0.7091503267973857 0.7285539215686274 0.018790849673202614 0.012254901960784314
0 0.6905637254901961 0.6272977941176471 0.012663398692810458 0.008272058823529412
0 0.5183823529411765 0.7541360294117647 0.014705882352941176 0.009497549019607842
0 0.5894607843137255 0.844515931372549 0.0196078431372549 0.013174019607843137
0 0.3568218954248366 0.6397058823529411 0.013480392156862746 0.009191176470588236
1 0.6117238562091504 0.686734068627451 0.017565359477124183 0.01133578431372549
0 0.2722630718954248 0.7055759803921569 0.012663398692810458 0.009191176470588236
0 0.6793300653594772 0.5997242647058824 0.012254901960784314 0.009497549019607842
0 0.24448529411764705 0.7267156862745098 0.01511437908496732 0.00980392156862745
1 0.7380371732026143 0.6058517156862745 0.01855800653594771 0.011948529411764705
0 0.5010212418300654 0.6461397058823529 0.013480392156862746 0.00980392156862745
1 0.5943627450980392 0.1799938725490196 0.026143790849673203 0.017463235294117647
1 0.6066176470588235 0.6738664215686274 0.016339869281045753 0.011948529411764705
0 0.8717320261437909 0.8789828431372549 0.022058823529411766 0.014705882352941176
0 0.32373366013071897 0.696078431372549 0.016748366013071895 0.010416666666666666
0 0.4636437908496732 0.6490502450980392 0.014705882352941176 0.01011029411764706
1 0.8231801470588235 0.6006219362745098 0.01400735294117647 0.010680147058823529
0 0.8858251633986928 0.6256127450980392 0.01511437908496732 0.00857843137254902
0 0.29677287581699346 0.6240808823529411 0.014297385620915032 0.00980392156862745
0 0.30392156862745096 0.6348039215686274 0.013888888888888888 0.00857843137254902
1 0.2048611111111111 0.44669117647058826 0.027369281045751634 0.0196078431372549
0 0.9074754901960784 0.6519607843137255 0.014297385620915032 0.009191176470588236
0 0.2743055555555556 0.6312806372549019 0.013480392156862746 0.009497549019607842
0 0.3568218954248366 0.6502757352941176 0.01511437908496732 0.010723039215686275
0 0.5339052287581699 0.7306985294117647 0.016339869281045753 0.011029411764705883
0 0.6405228758169934 0.7322303921568627 0.01715686274509804 0.011642156862745098
0 0.9113562091503268 0.6424632352941176 0.01715686274509804 0.010416666666666666
0 0.006740196078431373 0.6636029411764706 0.012663398692810458 0.010416666666666666
1 0.778390522875817 0.4831495098039216 0.02165032679738562 0.013480392156862746
0 0.7007761437908496 0.7382046568627451 0.01838235294117647 0.01133578431372549
0 0.4652777777777778 0.7571997549019608 0.013888888888888888 0.009497549019607842
0 0.7446895424836601 0.7271752450980392 0.016339869281045753 0.01133578431372549
0 0.9785539215686274 0.6683517156862745 0.017565359477124183 0.01133578431372549
1 0.9597058823529412 0.2864583333333333 0.019901960784313725 0.013480392156862746
0 0.7299836601307189 0.6375612745098039 0.014705882352941176 0.009191176470588236
0 0.7240604575163399 0.7178308823529411 0.01919934640522876 0.012867647058823529
0 0.6926062091503268 0.7035845588235294 0.017565359477124183 0.013174019607843137
0 0.7444852941176471 0.7210477941176471 0.01838235294117647 0.014399509803921568
0 0.31842320261437906 0.7504595588235294 0.016748366013071895 0.011948529411764705
0 0.22937091503267973 0.6668198529411765 0.01838235294117647 0.01133578431372549
0 0.4520016339869281 0.7356004901960784 0.01511437908496732 0.011642156862745098
0 0.12520424836601307 0.866421568627451 0.026552287581699346 0.016544117647058824
0 0.9904003267973857 0.6312806372549019 0.014297385620915032 0.01011029411764706
0 0.36356209150326796 0.7363664215686274 0.013888888888888888 0.01011029411764706
0 0.4099264705882353 0.7896752450980392 0.016748366013071895 0.011948529411764705
1 0.5786356209150327 0.5770526960784313 0.01511437908496732 0.01133578431372549
0 0.09313725490196079 0.7807904411764706 0.01715686274509804 0.011948529411764705
0 0.7736928104575164 0.7048100490196079 0.014705882352941176 0.01011029411764706
0 0.8518014705882353 0.874015012254902 0.03040032679738562 0.021314338235294116
0 0.4736519607843137 0.6383272058823529 0.014297385620915032 0.01011029411764706
1 0.8363970588235294 0.4465379901960784 0.02246732026143791 0.014399509803921568
0 0.16462418300653595 0.7143075980392157 0.016339869281045753 0.01133578431372549
0 0.9225898692810458 0.6136642156862745 0.014297385620915032 0.00857843137254902
1 0.5725081699346405 0.6504289215686274 0.020016339869281044 0.012867647058823529
0 0.5890522875816994 0.8314950980392157 0.02042483660130719 0.014705882352941176
1 0.7906454248366013 0.5003063725490197 0.01838235294117647 0.012867647058823529
1 0.8291319444444444 0.43949142156862747 0.024276960784313725 0.014399509803921568
0 0.272875816993464 0.7826286764705882 0.022058823529411766 0.016237745098039217
1 0.6853125 0.3411014093137255 0.02258578431372549 0.017374387254901962
0 0.16625816993464052 0.6976102941176471 0.014705882352941176 0.010416666666666666
0 0.21875 0.6824448529411765 0.020016339869281044 0.013174019607843137
0 0.0974264705882353 0.7144607843137255 0.015931372549019607 0.00980392156862745
1 0.8722569444444443 0.5330223651960785 0.019840686274509804 0.013348651960784315
0 0.7867647058823529 0.8163296568627451 0.02369281045751634 0.016237745098039217
0 0.19301470588235295 0.7212009803921569 0.016748366013071895 0.011642156862745098
0 0.6825980392156863 0.8826593137254902 0.02042483660130719 0.011642156862745098
0 0.9910130718954249 0.7084865196078431 0.01715686274509804 0.015625
0 0.6946486928104575 0.6613051470588235 0.01511437908496732 0.010723039215686275
1 0.7593954248366013 0.5646446078431373 0.0196078431372549 0.012867647058823529
0 0.6631944444444444 0.5975796568627451 0.012663398692810458 0.009497549019607842
0 0.3993055555555556 0.6426164215686274 0.01511437908496732 0.010723039215686275
0 0.6776960784313726 0.7265625 0.018790849673202614 0.012561274509803922
0 0.2056781045751634 0.6609987745098039 0.016748366013071895 0.01011029411764706
1 0.8345588235294118 0.48682598039215685 0.02287581699346405 0.015318627450980392
0 0.6309232026143791 0.6178002450980392 0.01511437908496732 0.01011029411764706
0 0.741421568627451 0.6155024509803921 0.015522875816993464 0.009191176470588236
0 0.7589869281045751 0.7222732843137255 0.017973856209150325 0.013786764705882353
1 0.9686928104575164 0.3980652573529412 0.019901960784313725 0.013655024509803921
0 0.7961601307189542 0.7382046568627451 0.016339869281045753 0.01133578431372549
0 0.26572712418300654 0.7394301470588235 0.020016339869281044 0.013786764705882353
1 0.48418709150326794 0.24715533088235295 0.022295751633986928 0.016369485294117646
0 0.6734068627450981 0.7127757352941176 0.016748366013071895 0.010723039215686275
0 0.1889297385620915 0.8140318627450981 0.020833333333333332 0.013480392156862746
0 0.1468545751633987 0.6966911764705882 0.02165032679738562 0.013480392156862746
0 0.31842320261437906 0.7238051470588235 0.020016339869281044 0.014399509803921568
0 0.24428104575163398 0.7533700980392157 0.017973856209150325 0.012254901960784314
0 0.36090686274509803 0.6976102941176471 0.01838235294117647 0.012867647058823529
0 0.42116013071895425 0.7389705882352942 0.018790849673202614 0.013480392156862746
0 0.6066176470588235 0.8109681372549019 0.02369281045751634 0.015931372549019607
0 0.4227941176470588 0.6646752450980392 0.016339869281045753 0.01133578431372549
0 0.5306372549019608 0.6971507352941176 0.01715686274509804 0.011948529411764705
1 0.8313500816993464 0.33269914215686275 0.01727532679738562 0.011599264705882352
0 0.8856209150326797 0.8049938725490197 0.018790849673202614 0.013174019607843137
0 0.23672385620915032 0.7054227941176471 0.01838235294117647 0.012561274509803922
1 0.8758762254901961 0.4120925245098039 0.019726307189542484 0.014748774509803922
0 0.3321078431372549 0.7080269607843137 0.016339869281045753 0.012867647058823529
1 0.16319444444444445 0.5572916666666666 0.020833333333333332 0.014705882352941176
0 0.8533496732026143 0.8589154411764706 0.03022875816993464 0.018075980392156864
0 0.9754901960784313 0.7467830882352942 0.021241830065359478 0.014399509803921568
1 0.5514419934640523 0.2081142769607843 0.022001633986928105 0.019782475490196075
0 0.5030637254901961 0.7014399509803921 0.01838235294117647 0.012561274509803922
0 0.3903186274509804 0.7506127450980392 0.01919934640522876 0.012254901960784314
0 0.33639705882352944 0.7791053921568627 0.020833333333333332 0.014705882352941176
0 0.11172385620915033 0.7518382352941176 0.020016339869281044 0.013480392156862746
0 0.6211192810457516 0.8062193627450981 0.01919934640522876 0.015012254901960785
0 0.41237745098039214 0.7078737745098039 0.01838235294117647 0.013174019607843137
0 0.47671568627450983 0.7340686274509803 0.017973856209150325 0.013480392156862746
0 0.7258986928104575 0.6994485294117647 0.017973856209150325 0.014093137254901961
0 0.747140522875817 0.8164828431372549 0.02287581699346405 0.015931372549019607
0 0.35314542483660133 0.7228860294117647 0.01838235294117647 0.013174019607843137
0 0.32883986928104575 0.836703431372549 0.0196078431372549 0.013480392156862746
0 0.061274509803921566 0.7411151960784313 0.02042483660130719 0.014093137254901961
0 0.2526552287581699 0.7876838235294118 0.02165032679738562 0.015318627450980392
0 0.6595179738562091 0.8691789215686274 0.023284313725490197 0.015318627450980392
0 0.7857434640522876 0.6369485294117647 0.01511437908496732 0.010416666666666666
0 0.9569035947712419 0.7000612745098039 0.020016339869281044 0.012867647058823529
0 0.7248774509803921 0.8602941176470589 0.020016339869281044 0.015318627450980392
1 0.9228227124183007 0.26418045343137253 0.022933006535947712 0.015493259803921569
1 0.6680964052287581 0.3440563725490196 0.027369281045751634 0.020833333333333332
0 0.0573937908496732 0.6870404411764706 0.01838235294117647 0.011948529411764705
1 0.6466503267973857 0.6816789215686274 0.022058823529411766 0.015318627450980392
0 0.6921977124183006 0.7222732843137255 0.016748366013071895 0.01133578431372549
0 0.8647875816993464 0.8134191176470589 0.02369281045751634 0.015931372549019607
0 0.3506944444444444 0.7861519607843137 0.020833333333333332 0.014705882352941176
0 0.18280228758169934 0.8265931372549019 0.024918300653594773 0.017769607843137254
0 0.7457107843137255 0.8625919117647058 0.024101307189542485 0.017463235294117647
1 0.6225490196078431 0.46920955882352944 0.029411764705882353 0.01991421568627451
0 0.8359885620915033 0.8261335784313726 0.023284313725490197 0.018075980392156864
0 0.49897875816993464 0.7945772058823529 0.020016339869281044 0.014399509803921568
0 0.37520424836601307 0.8348651960784313 0.024101307189542485 0.01715686274509804
1 0.829452614379085 0.4255514705882353 0.026552287581699346 0.017769607843137254
0 0.15625 0.6770833333333334 0.016748366013071895 0.012254901960784314
0 0.27879901960784315 0.797640931372549 0.02165032679738562 0.015012254901960785
0 0.7706290849673203 0.8232230392156863 0.023284313725490197 0.015318627450980392
0 0.29248366013071897 0.7833946078431373 0.018790849673202614 0.015318627450980392
0 0.22545138888888888 0.6769960171568628 0.016262254901960784 0.009629289215686274
1 0.6043872549019608 0.6802558210784314 0.015147058823529411 0.009408700980392157
0 0.4965277777777778 0.6513480392156863 0.01184640522875817 0.009191176470588236