0 0.09909313725490196 0.8634604779411765 0.02580065359477124 0.01552389705882353
0 0.9524101307189542 0.6708026960784313 0.01511437908496732 0.009497549019607842
0 0.5868055555555556 0.6662071078431373 0.016748366013071895 0.010723039215686275
0 0.21262254901960784 0.6645220588235294 0.01919934640522876 0.00980392156862745
0 0.4824346405228758 0.6623008578431373 0.014705882352941176 0.011488970588235295
1 0.6034517973856209 0.5671461397058823 0.023080065359477125 0.01603247549019608
0 0.01596609477124183 0.704937193627451 0.016409313725490197 0.010977328431372549
1 0.8833741830065359 0.47418811274509803 0.01838235294117647 0.01332720588235294
0 0.5545343137254902 0.7959558823529411 0.01838235294117647 0.015318627450980392
0 0.9050245098039216 0.6521139705882353 0.013480392156862746 0.008884803921568627
0 0.4736519607843137 0.6446078431372549 0.01511437908496732 0.011029411764705883
0 0.0872140522875817 0.6755514705882353 0.01511437908496732 0.00980392156862745
0 0.7218137254901961 0.6585477941176471 0.016339869281045753 0.01011029411764706
0 0.9401552287581699 0.6692708333333334 0.01511437908496732 0.01011029411764706
0 0.6109415849673203 0.6762408088235294 0.01681781045751634 0.009957107843137254
0 0.39133986928104575 0.6452205882352942 0.016339869281045753 0.011029411764705883
1 0.6190420751633987 0.5991115196078431 0.017495915032679738 0.013174019607843137
0 0.5647467320261438 0.8567708333333334 0.01838235294117647 0.013174019607843137
1 0.5290032679738562 0.6063112745098039 0.01715686274509804 0.011642156862745098
0 0.10273692810457516 0.7859987745098039 0.015931372549019607 0.013174019607843137
0 0.616421568627451 0.6429227941176471 0.016339869281045753 0.010723039215686275
0 0.6166605392156863 0.6732536764705882 0.01681781045751634 0.01133578431372549
1 0.29044117647058826 0.5857843137254902 0.028594771241830064 0.01838235294117647
1 0.03591299019607843 0.44515931372549017 0.019538398692810457 0.014093137254901961
0 0.12765522875816993 0.8521752450980392 0.023284313725490197 0.015625
0 0.7248774509803921 0.6755514705882353 0.017565359477124183 0.012254901960784314
0 0.6356209150326797 0.6763174019607843 0.01715686274509804 0.012561274509803922
1 0.8545751633986928 0.39736519607843135 0.018790849673202614 0.012867647058823529
0 0.20077614379084968 0.8872549019607843 0.023284313725490197 0.01838235294117647
0 0.7953431372549019 0.6438419117647058 0.0196078431372549 0.012561274509803922
1 0.22232434640522875 0.5024892769607843 0.030433006535947712 0.022135416666666668
0 0.08088235294117647 0.6916360294117647 0.02042483660130719 0.013786764705882353
0 0.6744281045751634 0.663296568627451 0.01715686274509804 0.012254901960784314
0 0.22263071895424835 0.7382046568627451 0.02696078431372549 0.015625
0 0.07863562091503268 0.7287071078431373 0.028186274509803922 0.017463235294117647
0 0.15747549019607843 0.8488051470588235 0.03227124183006536 0.02297794117647059
0 0.1337826797385621 0.7870710784313726 0.0298202614379085 0.02022058823529412
1 0.23104779411764706 0.525173100490196 0.021736111111111112 0.014806985294117647
1 0.6143300653594772 0.5608915441176471 0.021143790849673202 0.014552696078431373
1 0.8594485294117646 0.4368106617647059 0.01628267973856209 0.011488970588235295
1 0.9753104575163398 0.41293964460784316 0.01761437908496732 0.01276654411764706
1 0.8314011437908496 0.3861320465686275 0.014926470588235295 0.011234681372549021
1 0.8394178921568627 0.3905223651960784 0.012986111111111111 0.010211397058823528
1 0.8496323529411766 0.3887362132352941 0.012990196078431373 0.00970281862745098