1 0.3629207516339869 0.41688572303921567 0.019142156862745098 0.013918504901960784
0 0.11642156862745098 0.5986519607843137 0.013071895424836602 0.00857843137254902
0 0.16952614379084968 0.6495098039215687 0.015522875816993464 0.010416666666666666
0 0.1497140522875817 0.6433823529411765 0.014297385620915032 0.010416666666666666
0 0.6386846405228758 0.6003370098039216 0.016748366013071895 0.010723039215686275
1 0.23109272875816994 0.4759497549019608 0.01855800653594771 0.013786764705882353
0 0.8161764705882353 0.6170343137254902 0.012254901960784314 0.00857843137254902
0 0.1917013888888889 0.6515226715686275 0.016572712418300654 0.011378676470588236
0 0.7600081699346405 0.639859068627451 0.015931372549019607 0.01011029411764706
0 0.6709558823529411 0.6352634803921569 0.01511437908496732 0.01011029411764706
0 0.5418709150326797 0.7610294117647058 0.020016339869281044 0.012254901960784314
1 0.11321282679738562 0.5005912990196079 0.016458333333333332 0.010986519607843137
0 0.7397875816993464 0.6181066176470589 0.013888888888888888 0.01011029411764706
0 0.8886846405228758 0.6348039215686274 0.01511437908496732 0.009191176470588236
0 0.8127042483660131 0.7299325980392157 0.02165032679738562 0.013786764705882353
0 0.10212418300653595 0.6550245098039216 0.016339869281045753 0.010416666666666666
0 0.10559640522875817 0.7316176470588235 0.016748366013071895 0.011029411764705883
1 0.5917361111111111 0.47028186274509803 0.023341503267973858 0.016544117647058824
1 0.48666666666666664 0.47496476715686275 0.016633986928104576 0.013042279411764706
1 0.5877696078431373 0.5348391544117647 0.019493464052287583 0.015756740196078433
0 0.778390522875817 0.7524509803921569 0.02246732026143791 0.014705882352941176
0 0.15400326797385622 0.6507352941176471 0.015522875816993464 0.010416666666666666
0 0.8564133986928104 0.928921568627451 0.030637254901960783 0.02022058823529412
0 0.3167892156862745 0.7130821078431373 0.020016339869281044 0.013786764705882353
0 0.42483660130718953 0.6916360294117647 0.02042483660130719 0.015012254901960785
0 0.04779411764705882 0.7066482843137255 0.018790849673202614 0.01133578431372549
0 0.16850490196078433 0.5854779411764706 0.016748366013071895 0.009191176470588236
0 0.7804330065359477 0.8412990196078431 0.027369281045751634 0.01838235294117647
1 0.7886621732026143 0.40106311274509804 0.023402777777777776 0.0178125
0 0.23733660130718953 0.609375 0.013888888888888888 0.00980392156862745
0 0.5919117647058824 0.6340379901960784 0.018790849673202614 0.013174019607843137
1 0.39802287581699347 0.5762867647058824 0.019901960784313725 0.014093137254901961
0 0.29248366013071897 0.6950061274509803 0.021241830065359478 0.015012254901960785
1 0.4310804738562092 0.5972518382352942 0.02147467320261438 0.015582107843137254
0 0.15093954248366012 0.6274509803921569 0.020833333333333332 0.012254901960784314
0 0.19056372549019607 0.6014093137254902 0.014297385620915032 0.00980392156862745
0 0.2514297385620915 0.5916053921568627 0.013480392156862746 0.009191176470588236
0 0.8035130718954249 0.7643995098039216 0.017973856209150325 0.014093137254901961
0 0.8459967320261438 0.6478247549019608 0.016339869281045753 0.01133578431372549
1 0.8369812091503267 0.3579748774509804 0.01955065359477124 0.014356617647058824
0 0.7032271241830066 0.6027879901960784 0.017565359477124183 0.01133578431372549
1 0.6122508169934641 0.45465686274509803 0.01943627450980392 0.014093137254901961
0 0.17279411764705882 0.6053921568627451 0.016339869281045753 0.010416666666666666
0 0.7959558823529411 0.8265931372549019 0.023284313725490197 0.01715686274509804
0 0.6166258169934641 0.7904411764705882 0.024918300653594773 0.015318627450980392
0 0.7146650326797386 0.6311274509803921 0.01511437908496732 0.009191176470588236
0 0.1337826797385621 0.5943627450980392 0.014297385620915032 0.009191176470588236
1 0.4419362745098039 0.5708379289215686 0.020310457516339867 0.013612132352941177
0 0.7945261437908496 0.6478247549019608 0.0196078431372549 0.014399509803921568
0 0.7011846405228758 0.6245404411764706 0.015931372549019607 0.010723039215686275
0 0.6721813725490197 0.6459865196078431 0.01838235294117647 0.013174019607843137
0 0.8782679738562091 0.6531862745098039 0.02042483660130719 0.013480392156862746
0 0.43852124183006536 0.788296568627451 0.020833333333333332 0.014705882352941176
0 0.3472222222222222 0.913296568627451 0.026143790849673203 0.0196078431372549
0 0.1656454248366013 0.640625 0.016748366013071895 0.012254901960784314
0 0.7058823529411765 0.7392769607843137 0.02042483660130719 0.015318627450980392
0 0.0508578431372549 0.8590686274509803 0.026552287581699346 0.01838235294117647
0 0.0798611111111111 0.8405330882352942 0.02900326797385621 0.019301470588235295
0 0.6035539215686274 0.7055759803921569 0.02165032679738562 0.015931372549019607
1 0.6002777777777778 0.44995251225490196 0.019183006535947712 0.012037377450980392
0 0.801875 0.6466436887254902 0.019599673202614378 0.012037377450980392