0 0.33251633986928103 0.6268382352941176 0.013071895424836602 0.009191176470588236
1 0.17973856209150327 0.5384267769607843 0.013071895424836602 0.010064338235294118
0 0.22712418300653595 0.6095281862745098 0.013071895424836602 0.008884803921568627
0 0.3006535947712418 0.6075367647058824 0.01715686274509804 0.010416666666666666
1 0.16339869281045752 0.4681372549019608 0.014705882352941176 0.010416666666666666
0 0.7359068627450981 0.5916053921568627 0.012663398692810458 0.00857843137254902
0 0.11805555555555555 0.5712316176470589 0.013888888888888888 0.008884803921568627
0 0.22732843137254902 0.5894607843137255 0.01184640522875817 0.007965686274509803
0 0.4714052287581699 0.6354166666666666 0.016339869281045753 0.012254901960784314
0 0.14338235294117646 0.5839460784313726 0.013888888888888888 0.009191176470588236
0 0.21323529411764705 0.6214767156862745 0.012254901960784314 0.007659313725490196
1 0.09129901960784313 0.4181985294117647 0.013480392156862746 0.010416666666666666
1 0.6196895424836601 0.28324142156862747 0.014705882352941176 0.01133578431372549
0 0.7071078431372549 0.6079963235294118 0.011437908496732025 0.007659313725490196
0 0.22283496732026145 0.7218137254901961 0.016748366013071895 0.012867647058823529
0 0.2079248366013072 0.5756740196078431 0.011437908496732025 0.007352941176470588
0 0.11601307189542484 0.5963541666666666 0.012254901960784314 0.008884803921568627
0 0.7339419934640523 0.5652374387254901 0.009550653594771242 0.00731311274509804
0 0.9585375816993464 0.5658700980392157 0.01184640522875817 0.007965686274509803
0 0.05228758169934641 0.6750919117647058 0.013071895424836602 0.009497549019607842
0 0.07679738562091504 0.6073835784313726 0.013071895424836602 0.008272058823529412
0 0.3567749183006536 0.5796920955882353 0.011752450980392157 0.007423406862745098
0 0.28656045751633985 0.7314644607843137 0.016748366013071895 0.010723039215686275
0 0.06515522875816994 0.5942095588235294 0.012663398692810458 0.009497549019607842
0 0.9881535947712419 0.5586703431372549 0.014705882352941176 0.01011029411764706
0 0.20976307189542484 0.5860906862745098 0.012663398692810458 0.00857843137254902
0 0.7930964052287581 0.5998774509803921 0.015931372549019607 0.010416666666666666
0 0.04100285947712418 0.5765931372549019 0.012561274509803922 0.007352941176470588
0 0.247140522875817 0.6053921568627451 0.013071895424836602 0.009191176470588236
0 0.965890522875817 0.6505821078431373 0.017565359477124183 0.011948529411764705
0 0.06352124183006536 0.6444546568627451 0.012663398692810458 0.008884803921568627
0 0.6909722222222222 0.600796568627451 0.012663398692810458 0.007965686274509803
0 0.061887254901960786 0.5787377450980392 0.013480392156862746 0.00857843137254902
0 0.21180555555555555 0.5916053921568627 0.014297385620915032 0.009191176470588236
0 0.29187091503267976 0.5922181372549019 0.014297385620915032 0.009191176470588236
0 0.22406045751633988 0.5683210784313726 0.011029411764705883 0.007352941176470588
0 0.09681372549019608 0.5673835784313725 0.012254901960784314 0.007316176470588235
0 0.27205882352941174 0.600796568627451 0.015522875816993464 0.009191176470588236
0 0.866421568627451 0.6816789215686274 0.018790849673202614 0.012254901960784314
0 0.7634803921568627 0.6266850490196079 0.013888888888888888 0.009497549019607842
0 0.14848856209150327 0.6234681372549019 0.012663398692810458 0.00980392156862745
0 0.7369281045751634 0.6472120098039216 0.015522875816993464 0.009497549019607842
0 0.05616830065359477 0.5517386642156863 0.012663398692810458 0.007889093137254902
0 0.48018790849673204 0.7475490196078431 0.024101307189542485 0.016544117647058824
0 0.35498366013071897 0.7593627450980392 0.021241830065359478 0.01566176470588235
0 0.4810049019607843 0.6416973039215687 0.01838235294117647 0.011948529411764705
0 0.1909722222222222 0.6216299019607843 0.01511437908496732 0.00857843137254902
0 0.255718954248366 0.6079963235294118 0.015522875816993464 0.009497549019607842
0 0.10457516339869281 0.5819546568627451 0.013888888888888888 0.008884803921568627
0 0.9409722222222222 0.5772058823529411 0.013480392156862746 0.007965686274509803
0 0.19791666666666666 0.5850183823529411 0.013480392156862746 0.008884803921568627
0 0.17687908496732027 0.6323529411764706 0.014705882352941176 0.009191176470588236
1 0.33869485294117646 0.44029564950980393 0.018075980392156864 0.012944240196078432
0 0.3319035947712418 0.5839460784313726 0.013480392156862746 0.00980392156862745
0 0.16523692810457516 0.6147365196078431 0.013480392156862746 0.010723039215686275
0 0.7736928104575164 0.6217830882352942 0.013071895424836602 0.01011029411764706
0 0.19791666666666666 0.6012561274509803 0.01511437908496732 0.01011029411764706
0 0.04656862745098039 0.5672487745098039 0.014705882352941176 0.008884803921568627
1 0.057777777777777775 0.2669653799019608 0.014248366013071896 0.011871936274509803
1 0.005592320261437908 0.30277267156862747 0.011184640522875816 0.01485906862745098
0 0.37602124183006536 0.6459865196078431 0.01838235294117647 0.012561274509803922
0 0.5175653594771242 0.6357230392156863 0.0196078431372549 0.014093137254901961
0 0.30126633986928103 0.5952818627450981 0.014297385620915032 0.009191176470588236
0 0.0755718954248366 0.6357230392156863 0.014705882352941176 0.011029411764705883
0 0.2928921568627451 0.6053921568627451 0.015522875816993464 0.010416666666666666
1 0.06398080065359477 0.25183823529411764 0.01685049019607843 0.011029411764705883
0 0.47671568627450983 0.7526041666666666 0.025326797385620915 0.01685049019607843
0 0.2181372549019608 0.6397058823529411 0.013888888888888888 0.00980392156862745
0 0.27941176470588236 0.6004901960784313 0.013888888888888888 0.009191176470588236
1 0.8839113562091504 0.29411764705882354 0.020273692810457516 0.014093137254901961
1 0.07041462418300654 0.2602435661764706 0.015012254901960785 0.01129595588235294
1 0.8577165032679739 0.2729013480392157 0.01772058823529412 0.01332720588235294
0 0.34967320261437906 0.7683823529411765 0.0196078431372549 0.012867647058823529
0 0.12336601307189543 0.6893382352941176 0.017973856209150325 0.012867647058823529
1 0.9237152777777778 0.27223039215686273 0.02063316993464052 0.01566176470588235
0 0.10110294117647059 0.639859068627451 0.015931372549019607 0.010723039215686275
0 0.30514705882352944 0.6378676470588235 0.0196078431372549 0.015931372549019607
1 0.883451797385621 0.2827236519607843 0.019354575163398693 0.013976715686274508
1 0.02350285947712418 0.4353170955882353 0.014325980392156863 0.010340073529411764
1 0.27151756535947713 0.39060661764705884 0.015257352941176472 0.009767156862745098
0 0.04839665032679738 0.5753293504901961 0.011008986928104574 0.0072763480392156864
0 0.05217728758169935 0.573547794117647 0.012034313725490197 0.005551470588235294
0 0.07181168300653594 0.5849417892156863 0.011270424836601307 0.006893382352941176
0 0.04592116013071895 0.5831418504901961 0.011776960784313725 0.0057444852941176475
0 0.18396650326797387 0.6192938112745098 0.014991830065359478 0.008808210784313725
0 0.359375 0.7524325980392157 0.02022058823529412 0.012830882352941178
1 0.9354656862745098 0.27058363970588234 0.017173202614379084 0.01359375