0 0.36008986928104575 0.8360906862745098 0.016748366013071895 0.012254901960784314
1 0.23039215686274508 0.6158088235294118 0.018790849673202614 0.012254901960784314
0 0.22349877450980393 0.7996323529411765 0.017258986928104576 0.011642156862745098
0 0.12270220588235294 0.8551623774509803 0.020731209150326797 0.014246323529411764
0 0.046772875816993464 0.8065257352941176 0.01919934640522876 0.011948529411764705
0 0.9900428921568627 0.7005974264705882 0.015216503267973856 0.010876225490196078
0 0.2375408496732026 0.7088311887254902 0.013480392156862746 0.009574142156862746
1 0.14276960784313725 0.5937882965686274 0.020016339869281044 0.012331495098039215
0 0.0053104575163398695 0.7763480392156863 0.010620915032679739 0.009191176470588236
0 0.1999591503267974 0.7849264705882353 0.014297385620915032 0.00980392156862745
1 0.027165032679738563 0.3477328431372549 0.01919934640522876 0.014093137254901961
1 0.9178921568627451 0.6646752450980392 0.016339869281045753 0.010723039215686275
0 0.8615196078431373 0.7153799019607843 0.013888888888888888 0.00857843137254902
0 0.443218954248366 0.7783394607843137 0.015522875816993464 0.009497549019607842
0 0.9842728758169934 0.7329963235294118 0.013480392156862746 0.01011029411764706
0 0.1542075163398693 0.7374387254901961 0.01511437908496732 0.011029411764705883
1 0.9754901960784313 0.6593137254901961 0.0196078431372549 0.013480392156862746
0 0.9769199346405228 0.7071078431372549 0.01511437908496732 0.010416666666666666
0 0.9699754901960784 0.6963848039215687 0.015931372549019607 0.009191176470588236
1 0.14991830065359477 0.7531020220588235 0.02287581699346405 0.017233455882352942
0 0.21640114379084968 0.7953431372549019 0.01613562091503268 0.011029411764705883
0 0.27001633986928103 0.8527879901960784 0.02042483660130719 0.014399509803921568
1 0.129953022875817 0.7431832107843137 0.023794934640522875 0.015778186274509803
1 0.9136029411764706 0.6130514705882353 0.01838235294117647 0.012254901960784314
0 0.25326797385620914 0.9911151960784313 0.021241830065359478 0.014093137254901961
0 0.8548304738562091 0.7267922794117647 0.013582516339869281 0.008731617647058824
1 0.977328431372549 0.6087622549019608 0.020833333333333332 0.014705882352941176
0 0.017361111111111112 0.7933517156862745 0.016748366013071895 0.011948529411764705
0 0.17116013071895425 0.7354473039215687 0.016339869281045753 0.01133578431372549
0 0.20077614379084968 0.7945772058823529 0.01838235294117647 0.013786764705882353
1 0.8680555555555556 0.6583946078431373 0.01715686274509804 0.011642156862745098
0 0.02144607843137255 0.7279411764705882 0.017565359477124183 0.010416666666666666
0 0.029411764705882353 0.9771752450980392 0.025326797385620915 0.019301470588235295
1 0.23243464052287582 0.6315870098039216 0.02042483660130719 0.011948529411764705
0 0.9605800653594772 0.7245710784313726 0.016748366013071895 0.010416666666666666
0 0.9932598039215687 0.7852328431372549 0.013480392156862746 0.014093137254901961
0 0.920751633986928 0.7049632352941176 0.015522875816993464 0.00980392156862745
1 0.23141339869281047 0.6436887254901961 0.02165032679738562 0.012867647058823529
0 0.06862745098039216 0.8031556372549019 0.021241830065359478 0.015012254901960785
1 0.9641544117647058 0.6393612132352942 0.023080065359477125 0.017080269607843136
0 0.9936683006535948 0.7339154411764706 0.01184640522875817 0.011948529411764705
0 0.23223039215686275 0.7924325980392157 0.01838235294117647 0.013174019607843137
0 0.23080065359477125 0.8389246323529411 0.025326797385620915 0.01608455882352941
0 0.9438316993464052 0.7224264705882353 0.01511437908496732 0.011029411764705883
1 0.025122549019607844 0.42294730392156865 0.027369281045751634 0.018075980392156864
0 0.190359477124183 0.8106617647058824 0.021241830065359478 0.014093137254901961
1 0.1352124183006536 0.6616115196078431 0.024509803921568627 0.01685049019607843
1 0.9656862745098039 0.5715379901960784 0.02369281045751634 0.015012254901960785
1 0.12418300653594772 0.7222732843137255 0.02696078431372549 0.020526960784313725
0 0.9201388888888888 0.7279411764705882 0.017565359477124183 0.011029411764705883
0 0.144812091503268 0.8402267156862745 0.02165032679738562 0.015012254901960785
0 0.176062091503268 0.8031556372549019 0.02042483660130719 0.014399509803921568
0 0.08394607843137254 0.9077818627450981 0.027369281045751634 0.02022058823529412
1 0.9569035947712419 0.6542585784313726 0.020016339869281044 0.014399509803921568
0 0.04268790849673203 0.7866115196078431 0.020016339869281044 0.013174019607843137
0 0.8882761437908496 0.7287071078431373 0.01838235294117647 0.011948529411764705
1 0.9433210784313726 0.638671875 0.023080065359477125 0.016927083333333332
1 0.2406045751633987 0.6113664215686274 0.022058823529411766 0.015012254901960785
0 0.11662581699346405 0.8141850490196079 0.020016339869281044 0.015012254901960785
0 0.8370098039215687 0.7613357843137255 0.015522875816993464 0.011029411764705883
0 0.8672385620915033 0.7787990196078431 0.017973856209150325 0.012867647058823529
1 0.15318627450980393 0.6665134803921569 0.025326797385620915 0.018688725490196078
1 0.33665236928104575 0.4925704656862745 0.0090890522875817 0.005361519607843137
1 0.23860498366013072 0.6233532475490197 0.020510620915032682 0.0157015931372549
1 0.2685886437908497 0.6788832720588235 0.024922385620915033 0.016467524509803922
0 0.8580453431372549 0.7317325367647058 0.015927287581699347 0.008808210784313725
0 0.2341830065359477 0.8470818014705882 0.019836601307189543 0.016467524509803922