0 0.576797385620915 0.9224877450980392 0.021241830065359478 0.014705882352941176
1 0.8043300653594772 0.7334558823529411 0.015522875816993464 0.010416666666666666
0 0.44873366013071897 0.7657781862745098 0.013480392156862746 0.009497549019607842
0 0.48713235294117646 0.8998161764705882 0.015931372549019607 0.012254901960784314
1 0.8972998366013073 0.6946308210784314 0.019272875816993464 0.014261642156862745
1 0.6413398692810458 0.7371323529411765 0.016339869281045753 0.011642156862745098
0 0.23651960784313725 0.7094056372549019 0.013888888888888888 0.01011029411764706
0 0.034722222222222224 0.7392769607843137 0.013888888888888888 0.00980392156862745
0 0.8576388888888888 0.702359068627451 0.01184640522875817 0.007659313725490196
0 0.024305555555555556 0.7772671568627451 0.01184640522875817 0.00857843137254902
0 0.07475490196078431 0.8376225490196079 0.013888888888888888 0.00980392156862745
0 0.8511029411764706 0.7625612745098039 0.015931372549019607 0.00980392156862745
0 0.37459150326797386 0.8253676470588235 0.013071895424836602 0.00980392156862745
0 0.9131944444444444 0.8230698529411765 0.01919934640522876 0.011948529411764705
0 0.8396650326797386 0.7876838235294118 0.014297385620915032 0.009191176470588236
0 0.5996732026143791 0.7636335784313726 0.014705882352941176 0.009497549019607842
1 0.8843954248366013 0.4731924019607843 0.017973856209150325 0.01133578431372549
0 0.8584558823529411 0.8497242647058824 0.015931372549019607 0.010723039215686275
1 0.4348447712418301 0.40379901960784315 0.01919934640522876 0.013480392156862746
0 0.5034722222222222 0.8864889705882353 0.015931372549019607 0.01133578431372549
0 0.28306781045751633 0.9454518995098039 0.023651960784313725 0.01467830882352941
0 0.5473856209150327 0.9174325980392157 0.02042483660130719 0.013174019607843137
0 0.11764705882352941 0.8126531862745098 0.016339869281045753 0.01011029411764706
0 0.9125816993464052 0.8331801470588235 0.017973856209150325 0.011948529411764705
0 0.9252450980392157 0.8581495098039216 0.014705882352941176 0.011642156862745098
1 0.549187091503268 0.7137791053921569 0.024027777777777776 0.015793504901960784
0 0.16380718954248366 0.7028186274509803 0.013071895424836602 0.00857843137254902
0 0.5132761437908496 0.7856924019607843 0.020016339869281044 0.013786764705882353
0 0.9082924836601307 0.8206188725490197 0.02246732026143791 0.013786764705882353
0 0.6582924836601307 0.8783700980392157 0.023284313725490197 0.015318627450980392
0 0.5349264705882353 0.9269301470588235 0.020016339869281044 0.013174019607843137
0 0.6907679738562091 0.8446691176470589 0.017973856209150325 0.012867647058823529
1 0.9477103758169935 0.6396507352941176 0.02368872549019608 0.015821078431372548
0 0.012867647058823529 0.8097426470588235 0.01919934640522876 0.014705882352941176
0 0.7959558823529411 0.7702205882352942 0.01511437908496732 0.010416666666666666
0 0.9254493464052288 0.7107843137254902 0.012663398692810458 0.00857843137254902
0 0.23999183006535948 0.8053002450980392 0.01511437908496732 0.010723039215686275
0 0.7001633986928104 0.8599877450980392 0.016339869281045753 0.011642156862745098
0 0.8656045751633987 0.7918198529411765 0.013071895424836602 0.009497549019607842
0 0.8498774509803921 0.7817095588235294 0.016748366013071895 0.01011029411764706
0 0.7093545751633987 0.8442095588235294 0.020016339869281044 0.014399509803921568
0 0.9560866013071896 0.7625612745098039 0.013480392156862746 0.00857843137254902
0 0.06352124183006536 0.8226102941176471 0.015931372549019607 0.011029411764705883
0 0.2763480392156863 0.7366727941176471 0.017565359477124183 0.009497549019607842
0 0.7271241830065359 0.8279718137254902 0.017973856209150325 0.012561274509803922
0 0.9538398692810458 0.8152573529411765 0.02042483660130719 0.012254901960784314
0 0.9084967320261438 0.7550551470588235 0.014705882352941176 0.01011029411764706
0 0.4775326797385621 0.7821691176470589 0.017973856209150325 0.00980392156862745
1 0.7093545751633987 0.7806372549019608 0.020833333333333332 0.014093137254901961
0 0.5874183006535948 0.8304227941176471 0.017973856209150325 0.013174019607843137
1 0.9093137254901961 0.5981372549019608 0.017973856209150325 0.013063725490196078
0 0.9097222222222222 0.7170649509803921 0.013071895424836602 0.008884803921568627
1 0.9928513071895425 0.5470281862745098 0.014297385620915032 0.014399509803921568
1 0.9142156862745098 0.5488664215686274 0.0196078431372549 0.013786764705882353
0 0.7679738562091504 0.8696384803921569 0.02042483660130719 0.014399509803921568
1 0.8255718954248366 0.7063419117647058 0.014705882352941176 0.01011029411764706
0 0.2900326797385621 0.7323835784313726 0.013071895424836602 0.009497549019607842
0 0.14297385620915032 0.7640931372549019 0.015522875816993464 0.00980392156862745
0 0.1701388888888889 0.7602634803921569 0.016748366013071895 0.010723039215686275
0 0.9154411764705882 0.7899816176470589 0.015522875816993464 0.010723039215686275
0 0.45465686274509803 0.8673406862745098 0.017973856209150325 0.011642156862745098
0 0.26062091503267976 0.7264093137254902 0.015522875816993464 0.00980392156862745
0 0.42054738562091504 0.9200367647058824 0.020833333333333332 0.012867647058823529
0 0.7154820261437909 0.8598345588235294 0.015931372549019607 0.011948529411764705
0 0.3116830065359477 0.8357843137254902 0.021241830065359478 0.013480392156862746
0 0.09803921568627451 0.6910232843137255 0.013888888888888888 0.008272058823529412
0 0.46834150326797386 0.8734681372549019 0.01838235294117647 0.011642156862745098
0 0.4325980392156863 0.8935355392156863 0.02287581699346405 0.017463235294117647
0 0.010416666666666666 0.8558517156862745 0.016748366013071895 0.013786764705882353
0 0.9448529411764706 0.7452512254901961 0.014705882352941176 0.008884803921568627
0 0.840890522875817 0.7559742647058824 0.017565359477124183 0.010723039215686275
0 0.3174019607843137 0.7473958333333334 0.016339869281045753 0.01011029411764706
1 0.9395424836601307 0.6060049019607843 0.0196078431372549 0.014705882352941176
1 0.8252941176470588 0.6334114583333333 0.017418300653594773 0.011308210784313724
0 0.8747957516339869 0.7697610294117647 0.016748366013071895 0.01133578431372549
0 0.5247140522875817 0.9163602941176471 0.020833333333333332 0.014705882352941176
0 0.8715277777777778 0.7864583333333334 0.015931372549019607 0.011029411764705883
1 0.8750735294117646 0.48534926470588236 0.016486928104575162 0.01113970588235294
0 0.3960375816993464 0.9522058823529411 0.01919934640522876 0.014093137254901961
0 0.1395016339869281 0.7092524509803921 0.01511437908496732 0.00980392156862745
1 0.9066584967320261 0.5278799019607843 0.02165032679738562 0.01715686274509804
0 0.7800245098039216 0.835171568627451 0.020016339869281044 0.012867647058823529
0 0.8353758169934641 0.7650122549019608 0.01715686274509804 0.011029411764705883
1 0.8141523692810457 0.6946308210784314 0.017193627450980395 0.011810661764705882
0 0.8517156862745098 0.7732843137254902 0.017973856209150325 0.012254901960784314
0 0.04309640522875817 0.7015931372549019 0.014297385620915032 0.009191176470588236
0 0.05698529411764706 0.7008272058823529 0.012663398692810458 0.008884803921568627
0 0.5882352941176471 0.8174019607843137 0.022058823529411766 0.014705882352941176
0 0.9446486928104575 0.7582720588235294 0.013480392156862746 0.009191176470588236
0 0.4252450980392157 0.9943321078431373 0.026143790849673203 0.01011029411764706
1 0.9710518790849674 0.5677083333333334 0.022169117647058825 0.013480392156862746
0 0.046977124183006536 0.7369791666666666 0.014705882352941176 0.010723039215686275
0 0.19219771241830066 0.7374387254901961 0.016748366013071895 0.011029411764705883
0 0.6241830065359477 0.8943014705882353 0.021241830065359478 0.015318627450980392
0 0.11642156862745098 0.8180147058823529 0.0196078431372549 0.015318627450980392
0 0.8625408496732027 0.9243259803921569 0.024101307189542485 0.015931372549019607
0 0.4756944444444444 0.8610600490196079 0.020833333333333332 0.014399509803921568
0 0.9250408496732027 0.8828125 0.01838235294117647 0.013786764705882353
0 0.22446895424836602 0.7264093137254902 0.015931372549019607 0.00980392156862745
0 0.6062091503267973 0.9024203431372549 0.021241830065359478 0.013174019607843137
0 0.30249183006535946 0.9411764705882353 0.026552287581699346 0.017769607843137254
0 0.20874183006535948 0.7230392156862745 0.015522875816993464 0.00980392156862745
0 0.10988562091503268 0.8710171568627451 0.02042483660130719 0.014705882352941176
1 0.9253758169934642 0.6050444240196079 0.019869281045751634 0.015235906862745096
0 0.9448529411764706 0.8325674019607843 0.018790849673202614 0.013174019607843137
0 0.14276960784313725 0.7241115196078431 0.015931372549019607 0.01133578431372549
1 0.863562091503268 0.6052389705882353 0.017973856209150325 0.013174019607843137
0 0.5545343137254902 0.9515931372549019 0.025735294117647058 0.01838235294117647
1 0.8447712418300654 0.6034007352941176 0.01715686274509804 0.013786764705882353
1 0.9689542483660131 0.6493566176470589 0.024509803921568627 0.015012254901960785
0 0.06985294117647059 0.8806678921568627 0.021241830065359478 0.015625
1 0.9465604575163398 0.6314613970588235 0.021388888888888888 0.014761029411764706
0 0.7732843137254902 0.8247549019607843 0.021241830065359478 0.014705882352941176
0 0.6658496732026143 0.9345894607843137 0.025326797385620915 0.018688725490196078
0 0.9405637254901961 0.8802083333333334 0.01838235294117647 0.013480392156862746
1 0.8241421568627451 0.6659007352941176 0.023284313725490197 0.015012254901960785
0 0.920751633986928 0.7509191176470589 0.014705882352941176 0.00980392156862745
0 0.12438725490196079 0.7159926470588235 0.01511437908496732 0.00980392156862745
0 0.497140522875817 0.7729779411764706 0.0196078431372549 0.012867647058823529
0 0.00959967320261438 0.7930453431372549 0.01838235294117647 0.014399509803921568
0 0.8220996732026143 0.8797487745098039 0.023284313725490197 0.017463235294117647
0 0.26000816993464054 0.7766544117647058 0.020016339869281044 0.015318627450980392
0 0.1721813725490196 0.8394607843137255 0.020016339869281044 0.013480392156862746
0 0.35232843137254904 0.8305759803921569 0.02165032679738562 0.014705882352941176
1 0.23221813725490198 0.5919393382352941 0.01590686274509804 0.011697303921568628
0 0.3500449346405229 0.7056602328431373 0.012181372549019609 0.007521446078431373
0 0.4176613562091503 0.6807598039215687 0.011793300653594772 0.009191176470588236
0 0.1968688725490196 0.7419224877450981 0.01628676470588235 0.008354779411764705
0 0.8622283496732027 0.7704718137254902 0.015306372549019608 0.010306372549019609
0 0.8680596405228759 0.7786044730392156 0.013080065359477125 0.010027573529411764
1 0.9223427287581699 0.6112132352941176 0.020339052287581698 0.015318627450980392
1 0.7470731209150326 0.42220894607843135 0.012937091503267974 0.008633578431372548