0 0.1909722222222222 0.8972120098039216 0.020016339869281044 0.016237745098039217
0 0.622140522875817 0.7947303921568627 0.0196078431372549 0.012867647058823529
1 0.522375408496732 0.7546629901960784 0.026776960784313724 0.02096813725490196
0 0.9650735294117647 0.71875 0.01919934640522876 0.012254901960784314
1 0.6076388888888888 0.6862745098039216 0.02900326797385621 0.02144607843137255
0 0.9918300653594772 0.6574754901960784 0.015522875816993464 0.011642156862745098
0 0.6758578431372549 0.7190563725490197 0.017565359477124183 0.012254901960784314
0 0.24110498366013072 0.7056433823529411 0.017340686274509805 0.013002450980392157
1 0.42054738562091504 0.6752450980392157 0.01919934640522876 0.012867647058823529
0 0.27879901960784315 0.8825061274509803 0.02165032679738562 0.015012254901960785
0 0.4011437908496732 0.8455882352941176 0.021241830065359478 0.015318627450980392
0 0.6186683006535948 0.7244178921568627 0.01919934640522876 0.013174019607843137
0 0.5816993464052288 0.7895220588235294 0.018790849673202614 0.014093137254901961
0 0.9498917483660131 0.7097120098039216 0.018247549019607845 0.010723039215686275
1 0.5816993464052288 0.6775428921568627 0.029411764705882353 0.022365196078431373
0 0.9123774509803921 0.7475490196078431 0.020833333333333332 0.014093137254901961
1 0.582765522875817 0.7163664215686274 0.027459150326797386 0.019742647058823528
0 0.31413398692810457 0.8065257352941176 0.02287581699346405 0.017463235294117647
0 0.9299428104575164 0.7161458333333334 0.02246732026143791 0.014399509803921568
0 0.05065359477124183 0.7715992647058824 0.02369281045751634 0.016237745098039217
0 0.6938316993464052 0.8794424019607843 0.026552287581699346 0.019301470588235295
1 0.49002450980392154 0.388140318627451 0.0217156862745098 0.014638480392156863
1 0.5086764705882353 0.4336534926470588 0.0230718954248366 0.018042279411764707
1 0.1410763888888889 0.36162224264705883 0.015812908496732028 0.011234681372549021
0 0.9538766339869281 0.7145281862745098 0.02213235294117647 0.013615196078431372