0 0.46568627450980393 0.6671262254901961 0.013888888888888888 0.010723039215686275
1 0.977079248366013 0.40487132352941174 0.017883986928104577 0.012561274509803922
0 0.8821486928104575 0.6050857843137255 0.016748366013071895 0.00980392156862745
0 0.8944035947712419 0.6259191176470589 0.013480392156862746 0.00857843137254902
0 0.9953022875816994 0.6299019607843137 0.009395424836601307 0.013480392156862746
0 0.9697712418300654 0.5819546568627451 0.015522875816993464 0.01011029411764706
1 0.9301470588235294 0.4658394607843137 0.02042483660130719 0.013786764705882353
1 0.6528696895424836 0.6226348039215687 0.016523692810457517 0.012426470588235294
0 0.31924019607843135 0.6170343137254902 0.016748366013071895 0.011029411764705883
0 0.6787173202614379 0.7711397058823529 0.01919934640522876 0.014093137254901961
1 0.9462826797385621 0.46859681372549017 0.023284313725490197 0.015012254901960785
0 0.9105392156862745 0.6524203431372549 0.017973856209150325 0.010723039215686275
1 0.97546772875817 0.4587591911764706 0.022830882352941177 0.015557598039215687
0 0.9481209150326797 0.7078737745098039 0.027777777777777776 0.013786764705882353
0 0.8090277777777778 0.6504289215686274 0.017565359477124183 0.012254901960784314
0 0.8253676470588235 0.6518075980392157 0.016748366013071895 0.011948529411764705
1 0.2491156045751634 0.316312806372549 0.023558006535947713 0.01742953431372549
0 0.9113562091503268 0.6937806372549019 0.02042483660130719 0.011948529411764705