1 0.6542769607843137 0.38837775735294117 0.01198529411764706 0.008373161764705882
0 0.1503267973856209 0.6263786764705882 0.011437908496732025 0.0070465686274509805
0 0.19648692810457516 0.7382046568627451 0.018790849673202614 0.010723039215686275
1 0.13112745098039216 0.41370557598039215 0.016339869281045753 0.011234681372549021
1 0.1508026960784314 0.6042693014705882 0.01892565359477124 0.011847426470588236
1 0.018314950980392156 0.30785386029411765 0.012120098039215687 0.009090073529411765
0 0.27001633986928103 0.7153799019607843 0.012254901960784314 0.009191176470588236
0 0.15053104575163398 0.6534926470588235 0.010212418300653595 0.007965686274509803
1 0.2594628267973856 0.5876225490196079 0.01565767973856209 0.010416666666666666
0 0.14665032679738563 0.6271446078431373 0.011437908496732025 0.007352941176470588
0 0.7859477124183006 0.6954656862745098 0.015522875816993464 0.010416666666666666
0 0.6219362745098039 0.7544424019607843 0.013480392156862746 0.008884803921568627
1 0.018656045751633987 0.38112745098039214 0.014436274509803924 0.010416666666666666
0 0.2332516339869281 0.6971507352941176 0.013071895424836602 0.008272058823529412
0 0.15931372549019607 0.6973039215686274 0.012254901960784314 0.00857843137254902
1 0.2549019607843137 0.5987025122549019 0.013888888888888888 0.009905024509803921
0 0.2757352941176471 0.6806066176470589 0.013071895424836602 0.008884803921568627
1 0.5989256535947712 0.40012254901960786 0.014844771241830066 0.010416666666666666
1 0.6194178921568627 0.3681066176470588 0.017430555555555557 0.01133578431372549
0 0.05494281045751634 0.6432291666666666 0.01184640522875817 0.007659313725490196
0 0.10947712418300654 0.671109068627451 0.011437908496732025 0.007659313725490196
0 0.9297385620915033 0.694546568627451 0.015522875816993464 0.011029411764705883
0 0.3300653594771242 0.7218137254901961 0.013071895424836602 0.009191176470588236
0 0.889297385620915 0.6976102941176471 0.015522875816993464 0.011029411764705883
0 0.05984477124183007 0.6539522058823529 0.015931372549019607 0.009497549019607842
0 0.09436274509803921 0.6757046568627451 0.013071895424836602 0.007659313725490196
1 0.004493464052287581 0.5853247549019608 0.008986928104575163 0.013786764705882353
0 0.30269607843137253 0.8141850490196079 0.015522875816993464 0.010723039215686275
1 0.3866421568627451 0.47472426470588236 0.020833333333333332 0.014399509803921568
1 0.11458333333333333 0.6292892156862745 0.013480392156862746 0.00980392156862745
0 0.2312091503267974 0.6822916666666666 0.013888888888888888 0.00857843137254902
0 0.06985294117647059 0.6833639705882353 0.013888888888888888 0.01011029411764706
1 0.11628676470588235 0.4642049632352941 0.01525326797385621 0.010517769607843137
0 0.14052287581699346 0.6606924019607843 0.013071895424836602 0.009497549019607842
1 0.03431372549019608 0.42473498774509805 0.018790849673202614 0.013072916666666667
0 0.1437908496732026 0.7064950980392157 0.012254901960784314 0.007965686274509803
0 0.11356209150326797 0.6482843137254902 0.013888888888888888 0.00980392156862745
0 0.48651960784313725 0.7598039215686274 0.016339869281045753 0.012254901960784314
0 0.02369281045751634 0.7607230392156863 0.01715686274509804 0.012254901960784314
1 0.5163398692810458 0.39767156862745096 0.022058823529411766 0.016544117647058824
1 0.12690563725490198 0.6288296568627451 0.015249183006535947 0.01133578431372549
0 0.068218954248366 0.7120098039215687 0.016339869281045753 0.00980392156862745
0 0.2716503267973856 0.7593443627450981 0.014705882352941176 0.01133578431372549
1 0.03839869281045752 0.5762867647058824 0.0196078431372549 0.014093137254901961
1 0.13902573529411763 0.44005361519607844 0.014979575163398694 0.011234681372549021
0 0.022058823529411766 0.6724877450980392 0.014705882352941176 0.00980392156862745
1 0.09647263071895425 0.4404610906862745 0.017291666666666667 0.012662377450980391
0 0.3858251633986928 0.7683823529411765 0.01838235294117647 0.013480392156862746
1 0.12173202614379085 0.4381127450980392 0.017973856209150325 0.013480392156862746
0 0.008782679738562092 0.6686580882352942 0.014297385620915032 0.01011029411764706
1 0.25980392156862747 0.3585064338235294 0.02287581699346405 0.01603247549019608
0 0.6924019607843137 0.7970281862745098 0.018790849673202614 0.013174019607843137
1 0.07087418300653595 0.4409206495098039 0.020833333333333332 0.014806985294117647
0 0.3459967320261438 0.7872242647058824 0.017973856209150325 0.013786764705882353
0 0.27818627450980393 0.8187806372549019 0.0196078431372549 0.013786764705882353
1 0.0977859477124183 0.4461810661764706 0.017467320261437908 0.010621936274509804
1 0.1062295751633987 0.45169577205882355 0.013929738562091504 0.010009191176470589
1 0.7680841503267973 0.5991620710784313 0.016560457516339867 0.012049632352941176