0 0.8180147058823529 0.7918198529411765 0.017565359477124183 0.013174019607843137
0 0.7996323529411765 0.7204350490196079 0.025735294117647058 0.01133578431372549
0 0.9881535947712419 0.600796568627451 0.022058823529411766 0.014093137254901961
0 0.9552696078431373 0.6465992647058824 0.01919934640522876 0.011948529411764705
0 0.9475081699346405 0.6001838235294118 0.020016339869281044 0.012254901960784314
0 0.8625408496732027 0.5978860294117647 0.020016339869281044 0.01133578431372549
0 0.9452614379084967 0.6560968137254902 0.0196078431372549 0.012561274509803922
1 0.9926470588235294 0.42723651960784315 0.013888888888888888 0.026041666666666668
0 0.8280208333333333 0.8305759803921569 0.0481985294117647 0.024509803921568627
0 0.9191176470588235 0.6135110294117647 0.02042483660130719 0.010723039215686275
0 0.8690767973856209 0.8402267156862745 0.03390522875816993 0.021752450980392156
0 0.16013071895424835 0.5700061274509803 0.017973856209150325 0.010723039215686275
0 0.8474264705882353 0.5753676470588235 0.01511437908496732 0.009191176470588236
1 0.07659313725490197 0.39797794117647056 0.017565359477124183 0.012254901960784314
0 0.8725490196078431 0.6893382352941176 0.0196078431372549 0.012254901960784314
1 0.9814133986928104 0.5249693627450981 0.020833333333333332 0.014399509803921568
0 0.4585375816993464 0.6686580882352942 0.023284313725490197 0.015625
0 0.8923611111111112 0.5569852941176471 0.016748366013071895 0.00980392156862745
0 0.9707924836601307 0.6125919117647058 0.02165032679738562 0.014399509803921568
0 0.9270833333333334 0.6560968137254902 0.02246732026143791 0.015012254901960785
0 0.9225898692810458 0.6202512254901961 0.020833333333333332 0.012561274509803922
0 0.9436274509803921 0.6508884803921569 0.022058823529411766 0.015012254901960785
1 0.9446486928104575 0.4424019607843137 0.020833333333333332 0.015931372549019607
1 0.9526143790849673 0.2867647058823529 0.02287581699346405 0.014093137254901961
0 0.8858251633986928 0.6181066176470589 0.020833333333333332 0.013174019607843137
0 0.38929738562091504 0.702359068627451 0.02287581699346405 0.015625
0 0.7839052287581699 0.6744791666666666 0.02369281045751634 0.016237745098039217
1 0.9332107843137255 0.29120710784313725 0.020016339869281044 0.014399509803921568
0 0.16973039215686275 0.7095588235294118 0.02246732026143791 0.015931372549019607
0 0.9401552287581699 0.6251531862745098 0.02165032679738562 0.014399509803921568
0 0.9681372549019608 0.7875306372549019 0.03839869281045752 0.02420343137254902
1 0.7946895424836602 0.4018075980392157 0.006862745098039216 0.005208333333333333
1 0.8147875816993464 0.39889705882352944 0.0070261437908496725 0.004901960784313725