0 0.21343954248366012 0.6734068627450981 0.01511437908496732 0.00980392156862745
1 0.12002450980392157 0.4225566789215686 0.013741830065359477 0.009941789215686276
0 0.2448937908496732 0.6861213235294118 0.014297385620915032 0.01011029411764706
0 0.05494281045751634 0.65625 0.014297385620915032 0.00857843137254902
0 0.304125816993464 0.6881127450980392 0.013480392156862746 0.00857843137254902
0 0.017324346405228758 0.7074004289215686 0.022393790849673204 0.011614583333333333
0 0.0494281045751634 0.6735600490196079 0.016339869281045753 0.01011029411764706
1 0.3783231209150327 0.3756541053921569 0.0172671568627451 0.012337622549019609
0 0.2261029411764706 0.6852022058823529 0.01511437908496732 0.01011029411764706
0 0.03344158496732026 0.6658026960784313 0.011327614379084968 0.007463235294117647
0 0.5816993464052288 0.7118566176470589 0.016339869281045753 0.011948529411764705
0 0.22937091503267973 0.7398897058823529 0.015931372549019607 0.010416666666666666
0 0.05371732026143791 0.6403186274509803 0.01184640522875817 0.007352941176470588
0 0.9722222222222222 0.6481311274509803 0.016339869281045753 0.010723039215686275
0 0.21752450980392157 0.6671262254901961 0.017565359477124183 0.010723039215686275
1 0.008374183006535947 0.4898897058823529 0.016748366013071895 0.018995098039215685
0 0.556781045751634 0.7012867647058824 0.02042483660130719 0.015318627450980392
0 0.0363562091503268 0.6378676470588235 0.012254901960784314 0.00857843137254902
0 0.037173202614379085 0.6608455882352942 0.013071895424836602 0.009191176470588236
1 0.3159722222222222 0.48284313725490197 0.027369281045751634 0.01838235294117647
1 0.23529411764705882 0.4024203431372549 0.02369281045751634 0.018075980392156864
0 0.3073937908496732 0.6732536764705882 0.01511437908496732 0.01011029411764706
0 0.272875816993464 0.6973039215686274 0.016339869281045753 0.011642156862745098
0 0.05290032679738562 0.6666666666666666 0.015931372549019607 0.00980392156862745
1 0.5387152777777778 0.3934375 0.020241013071895422 0.01542892156862745
0 0.7971813725490197 0.7326899509803921 0.024918300653594773 0.016237745098039217
0 0.2232434640522876 0.7450980392156863 0.017565359477124183 0.012254901960784314
1 0.4082005718954248 0.5030912990196078 0.02636846405228758 0.019050245098039216
0 0.3227124183006536 0.7708333333333334 0.018790849673202614 0.012254901960784314
0 0.21323529411764705 0.7559742647058824 0.016339869281045753 0.010723039215686275
0 0.4172794117647059 0.8250612745098039 0.020833333333333332 0.015931372549019607
1 0.015522875816993464 0.49019607843137253 0.02369281045751634 0.01838235294117647
0 0.4195261437908497 0.7333026960784313 0.01715686274509804 0.011948529411764705
1 0.6239236111111112 0.469264705882353 0.02480800653594771 0.018799019607843137
0 0.02144607843137255 0.6907169117647058 0.016748366013071895 0.010723039215686275
0 0.2397875816993464 0.7218137254901961 0.0196078431372549 0.012867647058823529
0 0.21568627450980393 0.8186274509803921 0.02287581699346405 0.014093137254901961
0 0.24918300653594772 0.7668504901960784 0.0196078431372549 0.013480392156862746
0 0.32945261437908496 0.7800245098039216 0.020833333333333332 0.013480392156862746
0 0.025326797385620915 0.7697610294117647 0.021241830065359478 0.014399509803921568