0 0.35098651960784316 0.7929136029411765 0.01814950980392157 0.012910539215686275
0 0.00857843137254902 0.8322610294117647 0.015522875816993464 0.014399509803921568
1 0.08292483660130719 0.3095894607843137 0.02696078431372549 0.01685049019607843
0 0.20772058823529413 0.7942708333333334 0.02165032679738562 0.013174019607843137
1 0.05310457516339869 0.19990808823529413 0.02042483660130719 0.015012254901960785
1 0.3852124183006536 0.22802849264705882 0.018790849673202614 0.01242953431372549
1 0.05943627450980392 0.2824096200980392 0.024101307189542485 0.017025122549019608
0 0.1492177287581699 0.9145664828431372 0.03699754901960784 0.024598651960784316
0 0.10375816993464053 0.8690257352941176 0.021241830065359478 0.013174019607843137
1 0.01491013071895425 0.5977328431372549 0.023284313725490197 0.017769607843137254
0 0.04758986928104575 0.6537990196078431 0.016748366013071895 0.011029411764705883
0 0.0051062091503267975 0.7268688725490197 0.010212418300653595 0.01133578431372549
0 0.24579861111111112 0.8794424019607843 0.019375 0.013786764705882353
1 0.03574346405228758 0.3394607843137255 0.03145424836601307 0.02144607843137255
1 0.00980392156862745 0.6276041666666666 0.0196078431372549 0.019301470588235295
1 0.11338848039215686 0.22748161764705882 0.015175653594771242 0.01011029411764706
1 0.9834558823529411 0.20863970588235295 0.03145424836601307 0.02144607843137255
1 0.34144403594771244 0.4078033088235294 0.03664624183006536 0.022714460784313727
0 0.12969771241830066 0.7565870098039216 0.016748366013071895 0.012561274509803922
0 0.004697712418300653 0.8881740196078431 0.009395424836601307 0.0196078431372549
1 0.6074346405228758 0.20802696078431374 0.025326797385620915 0.01838235294117647
1 0.4007352941176471 0.26087622549019607 0.042483660130718956 0.024816176470588234
1 0.10008169934640523 0.2522977941176471 0.02696078431372549 0.018075980392156864
1 0.6566584967320261 0.5171568627450981 0.026552287581699346 0.017769607843137254
1 0.08966503267973856 0.23161764705882354 0.020833333333333332 0.014093137254901961
0 0.13909313725490197 0.7962622549019608 0.026552287581699346 0.01838235294117647
0 0.15298202614379086 0.8426776960784313 0.017565359477124183 0.012561274509803922
0 0.008986928104575163 0.7008272058823529 0.014705882352941176 0.01011029411764706
1 0.032679738562091505 0.7938112745098039 0.028594771241830064 0.02144607843137255
0 0.039419934640522875 0.7671568627450981 0.016748366013071895 0.012254901960784314
1 0.07107843137254902 0.8388480392156863 0.022058823529411766 0.01715686274509804
0 0.051674836601307186 0.8783700980392157 0.027369281045751634 0.016544117647058824
1 0.7571486928104575 0.2268688725490196 0.023284313725490197 0.015625
0 0.13398692810457516 0.8950674019607843 0.032679738562091505 0.020526960784313725
1 0.6186683006535948 0.5189950980392157 0.03308823529411765 0.022058823529411766
1 0.7062908496732027 0.40441176470588236 0.03104575163398693 0.022058823529411766
0 0.16380718954248366 0.8301164215686274 0.022058823529411766 0.015625
1 0.05290032679738562 0.3711703431372549 0.024918300653594773 0.018688725490196078
1 0.025122549019607844 0.6793811274509803 0.020833333333333332 0.017463235294117647
1 0.18055555555555555 0.19898897058823528 0.02042483660130719 0.015012254901960785
1 0.6981209150326797 0.6588541666666666 0.025326797385620915 0.018075980392156864
1 0.8417075163398693 0.2607230392156863 0.0298202614379085 0.022058823529411766
1 0.8899101307189542 0.36795343137254904 0.026552287581699346 0.018995098039215685
1 0.1597222222222222 0.15395220588235295 0.021241830065359478 0.015012254901960785
1 0.061274509803921566 0.6842830882352942 0.02287581699346405 0.01685049019607843
1 0.7906454248366013 0.5637254901960784 0.03145424836601307 0.02267156862745098
1 0.8752042483660131 0.27910539215686275 0.03145424836601307 0.02144607843137255
0 0.10416666666666667 0.7640931372549019 0.02287581699346405 0.016544117647058824
0 0.9932598039215687 0.8668811274509803 0.013480392156862746 0.02665441176470588
1 0.017565359477124183 0.2345281862745098 0.025326797385620915 0.019301470588235295
0 0.7828839869281046 0.7755821078431373 0.02900326797385621 0.021139705882352942
1 0.23999183006535948 0.18443627450980393 0.02165032679738562 0.015318627450980392
1 0.008169934640522876 0.30667892156862747 0.016339869281045753 0.017769607843137254
1 0.43280228758169936 0.7875306372549019 0.04616013071895425 0.03400735294117647
0 0.0821078431372549 0.7866115196078431 0.022058823529411766 0.015012254901960785
1 0.29268790849673204 0.18658088235294118 0.020016339869281044 0.015318627450980392
0 0.8970588235294118 0.8491115196078431 0.029411764705882353 0.021752450980392156
1 0.8780637254901961 0.32015931372549017 0.03390522875816993 0.020833333333333332
1 0.6544117647058824 0.27450980392156865 0.027777777777777776 0.02022058823529412
1 0.09191176470588236 0.7521446078431373 0.03104575163398693 0.02144607843137255
1 0.5173611111111112 0.39077818627450983 0.03145424836601307 0.021752450980392156
1 0.10273692810457516 0.7112438725490197 0.024918300653594773 0.017463235294117647
1 0.14583333333333334 0.3085171568627451 0.024509803921568627 0.017769607843137254
0 0.306781045751634 0.7823223039215687 0.024509803921568627 0.018075980392156864
1 0.28288398692810457 0.7241115196078431 0.054330065359477125 0.03768382352941176
1 0.19648692810457516 0.28278186274509803 0.02696078431372549 0.0196078431372549
0 0.6750408496732027 0.8730085784313726 0.03227124183006536 0.02542892156862745
1 0.0959967320261438 0.7276348039215687 0.028594771241830064 0.0196078431372549
1 0.04411764705882353 0.6925551470588235 0.021241830065359478 0.016237745098039217
1 0.6832107843137255 0.49785539215686275 0.03799019607843137 0.02696078431372549
1 0.18729575163398693 0.2696078431372549 0.025735294117647058 0.01715686274509804
1 0.45016339869281047 0.3239889705882353 0.04330065359477124 0.030943627450980393
1 0.03165849673202614 0.36550245098039214 0.026552287581699346 0.018995098039215685
0 0.3206699346405229 0.8345588235294118 0.04493464052287582 0.03370098039215686
1 0.5042892156862745 0.5893075980392157 0.042075163398692814 0.02971813725490196
1 0.13500816993464052 0.23973651960784315 0.026552287581699346 0.018688725490196078
0 0.4042075163398693 0.8137254901960784 0.04534313725490196 0.03125
1 0.09701797385620915 0.3825061274509804 0.028186274509803922 0.01991421568627451
0 0.26552287581699346 0.8612132352941176 0.0457516339869281 0.030637254901960783
1 0.7990196078431373 0.3941482843137255 0.03431372549019608 0.024816176470588234
1 0.963031045751634 0.2887561274509804 0.03553921568627451 0.02420343137254902
0 0.7712418300653595 0.8380821078431373 0.031862745098039214 0.02542892156862745
1 0.6176470588235294 0.5589767156862745 0.03104575163398693 0.02420343137254902
0 0.4305555555555556 0.8704044117647058 0.05065359477124183 0.03799019607843137
1 0.5627042483660131 0.5435049019607843 0.0428921568627451 0.030637254901960783
1 0.8155637254901961 0.28707107843137253 0.03308823529411765 0.025122549019607844
0 0.7994281045751634 0.9079350490196079 0.03758169934640523 0.02849264705882353
0 0.08238562091503268 0.9036672794117647 0.016895424836601308 0.011378676470588236
1 0.11106209150326797 0.23584099264705882 0.015424836601307189 0.010284926470588235
1 0.12472834967320261 0.23459405637254904 0.01579656862745098 0.012693014705882353
1 0.01744076797385621 0.19982077205882354 0.016907679738562092 0.011161151960784314
1 0.006621732026143791 0.25183823529411764 0.013243464052287582 0.015318627450980392
1 0.2357250816993464 0.2358624387254902 0.018018790849673203 0.014004289215686274