1 0.1926062091503268 0.39920343137254904 0.020833333333333332 0.02022058823529412
1 0.2618464052287582 0.4571078431372549 0.028594771241830064 0.018995098039215685
1 0.5157271241830066 0.45894607843137253 0.024918300653594773 0.018995098039215685
1 0.1919934640522876 0.46675857843137253 0.026143790849673203 0.017463235294117647
1 0.23202614379084968 0.4730392156862745 0.03104575163398693 0.02389705882352941
1 0.5622957516339869 0.484375 0.03553921568627451 0.024509803921568627
1 0.43014705882352944 0.4928002450980392 0.03349673202614379 0.020526960784313725
1 0.03799019607843137 0.49417892156862747 0.02369281045751634 0.010416666666666666
1 0.12009803921568628 0.5 0.018790849673202614 0.011029411764705883
1 0.05106209150326797 0.5016850490196079 0.015522875816993464 0.010723039215686275
1 0.1409313725490196 0.5038296568627451 0.025326797385620915 0.018688725490196078
1 0.03022875816993464 0.5185355392156863 0.02369281045751634 0.015625
1 0.18790849673202614 0.5215992647058824 0.02369281045751634 0.01685049019607843
1 0.1636029411764706 0.5225183823529411 0.028186274509803922 0.01685049019607843
1 0.024101307189542485 0.530484068627451 0.02287581699346405 0.012561274509803922
1 0.13337418300653595 0.5350796568627451 0.0298202614379085 0.02297794117647059
1 0.4597630718954248 0.5370710784313726 0.020833333333333332 0.016544117647058824
1 0.17626633986928106 0.5419730392156863 0.027369281045751634 0.016544117647058824
1 0.6946486928104575 0.5459558823529411 0.03227124183006536 0.025122549019607844
1 0.034926470588235295 0.5473345588235294 0.027369281045751634 0.016237745098039217
1 0.2013888888888889 0.5563725490196079 0.02369281045751634 0.011642156862745098
1 0.15155228758169934 0.5885416666666666 0.02369281045751634 0.014705882352941176
1 0.28860294117647056 0.5894607843137255 0.023284313725490197 0.018995098039215685
1 0.6437908496732027 0.6001838235294118 0.02369281045751634 0.020833333333333332
1 0.09334150326797386 0.6228553921568627 0.015931372549019607 0.015318627450980392
1 0.13337418300653595 0.6418504901960784 0.02165032679738562 0.014705882352941176
1 0.1474673202614379 0.6484375 0.015522875816993464 0.016237745098039217
1 0.40808823529411764 0.6879595588235294 0.0196078431372549 0.01685049019607843
1 0.49203431372549017 0.6884191176470589 0.024101307189542485 0.02144607843137255
1 0.21446078431372548 0.6988357843137255 0.02369281045751634 0.014705882352941176
1 0.22426470588235295 0.7113970588235294 0.02287581699346405 0.016544117647058824
1 0.6203022875816994 0.7230392156862745 0.0298202614379085 0.01715686274509804
1 0.6580882352941176 0.7346813725490197 0.022058823529411766 0.02022058823529412
1 0.02287581699346405 0.742953431372549 0.02042483660130719 0.01715686274509804
1 0.21180555555555555 0.7449448529411765 0.025735294117647058 0.024816176470588234
1 0.6047794117647058 0.7562806372549019 0.024918300653594773 0.017463235294117647
1 0.5377859477124183 0.7748161764705882 0.02246732026143791 0.01838235294117647
0 0.21915849673202614 0.7754289215686274 0.014297385620915032 0.00980392156862745
0 0.0959967320261438 0.7786458333333334 0.012254901960784314 0.012561274509803922
0 0.01613562091503268 0.7925857843137255 0.020833333333333332 0.011029411764705883
1 0.22589869281045752 0.8102022058823529 0.025326797385620915 0.018688725490196078
1 0.7530637254901961 0.8115808823529411 0.026552287581699346 0.015931372549019607
1 0.7581699346405228 0.8241421568627451 0.02696078431372549 0.014705882352941176
0 0.024101307189542485 0.8246017156862745 0.0196078431372549 0.01011029411764706
0 0.6893382352941176 0.8304227941176471 0.027369281045751634 0.021139705882352942
0 0.02920751633986928 0.8374693627450981 0.016748366013071895 0.013174019607843137
0 0.6650326797385621 0.8480392156862745 0.026143790849673203 0.023284313725490197
0 0.46262254901960786 0.8881740196078431 0.02246732026143791 0.018995098039215685
0 0.5839460784313726 0.8935355392156863 0.02165032679738562 0.01685049019607843
0 0.10049019607843138 0.8984375 0.03676470588235294 0.03278186274509804
0 0.6703431372549019 0.9079350490196079 0.025326797385620915 0.022365196078431373