0 0.4285130718954248 0.8457414215686274 0.027777777777777776 0.015012254901960785
1 0.5604575163398693 0.4650735294117647 0.03104575163398693 0.02267156862745098
0 0.39685457516339867 0.7639399509803921 0.020016339869281044 0.013786764705882353
0 0.9407679738562091 0.6464460784313726 0.014705882352941176 0.011642156862745098
1 0.9714052287581699 0.6055453431372549 0.017973856209150325 0.013174019607843137
0 0.9922385620915033 0.7855392156862745 0.015522875816993464 0.017769607843137254
0 0.9072712418300654 0.6279105392156863 0.01715686274509804 0.01133578431372549
0 0.744281045751634 0.6677389705882353 0.015522875816993464 0.01133578431372549
1 0.6041666666666666 0.35401348039215685 0.027777777777777776 0.019301470588235295
1 0.39562908496732024 0.4375 0.0298202614379085 0.01838235294117647
0 0.9838643790849673 0.7205882352941176 0.01919934640522876 0.013480392156862746
1 0.01184640522875817 0.7057291666666666 0.021241830065359478 0.018075980392156864
0 0.9319852941176471 0.8892463235294118 0.028186274509803922 0.015625
0 0.7069035947712419 0.7541360294117647 0.02246732026143791 0.01685049019607843
1 0.1613562091503268 0.40609681372549017 0.03594771241830065 0.02542892156862745
1 0.616421568627451 0.5888480392156863 0.02369281045751634 0.01715686274509804
1 0.9848856209150327 0.5193014705882353 0.03022875816993464 0.02144607843137255
1 0.25388071895424835 0.6553308823529411 0.03308823529411765 0.023284313725490197
0 0.71875 0.6735600490196079 0.01919934640522876 0.014399509803921568
1 0.14440359477124182 0.1400122549019608 0.03308823529411765 0.02144607843137255
1 0.6292892156862745 0.37714460784313725 0.03308823529411765 0.02144607843137255
0 0.8345588235294118 0.8446691176470589 0.02287581699346405 0.014705882352941176
0 0.9724264705882353 0.7486213235294118 0.023284313725490197 0.015625
0 0.7649101307189542 0.8800551470588235 0.027369281045751634 0.016237745098039217
1 0.3729575163398693 0.6980698529411765 0.03676470588235294 0.02849264705882353
0 0.7724673202614379 0.8141850490196079 0.0196078431372549 0.013174019607843137
0 0.8433415032679739 0.8295036764705882 0.01919934640522876 0.013174019607843137
1 0.7069035947712419 0.7352941176470589 0.020833333333333332 0.016544117647058824
1 0.12234272875816994 0.49862132352941174 0.046973039215686276 0.030330882352941176
0 0.8084150326797386 0.8276654411764706 0.02287581699346405 0.015012254901960785
1 0.2792075163398693 0.23774509803921567 0.03799019607843137 0.028186274509803922
0 0.9383169934640523 0.7319240196078431 0.021241830065359478 0.014705882352941176
1 0.7741013071895425 0.46798406862745096 0.025326797385620915 0.018075980392156864
1 0.6852532679738562 0.32169117647058826 0.024101307189542485 0.017769607843137254
1 0.026552287581699346 0.22212009803921567 0.03676470588235294 0.03125
1 0.409109477124183 0.6573223039215687 0.030637254901960783 0.021752450980392156
1 0.6540032679738562 0.35768995098039214 0.026143790849673203 0.018075980392156864
1 0.20547385620915032 0.36136642156862747 0.04738562091503268 0.03829656862745098
1 0.7546977124183006 0.3169424019607843 0.026552287581699346 0.017463235294117647
1 0.9213643790849673 0.42723651960784315 0.02900326797385621 0.020526960784313725
1 0.03451797385620915 0.29090073529411764 0.030637254901960783 0.02297794117647059
1 0.7050653594771242 0.4753370098039216 0.028594771241830064 0.01991421568627451
1 0.35927287581699346 0.7046568627450981 0.03880718954248366 0.025735294117647058
1 0.7747140522875817 0.4325980392156863 0.02900326797385621 0.02144607843137255
1 0.4144199346405229 0.4963235294117647 0.028186274509803922 0.02144607843137255
1 0.4185049019607843 0.30453431372549017 0.05514705882352941 0.0428921568627451
1 0.3582516339869281 0.20419730392156862 0.041666666666666664 0.033394607843137254
1 0.2687908496732026 0.4411764705882353 0.051470588235294115 0.04044117647058824
0 0.9511846405228758 0.8935355392156863 0.02900326797385621 0.019301470588235295
1 0.7224264705882353 0.49172794117647056 0.027369281045751634 0.018995098039215685
0 0.9360702614379085 0.8704044117647058 0.030637254901960783 0.02144607843137255
1 0.5833333333333334 0.4221813725490196 0.04084967320261438 0.03431372549019608
1 0.5584150326797386 0.40701593137254904 0.03676470588235294 0.0272671568627451
1 0.3584558823529412 0.44715073529411764 0.0428921568627451 0.030943627450980393
1 0.5408496732026143 0.30775122549019607 0.05310457516339869 0.03400735294117647
1 0.289624183006536 0.5698529411764706 0.05392156862745098 0.04350490196078431
1 0.5337009803921569 0.2815563725490196 0.053513071895424834 0.03676470588235294
1 0.1460375816993464 0.3069852941176471 0.042075163398692814 0.03553921568627451
1 0.5022467320261438 0.48743872549019607 0.04861111111111111 0.0392156862745098
1 0.3805147058823529 0.1326593137254902 0.060866013071895424 0.0508578431372549
1 0.0835375816993464 0.6704963235294118 0.05269607843137255 0.04258578431372549
1 0.43300653594771243 0.34359681372549017 0.04003267973856209 0.033394607843137254
0 0.11499183006535947 0.9666053921568627 0.0494281045751634 0.04350490196078431
1 0.12111928104575163 0.1712622549019608 0.044526143790849675 0.03431372549019608
1 0.2741013071895425 0.6734068627450981 0.05065359477124183 0.04105392156862745
1 0.18460580065359478 0.2578125 0.03506127450980392 0.026041666666666668
1 0.07391748366013072 0.23023897058823528 0.035906862745098043 0.024816176470588234