1 0.26286764705882354 0.5810355392156863 0.020016339869281044 0.013786764705882353
1 0.5236928104575164 0.34359681372549017 0.022058823529411766 0.015625
1 0.4805964052287582 0.42693014705882354 0.01838235294117647 0.011948529411764705
1 0.5063316993464052 0.3209252450980392 0.01919934640522876 0.013174019607843137
1 0.5149101307189542 0.34099264705882354 0.01838235294117647 0.014705882352941176
1 0.6043709150326797 0.6930147058823529 0.025735294117647058 0.015931372549019607
1 0.5467728758169934 0.3347120098039216 0.020833333333333332 0.014399509803921568
1 0.6463766339869281 0.4557797181372549 0.028047385620915032 0.018789828431372547
1 0.6390931372549019 0.5942095588235294 0.024918300653594773 0.020526960784313725
1 0.5635212418300654 0.6266850490196079 0.01838235294117647 0.012561274509803922
1 0.6840277777777778 0.6815257352941176 0.020833333333333332 0.015625
1 0.4515951797385621 0.43892922794117645 0.01511846405228758 0.010824142156862745
1 0.3090277777777778 0.7351914828431373 0.028186274509803922 0.020628063725490194
1 0.5351307189542484 0.6159620098039216 0.018790849673202614 0.013174019607843137
1 0.4667075163398693 0.36136642156862747 0.02246732026143791 0.013786764705882353
1 0.4229983660130719 0.6386335784313726 0.023284313725490197 0.015625
1 0.6803513071895425 0.6548713235294118 0.02900326797385621 0.019301470588235295
1 0.5339052287581699 0.32107843137254904 0.017973856209150325 0.012254901960784314
1 0.5414624183006536 0.6542585784313726 0.01838235294117647 0.013786764705882353
1 0.4591503267973856 0.33547794117647056 0.022058823529411766 0.015931372549019607
1 0.9636437908496732 0.3247549019607843 0.03676470588235294 0.026348039215686275
1 0.4449223856209151 0.42795189950980395 0.01729575163398693 0.013379289215686275
1 0.17320261437908496 0.5251225490196079 0.02287581699346405 0.017769607843137254
1 0.5194035947712419 0.7607230392156863 0.024101307189542485 0.020833333333333332
1 0.6329656862745098 0.7153799019607843 0.026552287581699346 0.0196078431372549
1 0.6203022875816994 0.41544117647058826 0.027369281045751634 0.01715686274509804
1 0.5661764705882353 0.6392463235294118 0.02042483660130719 0.013174019607843137
1 0.45098039215686275 0.6936274509803921 0.025326797385620915 0.017769607843137254
1 0.3723447712418301 0.3284313725490196 0.020833333333333332 0.014705882352941176
1 0.5320649509803921 0.46956648284313723 0.029816176470588235 0.018789828431372547
1 0.6776960784313726 0.7156862745098039 0.0196078431372549 0.01715686274509804
1 0.304125816993464 0.6657475490196079 0.03145424836601307 0.023284313725490197
1 0.39052287581699346 0.35263480392156865 0.021241830065359478 0.015931372549019607
1 0.46187500000000004 0.4494485294117647 0.01525326797385621 0.011029411764705883
1 0.4021650326797386 0.6081495098039216 0.023284313725490197 0.017769607843137254
1 0.42177287581699346 0.7334558823529411 0.020833333333333332 0.015318627450980392
1 0.4430147058823529 0.7921262254901961 0.026552287581699346 0.017463235294117647
1 0.7316850490196078 0.48948069852941173 0.03608251633986928 0.027368259803921567
1 0.6049836601307189 0.43504901960784315 0.022058823529411766 0.015318627450980392
1 0.6511437908496732 0.4756433823529412 0.02287581699346405 0.015625
1 0.5149101307189542 0.6907169117647058 0.025735294117647058 0.017463235294117647
0 0.5915032679738562 0.9920343137254902 0.031862745098039214 0.015318627450980392
1 0.5955882352941176 0.44378063725490197 0.028594771241830064 0.019301470588235295
1 0.6725898692810458 0.3719868259803921 0.026552287581699346 0.020934436274509804
1 0.5296854575163399 0.3395113357843137 0.017704248366013073 0.01296875
1 0.2201797385620915 0.47610294117647056 0.03594771241830065 0.02389705882352941
1 0.8933823529411765 0.39276960784313725 0.032679738562091505 0.023284313725490197
1 0.07679738562091504 0.6122855392156863 0.031862745098039214 0.02297794117647059
1 0.547998366013072 0.6092218137254902 0.025735294117647058 0.015625
1 0.5957230392156863 0.49080882352941174 0.03131535947712418 0.02144607843137255
1 0.5700571895424836 0.4424019607843137 0.01919934640522876 0.012867647058823529
1 0.44199346405228757 0.6404718137254902 0.02042483660130719 0.014399509803921568
1 0.5921160130718954 0.46400122549019607 0.020833333333333332 0.01685049019607843
0 0.6776960784313726 0.850796568627451 0.0196078431372549 0.015318627450980392
1 0.4679330065359477 0.3775015318627451 0.016748366013071895 0.013581495098039215
1 0.397875816993464 0.31265318627450983 0.02287581699346405 0.016237745098039217
1 0.43566176470588236 0.7735906862745098 0.027369281045751634 0.020833333333333332
1 0.48447712418300654 0.3552389705882353 0.02042483660130719 0.014399509803921568
1 0.5735294117647058 0.5061274509803921 0.02287581699346405 0.01715686274509804
1 0.704452614379085 0.6833639705882353 0.023284313725490197 0.01685049019607843
1 0.6368464052287581 0.6714154411764706 0.022058823529411766 0.01685049019607843
1 0.5524918300653595 0.41605392156862747 0.023284313725490197 0.015931372549019607
1 0.5053104575163399 0.48514093137254904 0.02369281045751634 0.017463235294117647
1 0.585171568627451 0.4244791666666667 0.025735294117647058 0.018688725490196078
1 0.4221813725490196 0.6302083333333334 0.023284313725490197 0.016544117647058824
1 0.16162990196078433 0.689594056372549 0.028325163398692812 0.021957720588235294
1 0.9193892973856209 0.37607230392156865 0.03649101307189542 0.029105392156862746
1 0.3084150326797386 0.5131740196078431 0.03104575163398693 0.02144607843137255
1 0.5504493464052288 0.7092524509803921 0.024918300653594773 0.017769607843137254
1 0.40638684640522876 0.30484068627450983 0.016205065359477126 0.011642156862745098
1 0.7232434640522876 0.5759803921568627 0.03145424836601307 0.022058823529411766
1 0.650531045751634 0.7434129901960784 0.024918300653594773 0.018075980392156864
1 0.5504493464052288 0.5903799019607843 0.028186274509803922 0.01838235294117647
1 0.5635212418300654 0.5652573529411765 0.02246732026143791 0.015318627450980392
1 0.14617442810457515 0.4030330882352941 0.024375 0.019301470588235295
1 0.5967463235294118 0.5538710171568627 0.02110702614379085 0.015830269607843138
0 0.7109885620915033 0.8529411764705882 0.02246732026143791 0.01715686274509804
1 0.10144199346405228 0.43474264705882354 0.030498366013071893 0.0196078431372549
1 0.5161356209150327 0.43765318627450983 0.024101307189542485 0.016237745098039217
1 0.659109477124183 0.7222732843137255 0.023284313725490197 0.018075980392156864
1 0.5661764705882353 0.47840073529411764 0.026143790849673203 0.018075980392156864
1 0.5986519607843137 0.5721507352941176 0.02246732026143791 0.015012254901960785
1 0.8441584967320261 0.45143995098039214 0.0363562091503268 0.02542892156862745
1 0.9842728758169934 0.2506127450980392 0.03145424836601307 0.02696078431372549
1 0.36008986928104575 0.4834558823529412 0.03308823529411765 0.024509803921568627
1 0.6076388888888888 0.46675857843137253 0.027369281045751634 0.01991421568627451
1 0.8129084967320261 0.6753982843137255 0.03104575163398693 0.021752450980392156
1 0.6854575163398693 0.4928002450980392 0.029411764705882353 0.02297794117647059
1 0.9850898692810458 0.17401960784313725 0.0298202614379085 0.03431372549019608
0 0.061274509803921566 0.7127757352941176 0.03349673202614379 0.023590686274509803
1 0.8484477124183006 0.4018075980392157 0.04003267973856209 0.03216911764705882
1 0.8944035947712419 0.36014093137254904 0.0363562091503268 0.027879901960784315
1 0.5649509803921569 0.42892156862745096 0.02369281045751634 0.016544117647058824
1 0.653390522875817 0.5147058823529411 0.03145424836601307 0.025122549019607844
1 0.6674836601307189 0.31204044117647056 0.03431372549019608 0.02542892156862745
1 0.8760212418300654 0.47074142156862747 0.03553921568627451 0.02665441176470588
1 0.758578431372549 0.41237745098039214 0.03758169934640523 0.026348039215686275
1 0.8041258169934641 0.3740808823529412 0.039624183006535946 0.03002450980392157
1 0.78125 0.5715379901960784 0.039624183006535946 0.030330882352941176
1 0.7046568627450981 0.5407475490196079 0.03676470588235294 0.026348039215686275
1 0.7142565359477124 0.3915441176470588 0.03227124183006536 0.025122549019607844
1 0.3139297385620915 0.47012867647058826 0.03799019607843137 0.02542892156862745
0 0.1736111111111111 0.8483455882352942 0.041666666666666664 0.032475490196078434
1 0.5442218137254903 0.4481204044117647 0.027986111111111114 0.019402573529411764
1 0.5702267156862745 0.3226102941176471 0.01790441176470588 0.011029411764705883
1 0.5700204248366013 0.3297594975490196 0.01667483660130719 0.011847426470588236
1 0.39786356209150325 0.3018795955882353 0.016315359477124182 0.010621936274509804
1 0.5854840686274511 0.43607077205882355 0.023909313725490197 0.01552389705882353
1 0.6080085784313726 0.5505514705882353 0.022389705882352944 0.016544117647058824
1 0.6924959150326797 0.5558624387254902 0.030416666666666665 0.020425857843137257
1 0.17636029411764706 0.6890318627450981 0.028374183006535946 0.02144607843137255