1 0.42544934640522875 0.20726102941176472 0.0298202614379085 0.021139705882352942
1 0.5541258169934641 0.27818627450980393 0.027369281045751634 0.024509803921568627
1 0.7303921568627451 0.2852328431372549 0.032679738562091505 0.02389705882352941
1 0.3607781862745098 0.06311274509803921 0.03609885620915033 0.024509803921568627
1 0.26333537581699346 0.06587009803921569 0.03729166666666667 0.027573529411764705
1 0.37906454248366017 0.08416513480392158 0.031004901960784315 0.02188419117647059
1 0.5591176470588235 0.09445006127450979 0.03980392156862745 0.027135416666666665
1 0.766311274509804 0.12854473039215686 0.02935457516339869 0.02056985294117647
1 0.8155698529411766 0.1493780637254902 0.02002859477124183 0.014442401960784314
1 0.8744607843137254 0.1338403799019608 0.017712418300653593 0.014004289215686274
1 0.4185437091503268 0.18325520833333334 0.03725081699346405 0.025824142156862746
1 0.5384579248366013 0.22662837009803924 0.02871323529411765 0.02494791666666667
1 0.4603084150326798 0.23568780637254902 0.03336192810457517 0.024071691176470587
1 0.5130106209150327 0.19905484068627452 0.037459150326797384 0.02801164215686275
1 0.805998774509804 0.33762254901960786 0.027030228758169936 0.02144607843137255
1 0.7864950980392157 0.35013939950980394 0.02723856209150327 0.02013174019607843
1 0.7616973039215686 0.3516283700980392 0.01849264705882353 0.01882046568627451
1 0.8216993464052288 0.36703431372549017 0.02411764705882353 0.02144607843137255
1 0.8498304738562092 0.3309696691176471 0.03054330065359477 0.027135416666666665
1 0.8882332516339869 0.35079656862745096 0.022381535947712417 0.02144607843137255
1 0.34549019607843134 0.3318014705882353 0.034934640522875815 0.024509803921568627
1 0.32080882352941176 0.37850183823529415 0.03785947712418301 0.019258578431372547
1 0.2758803104575163 0.3855912990196078 0.02153186274509804 0.01750612745098039
1 0.07603553921568627 0.26553768382352944 0.022169117647058825 0.015756740196078433
1 0.11664624183006536 0.2456234681372549 0.019240196078431374 0.012693014705882353
1 0.07913194444444445 0.1338403799019608 0.03734885620915033 0.029322916666666664
1 0.13697099673202615 0.07921875 0.048451797385620915 0.029761029411764707
1 0.1690706699346405 0.09550091911764706 0.030951797385620913 0.02188419117647059
1 0.24546977124183006 0.13576746323529412 0.03097222222222222 0.025824142156862746
1 0.08933823529411765 0.4009099264705882 0.02508169934640523 0.01750612745098039
1 0.015283905228758169 0.1630346200980392 0.030567810457516338 0.0319515931372549
1 0.036783088235294116 0.2209390318627451 0.0368014705882353 0.0319515931372549
1 0.08084967320261438 0.026567095588235296 0.035065359477124185 0.02188419117647059
1 0.24567810457516337 0.3477328431372549 0.0175 0.01838235294117647
1 0.4176327614379085 0.29105392156862747 0.0321609477124183 0.020833333333333332
0 0.05105392156862745 0.40058210784313725 0.013872549019607843 0.0070465686274509805
0 0.043090277777777776 0.42294730392156865 0.015102124183006535 0.009497549019607842
0 0.07106821895424836 0.4163602941176471 0.012234477124183006 0.00857843137254902
0 0.07660334967320262 0.42110906862745096 0.01104983660130719 0.0070465686274509805
0 0.10785539215686274 0.40900735294117646 0.012279411764705882 0.007352941176470588
0 0.13236928104575163 0.4111519607843137 0.014738562091503267 0.007965686274509803
0 0.18262050653594772 0.41253063725490197 0.013116830065359478 0.01011029411764706
0 0.15300040849673202 0.41881127450980393 0.014334150326797386 0.009191176470588236
0 0.14193423202614378 0.4231004901960784 0.015894607843137253 0.007965686274509803
0 0.16607434640522875 0.4413296568627451 0.018423202614379085 0.01011029411764706
0 0.19773692810457516 0.44669117647058826 0.0155718954248366 0.009191176470588236
0 0.19523488562091504 0.42723651960784315 0.013018790849673202 0.007659313725490196
0 0.20835988562091504 0.4247855392156863 0.014758986928104576 0.01133578431372549
0 0.2399611928104575 0.44056372549019607 0.01423611111111111 0.009191176470588236
0 0.24635416666666668 0.4352022058823529 0.013133169934640523 0.010723039215686275
0 0.23934844771241828 0.42754289215686275 0.012193627450980392 0.0070465686274509805
0 0.2701858660130719 0.41161151960784315 0.015861928104575162 0.008272058823529412
0 0.26351307189542483 0.4241727941176471 0.012320261437908497 0.010723039215686275
0 0.26494281045751633 0.43550857843137253 0.017630718954248364 0.008884803921568627
0 0.314297385620915 0.44393382352941174 0.019117647058823527 0.012867647058823529
0 0.31919934640522873 0.4212622549019608 0.01503267973856209 0.010416666666666666
0 0.3626981209150327 0.41099877450980393 0.012977941176470588 0.008884803921568627
0 0.3280637254901961 0.43887867647058826 0.012336601307189542 0.008272058823529412
0 0.28652369281045753 0.42386642156862747 0.010955882352941176 0.006433823529411764
0 0.2976266339869281 0.42401960784313725 0.012736928104575163 0.009191176470588236
0 0.4099775326797386 0.43137254901960786 0.016033496732026142 0.011029411764705883
0 0.4599080882352941 0.4181985294117647 0.013770424836601307 0.007965686274509803
0 0.4605208333333333 0.4212622549019608 0.013361928104575163 0.009191176470588236
0 0.4474509803921568 0.42754289215686275 0.011732026143790849 0.007659313725490196
0 0.3820996732026144 0.43014705882352944 0.010114379084967321 0.009191176470588236
0 0.35779616013071897 0.5306372549019608 0.021964869281045754 0.017769607843137254
0 0.4952389705882353 0.5105698529411765 0.022340686274509802 0.013174019607843137
0 0.15357434640522874 0.4882046568627451 0.01875 0.010723039215686275
0 0.053300653594771236 0.4635416666666667 0.02245098039215686 0.010416666666666666
0 0.01674428104575163 0.4419424019607843 0.01551470588235294 0.01011029411764706
0 0.047379493464052284 0.44332107843137253 0.013059640522875816 0.007965686274509803
0 0.6643954248366013 0.4944852941176471 0.024869281045751635 0.015318627450980392
0 0.9264113562091504 0.5765931372549019 0.03419526143790849 0.0196078431372549
0 0.7070792483660131 0.41452205882352944 0.014648692810457517 0.00857843137254902
0 0.733078022875817 0.4100796568627451 0.016809640522875816 0.008884803921568627
0 0.6777205882352941 0.3946078431372549 0.014754901960784312 0.007965686274509803
0 0.6613316993464052 0.4180453431372549 0.01465686274509804 0.0070465686274509805
1 0.7987724673202614 0.2956495098039216 0.033819444444444444 0.026348039215686275
1 0.9641115196078431 0.24586397058823528 0.02871323529411765 0.02297794117647059
1 0.9488766339869281 0.24034926470588236 0.03174019607843137 0.01991421568627451
1 0.9014971405228758 0.3241421568627451 0.021131535947712415 0.016544117647058824
1 0.6852205882352942 0.3566360294117647 0.03792483660130719 0.019644607843137256
1 0.6919852941176471 0.36319546568627453 0.039199346405228756 0.025410539215686274