0 0.9709967320261438 0.6631433823529411 0.015522875816993464 0.01133578431372549
1 0.43586601307189543 0.5974264705882353 0.01715686274509804 0.011642156862745098
0 0.9291258169934641 0.6836703431372549 0.024101307189542485 0.015012254901960785
1 0.5451388888888888 0.37025122549019607 0.024918300653594773 0.016237745098039217
1 0.7064950980392157 0.3131127450980392 0.02165032679738562 0.015318627450980392
1 0.2834967320261438 0.39736519607843135 0.02369281045751634 0.01838235294117647
1 0.5734783496732027 0.32961856617647056 0.0170547385620915 0.01095281862745098
1 0.5689603758169934 0.3367218137254902 0.01618872549019608 0.011066176470588234
1 0.4513888888888889 0.5314031862745098 0.0196078431372549 0.012561274509803922
0 0.8141339869281046 0.8550857843137255 0.02696078431372549 0.01715686274509804
1 0.36968954248366015 0.6326776960784314 0.017973856209150325 0.014129901960784313
1 0.5416666666666666 0.33113051470588234 0.022058823529411766 0.017040441176470588
1 0.6577062908496732 0.671109068627451 0.02374591503267974 0.01685049019607843
1 0.45588235294117646 0.6318933823529411 0.02369281045751634 0.015012254901960785
1 0.4019607843137255 0.5238970588235294 0.0196078431372549 0.014705882352941176
1 0.5672753267973857 0.44563725490196077 0.01772058823529412 0.016274509803921568
1 0.49264705882352944 0.3157751225490196 0.01715686274509804 0.012677696078431373
1 0.659109477124183 0.3069852941176471 0.020833333333333332 0.013480392156862746
1 0.5310457516339869 0.7247242647058824 0.021241830065359478 0.014399509803921568
1 0.4979575163398693 0.43183210784313725 0.02369281045751634 0.013786764705882353
1 0.5933415032679739 0.35079656862745096 0.01919934640522876 0.013480392156862746
0 0.6440972222222222 0.7959941789215687 0.027573529411764705 0.02029718137254902
0 0.9861111111111112 0.7002144607843137 0.027777777777777776 0.022365196078431373
1 0.5277777777777778 0.3284313725490196 0.01715686274509804 0.013480392156862746
1 0.5270894607843137 0.5952435661764706 0.019048202614379086 0.014629289215686275
1 0.5241013071895425 0.7424938725490197 0.0196078431372549 0.016237745098039217
1 0.49060457516339867 0.34390318627450983 0.017973856209150325 0.011948529411764705
1 0.4227941176470588 0.5393688725490197 0.021241830065359478 0.014399509803921568
1 0.6214011437908497 0.5757889093137255 0.01894607843137255 0.014322916666666666
1 0.19219771241830066 0.7265625 0.03390522875816993 0.02542892156862745
1 0.2406045751633987 0.6392463235294118 0.041666666666666664 0.030330882352941176
1 0.5495057189542484 0.35028033088235294 0.020580065359477127 0.013060661764705883
1 0.6431781045751634 0.3347120098039216 0.024101307189542485 0.016237745098039217
0 0.7397875816993464 0.671875 0.024509803921568627 0.01838235294117647
1 0.5059232026143791 0.4563419117647059 0.020833333333333332 0.014399509803921568
0 0.6319444444444444 0.7772671568627451 0.02696078431372549 0.01838235294117647
1 0.2042483660130719 0.43612132352941174 0.02369281045751634 0.020526960784313725
1 0.5661764705882353 0.5413602941176471 0.026143790849673203 0.02022058823529412
1 0.28104575163398693 0.671875 0.03431372549019608 0.029411764705882353
1 0.34375 0.5433517156862745 0.027369281045751634 0.018688725490196078
0 0.6948529411764706 0.8062193627450981 0.03349673202614379 0.02297794117647059
1 0.44130514705882357 0.3949142156862745 0.026401143790849672 0.01838235294117647
1 0.4381127450980392 0.36887254901960786 0.025735294117647058 0.015931372549019607
0 0.7091503267973857 0.7075674019607843 0.02287581699346405 0.015625
1 0.1613562091503268 0.6979166666666666 0.035130718954248366 0.02696078431372549
1 0.5394199346405228 0.7389705882352942 0.020833333333333332 0.016544117647058824
1 0.43995098039215685 0.5104166666666666 0.024509803921568627 0.015931372549019607
1 0.571078431372549 0.3166360294117647 0.018790849673202614 0.015012254901960785
1 0.41013071895424835 0.6230085784313726 0.024509803921568627 0.019301470588235295
1 0.5553513071895425 0.31878063725490197 0.01919934640522876 0.014399509803921568
1 0.39828431372549017 0.41130514705882354 0.022058823529411766 0.017463235294117647
0 0.5684232026143791 0.8720894607843137 0.023284313725490197 0.018075980392156864
1 0.4861111111111111 0.33318014705882354 0.0196078431372549 0.013786764705882353
1 0.3737745098039216 0.4814644607843137 0.031862745098039214 0.023590686274509803
1 0.5951797385620915 0.6115196078431373 0.02696078431372549 0.0196078431372549
1 0.5079656862745098 0.7797181372549019 0.027369281045751634 0.020833333333333332
1 0.653390522875817 0.5022977941176471 0.0363562091503268 0.02542892156862745
1 0.16339869281045752 0.4577205882352941 0.03594771241830065 0.028799019607843136
1 0.015318627450980392 0.3912377450980392 0.030637254901960783 0.03431372549019608
1 0.5674019607843137 0.5972732843137255 0.035130718954248366 0.024816176470588234
1 0.5723039215686274 0.703890931372549 0.03022875816993464 0.021752450980392156
1 0.3911356209150327 0.4496017156862745 0.023284313725490197 0.016237745098039217
0 0.19301470588235295 0.7268688725490197 0.03227124183006536 0.02297794117647059
1 0.05228758169934641 0.4013480392156863 0.03758169934640523 0.02696078431372549
1 0.8000408496732027 0.6720281862745098 0.04779411764705882 0.03400735294117647
1 0.2930964052287582 0.3082107843137255 0.04125816993464052 0.029411764705882353
0 0.8519199346405228 0.8255208333333334 0.03880718954248366 0.02665441176470588
1 0.4936683006535948 0.6416973039215687 0.03390522875816993 0.02420343137254902
0 0.3319035947712418 0.7636335784313726 0.026552287581699346 0.019301470588235295
1 0.3243464052287582 0.34129901960784315 0.035130718954248366 0.029411764705882353
1 0.044526143790849675 0.6852022058823529 0.03839869281045752 0.030330882352941176
1 0.5202205882352942 0.4459252450980392 0.026552287581699346 0.018688725490196078
1 0.2973856209150327 0.6217830882352942 0.03676470588235294 0.02849264705882353
0 0.7238562091503268 0.8172487745098039 0.04411764705882353 0.030330882352941176
1 0.3314950980392157 0.5137867647058824 0.030637254901960783 0.025122549019607844
0 0.889297385620915 0.8285845588235294 0.04003267973856209 0.03155637254901961
0 0.8709150326797386 0.796109068627451 0.042483660130718956 0.027879901960784315
1 0.06638071895424837 0.3460477941176471 0.03880718954248366 0.033394607843137254
1 0.2965686274509804 0.46231617647058826 0.031862745098039214 0.025122549019607844
1 0.08823529411764706 0.33318014705882354 0.0392156862745098 0.03155637254901961
1 0.64203022875817 0.5971966911764706 0.027524509803921567 0.01914828431372549
1 0.6191503267973857 0.6904304534313725 0.025065359477124183 0.019341299019607842
1 0.6009191176470589 0.6813143382352941 0.02455065359477124 0.017040441176470588
1 0.49854575163398696 0.5034083946078431 0.014248366013071896 0.011106004901960785
1 0.598202614379085 0.46308210784313725 0.01503267973856209 0.010723039215686275
1 0.4973999183006536 0.4898897058823529 0.01604166666666667 0.012254901960784314
1 0.6949121732026143 0.5990916053921569 0.026262254901960786 0.017423406862745097