1 0.27798202614379086 0.4362745098039216 0.02900326797385621 0.02022058823529412
1 0.43075980392156865 0.34206495098039214 0.020833333333333332 0.015625
1 0.11315359477124183 0.20128676470588236 0.021241830065359478 0.014705882352941176
1 0.5537173202614379 0.01884191176470588 0.03553921568627451 0.0272671568627451
1 0.01613562091503268 0.42463235294117646 0.023284313725490197 0.014705882352941176
1 0.5845588235294118 0.23159160539215684 0.03758169934640523 0.02629595588235294
0 0.659109477124183 0.4681372549019608 0.01511437908496732 0.010416666666666666
1 0.9844771241830066 0.01838235294117647 0.029411764705882353 0.018995098039215685
0 0.9697712418300654 0.4492953431372549 0.012254901960784314 0.008884803921568627
0 0.7289624183006536 0.4810049019607843 0.013480392156862746 0.009191176470588236
0 0.9252450980392157 0.41942401960784315 0.011437908496732025 0.007352941176470588
1 0.012050653594771242 0.4408700980392157 0.024101307189542485 0.02389705882352941
1 0.3925653594771242 0.35324754901960786 0.021241830065359478 0.015931372549019607
1 0.9276960784313726 0.1331188725490196 0.03676470588235294 0.023590686274509803
0 0.846609477124183 0.4430147058823529 0.014297385620915032 0.00857843137254902
0 0.8425245098039216 0.4319852941176471 0.01511437908496732 0.009191176470588236
1 0.6840277777777778 0.4820772058823529 0.027369281045751634 0.018688725490196078
0 0.8682598039215687 0.44515931372549017 0.013480392156862746 0.009191176470588236
0 0.7546977124183006 0.4178921568627451 0.012663398692810458 0.00857843137254902
0 0.8915441176470589 0.4446997549019608 0.012663398692810458 0.008272058823529412
1 0.03308823529411765 0.18152573529411764 0.03839869281045752 0.024816176470588234
0 0.9487336601307189 0.4497549019607843 0.01184640522875817 0.00857843137254902
0 0.9068627450980392 0.4263174019607843 0.012254901960784314 0.008272058823529412
0 0.9513888888888888 0.4224877450980392 0.012254901960784314 0.007965686274509803
0 0.9910130718954249 0.4209558823529412 0.013071895424836602 0.00980392156862745
1 0.9146241830065359 0.37331495098039214 0.0196078431372549 0.014399509803921568
0 0.778390522875817 0.49034926470588236 0.01511437908496732 0.010723039215686275
1 0.2079248366013072 0.02068014705882353 0.032679738562091505 0.024816176470588234
0 0.7773692810457516 0.47702205882352944 0.015522875816993464 0.010416666666666666
0 0.9285130718954249 0.47763480392156865 0.016339869281045753 0.010416666666666666
0 0.5600490196078431 0.4336703431372549 0.0196078431372549 0.013786764705882353
1 0.2048611111111111 0.4597120098039216 0.03227124183006536 0.0272671568627451
0 0.9113562091503268 0.46246936274509803 0.016339869281045753 0.010723039215686275
0 0.6480800653594772 0.4293811274509804 0.01919934640522876 0.013174019607843137
0 0.7271241830065359 0.5081188725490197 0.017973856209150325 0.011948529411764705
0 0.778390522875817 0.4050245098039216 0.015931372549019607 0.010416666666666666
1 0.08660130718954248 0.38296568627450983 0.032679738562091505 0.025122549019607844
1 0.159109477124183 0.42800245098039214 0.0298202614379085 0.022058823529411766
1 0.5053104575163399 0.09957107843137254 0.03676470588235294 0.02696078431372549
1 0.6078431372549019 0.34620098039215685 0.03349673202614379 0.025735294117647058
0 0.9805964052287581 0.47855392156862747 0.01511437908496732 0.010416666666666666
0 0.7800245098039216 0.4253982843137255 0.01511437908496732 0.01133578431372549
1 0.9199346405228758 0.2650122549019608 0.03104575163398693 0.0196078431372549
0 0.7267156862745098 0.5675551470588235 0.02287581699346405 0.015625
0 0.727328431372549 0.41590073529411764 0.017565359477124183 0.01133578431372549
1 0.7896241830065359 0.24540441176470587 0.04003267973856209 0.028799019607843136
1 0.9765114379084967 0.012408088235294117 0.04534313725490196 0.02420343137254902
0 0.6589052287581699 0.4497549019607843 0.022058823529411766 0.014093137254901961
0 0.7935049019607843 0.43014705882352944 0.016748366013071895 0.012867647058823529
1 0.11070261437908496 0.1132046568627451 0.03594771241830065 0.02849264705882353
1 0.22712418300653595 0.2800245098039216 0.0392156862745098 0.028799019607843136
1 0.8611111111111112 0.07659313725490197 0.04493464052287582 0.03002450980392157
1 0.3633578431372549 0.24463848039215685 0.03553921568627451 0.02542892156862745
1 0.6570669934640523 0.28079044117647056 0.0363562091503268 0.030330882352941176
0 0.8672385620915033 0.46982230392156865 0.02287581699346405 0.015012254901960785
1 0.15155228758169934 0.5208333333333334 0.04330065359477124 0.028799019607843136
1 0.5257352941176471 0.2962622549019608 0.04820261437908497 0.03370098039215686
1 0.8555964052287581 0.22778799019607843 0.034722222222222224 0.024816176470588234
1 0.639501633986928 0.14322916666666666 0.037173202614379085 0.0272671568627451
1 0.6337826797385621 0.3596813725490196 0.03390522875816993 0.024509803921568627
1 0.860702614379085 0.0545343137254902 0.03594771241830065 0.02267156862745098
1 0.3560049019607843 0.1645220588235294 0.04370915032679738 0.031862745098039214
1 0.3574346405228758 0.2107843137254902 0.04003267973856209 0.03002450980392157
1 0.7951388888888888 0.11504289215686274 0.04534313725490196 0.033394607843137254
1 0.6180555555555556 0.27941176470588236 0.04003267973856209 0.031862745098039214
1 0.25939542483660133 0.30269607843137253 0.04738562091503268 0.03370098039215686
1 0.2667483660130719 0.5208333333333334 0.041666666666666664 0.03002450980392157
1 0.957312091503268 0.30775122549019607 0.04125816993464052 0.02971813725490196
0 0.9266748366013072 0.6106004901960784 0.024918300653594773 0.016544117647058824
1 0.6437908496732027 0.3825061274509804 0.03431372549019608 0.02420343137254902
1 0.4054330065359477 0.0742953431372549 0.0494281045751634 0.0389093137254902
1 0.3539624183006536 0.36887254901960786 0.03880718954248366 0.02696078431372549
1 0.315359477124183 0.009037990196078432 0.04820261437908497 0.016237745098039217
1 0.8457924836601307 0.41360294117647056 0.03308823529411765 0.02267156862745098
1 0.4325980392156863 0.1568627450980392 0.042483660130718956 0.031862745098039214
1 0.6038562091503268 0.2932490808823529 0.039411764705882354 0.03012561274509804