1 0.12316176470588236 0.7463235294117647 0.01511437908496732 0.010416666666666666
1 0.01613562091503268 0.7450980392156863 0.023284313725490197 0.016544117647058824
1 0.2661356209150327 0.7371323529411765 0.02246732026143791 0.012867647058823529
1 0.4534313725490196 0.2922794117647059 0.0196078431372549 0.013480392156862746
1 0.43405228758169934 0.45848651960784315 0.0323202614379085 0.02542892156862745
0 0.4750816993464052 0.7218137254901961 0.02369281045751634 0.01715686274509804
1 0.1999591503267974 0.5758272058823529 0.01838235294117647 0.012561274509803922
1 0.16258169934640523 0.5231311274509803 0.017973856209150325 0.011948529411764705
1 0.4215686274509804 0.39200367647058826 0.02696078431372549 0.01991421568627451
1 0.009395424836601307 0.6978017769607843 0.018790849673202614 0.015088848039215686
1 0.028186274509803922 0.8053002450980392 0.024509803921568627 0.017463235294117647
1 0.2757352941176471 0.7297794117647058 0.014705882352941176 0.00980392156862745
0 0.6447099673202614 0.7223697916666667 0.017361111111111112 0.009690563725490195
1 0.09311274509803921 0.6754181985294118 0.016290849673202615 0.01137561274509804
1 0.08762254901960784 0.4094669117647059 0.024101307189542485 0.015012254901960785
1 0.39034313725490194 0.47353707107843135 0.03150326797385621 0.02611825980392157
1 0.1854575163398693 0.7256433823529411 0.017973856209150325 0.012561274509803922
1 0.35580065359477125 0.5798100490196079 0.02369281045751634 0.016237745098039217
1 0.21691176470588236 0.7633272058823529 0.021241830065359478 0.015012254901960785
1 0.08680555555555555 0.7624080882352942 0.024101307189542485 0.015625
1 0.17095588235294118 0.7893688725490197 0.020016339869281044 0.013786764705882353
1 0.27593954248366015 0.5807291666666666 0.024918300653594773 0.018075980392156864
1 0.6823937908496732 0.47089460784313725 0.020016339869281044 0.01715686274509804
1 0.08231209150326797 0.7444852941176471 0.01838235294117647 0.012254901960784314
1 0.06985294117647059 0.6752450980392157 0.014705882352941176 0.012254901960784314
1 0.0763888888888889 0.5130208333333334 0.0196078431372549 0.013174019607843137
1 0.10753676470588236 0.44152113970588236 0.018995098039215685 0.015395220588235295
1 0.3915441176470588 0.6331188725490197 0.02165032679738562 0.015625
1 0.19975490196078433 0.7063419117647058 0.015522875816993464 0.01133578431372549
0 0.20526960784313725 0.8877144607843137 0.016748366013071895 0.014399509803921568
1 0.15706699346405228 0.5517769607843137 0.017565359477124183 0.011642156862745098
1 0.14358660130718953 0.7400428921568627 0.01511437908496732 0.01133578431372549
1 0.15849673202614378 0.7234987745098039 0.016339869281045753 0.013786764705882353
1 0.15849673202614378 0.6950061274509803 0.014705882352941176 0.01133578431372549
1 0.38991013071895425 0.5226133578431372 0.027369281045751634 0.02255514705882353
1 0.09415849673202614 0.7103247549019608 0.015931372549019607 0.01133578431372549
1 0.056372549019607844 0.6855085784313726 0.01715686274509804 0.011948529411764705
1 0.2142565359477124 0.5024509803921569 0.020016339869281044 0.016544117647058824
1 0.14297385620915032 0.6344975490196079 0.018790849673202614 0.014705882352941176
1 0.29268790849673204 0.7325367647058824 0.015931372549019607 0.011642156862745098
1 0.27481617647058826 0.5592248774509804 0.02920751633986928 0.02408700980392157
1 0.1650326797385621 0.6326593137254902 0.02287581699346405 0.015931372549019607
1 0.18075980392156862 0.5640318627450981 0.016748366013071895 0.012254901960784314
1 0.1301062091503268 0.5367647058823529 0.020833333333333332 0.014705882352941176
1 0.20059640522875818 0.773187806372549 0.023741830065359477 0.01635110294117647
1 0.1687091503267974 0.7714460784313726 0.02042483660130719 0.015318627450980392
1 0.20322712418300654 0.5451899509803921 0.020833333333333332 0.015012254901960785
1 0.12252450980392157 0.512311580882353 0.019558823529411767 0.012368259803921568
1 0.6409313725490197 0.31878063725490197 0.02696078431372549 0.020526960784313725
1 0.1170343137254902 0.5431985294117647 0.020833333333333332 0.015318627450980392
1 0.2920751633986928 0.6162683823529411 0.022058823529411766 0.016237745098039217
1 0.20915032679738563 0.5738357843137255 0.0196078431372549 0.014093137254901961
1 0.16102532679738563 0.40963848039215683 0.024665032679738564 0.01596813725490196
1 0.39841094771241825 0.44621323529411766 0.03375 0.027230392156862744
1 0.0234375 0.43575827205882356 0.017463235294117647 0.014286151960784315
0 0.23631535947712418 0.8886335784313726 0.017565359477124183 0.015625
0 0.36703431372549017 0.7132352941176471 0.016748366013071895 0.011642156862745098
1 0.10866013071895425 0.6501225490196079 0.0196078431372549 0.014705882352941176
1 0.14767156862745098 0.5683210784313726 0.01919934640522876 0.015931372549019607
1 0.7510212418300654 0.43275122549019607 0.024918300653594773 0.01991421568627451
1 0.09783496732026144 0.6690977328431372 0.016748366013071895 0.012215073529411764
1 0.11315359477124183 0.5597426470588235 0.0196078431372549 0.012867647058823529
0 0.9138071895424836 0.7890625 0.022058823529411766 0.014399509803921568
1 0.1729983660130719 0.515625 0.020016339869281044 0.015318627450980392
1 0.07945261437908496 0.5563725490196079 0.020833333333333332 0.015318627450980392
1 0.24693627450980393 0.7115502450980392 0.020016339869281044 0.014399509803921568
1 0.03239991830065359 0.3930177696078431 0.014963235294117649 0.011525735294117646
1 0.255718954248366 0.6683517156862745 0.031862745098039214 0.021139705882352942
0 0.7034313725490197 0.9908088235294118 0.03839869281045752 0.01838235294117647
1 0.14133986928104575 0.5119485294117647 0.02042483660130719 0.016544117647058824
1 0.11090686274509803 0.5019914215686274 0.02246732026143791 0.016237745098039217
1 0.5212418300653595 0.35018382352941174 0.026143790849673203 0.02022058823529412
1 0.7256944444444444 0.703125 0.026552287581699346 0.02022058823529412
1 0.47058823529411764 0.3746936274509804 0.029411764705882353 0.023284313725490197
1 0.24244281045751634 0.47012867647058826 0.03227124183006536 0.02420343137254902
1 0.19955065359477125 0.40517769607843135 0.034722222222222224 0.02297794117647059
1 0.09293300653594772 0.5059742647058824 0.024101307189542485 0.018688725490196078
1 0.5790441176470589 0.36734068627450983 0.03145424836601307 0.026348039215686275
1 0.18566176470588236 0.6073835784313726 0.030637254901960783 0.021139705882352942
1 0.26266339869281047 0.6332720588235294 0.03104575163398693 0.025735294117647058
1 0.3533496732026144 0.4840686274509804 0.03104575163398693 0.02389705882352941
1 0.11619281045751634 0.5153370098039215 0.01915032679738562 0.013517156862745097
1 0.22242647058823528 0.6329656862745098 0.03227124183006536 0.027573529411764705
1 0.5522875816993464 0.5104166666666666 0.03022875816993464 0.024509803921568627
1 0.26919934640522875 0.4918811274509804 0.031862745098039214 0.022365196078431373
1 0.8274101307189542 0.4996936274509804 0.0363562091503268 0.028799019607843136
1 0.3541666666666667 0.3020833333333333 0.03349673202614379 0.02696078431372549
1 0.144812091503268 0.6150428921568627 0.024101307189542485 0.018688725490196078
1 0.3897058823529412 0.5394653799019608 0.03022875816993464 0.026847426470588232
1 0.45812908496732024 0.41253063725490197 0.03390522875816993 0.02849264705882353
1 0.27144607843137253 0.46231617647058826 0.03145424836601307 0.02389705882352941
1 0.4895343137254902 0.4661841299019608 0.027271241830065362 0.024892769607843136
1 0.13996527777777779 0.7768841911764706 0.020126633986928107 0.014552696078431373
0 0.058198529411764705 0.7852910539215686 0.014272875816993463 0.010533088235294119
1 0.17215890522875818 0.5218673406862745 0.022422385620915034 0.014935661764705883
1 0.11066176470588235 0.5377987132352942 0.021160130718954246 0.014935661764705883
1 0.02784109477124183 0.3999494485294117 0.01810049019607843 0.01129595588235294