1 0.4048202614379085 0.30974264705882354 0.02696078431372549 0.016544117647058824
1 0.2604166666666667 0.3193933823529412 0.02900326797385621 0.020526960784313725
1 0.7716503267973857 0.32506127450980393 0.03349673202614379 0.018995098039215685
1 0.6595179738562091 0.32858455882352944 0.026552287581699346 0.019301470588235295
1 0.027777777777777776 0.3322610294117647 0.027777777777777776 0.01685049019607843
1 0.1482843137254902 0.3368566176470588 0.026143790849673203 0.019301470588235295
1 0.13848039215686275 0.35079656862745096 0.02042483660130719 0.01838235294117647
1 0.24979575163398693 0.36106004901960786 0.024101307189542485 0.016237745098039217
1 0.5061274509803921 0.3711703431372549 0.021241830065359478 0.018075980392156864
1 0.6623774509803921 0.37745098039215685 0.020833333333333332 0.0196078431372549
1 0.04840686274509804 0.3783700980392157 0.020016339869281044 0.01715686274509804
1 0.030841503267973858 0.3805147058823529 0.020833333333333332 0.014093137254901961
1 0.4877450980392157 0.3834252450980392 0.017973856209150325 0.017463235294117647
1 0.19873366013071894 0.38357843137254904 0.024101307189542485 0.01715686274509804
1 0.5631127450980392 0.3900122549019608 0.020016339869281044 0.017769607843137254
1 0.40604575163398693 0.3903186274509804 0.02287581699346405 0.01838235294117647
1 0.827001633986928 0.39568014705882354 0.03308823529411765 0.02297794117647059
1 0.03880718954248366 0.4071691176470588 0.02369281045751634 0.014093137254901961
1 0.8941993464052288 0.40762867647058826 0.022058823529411766 0.019301470588235295
1 0.6405228758169934 0.4088541666666667 0.021241830065359478 0.018688725490196078
1 0.0900735294117647 0.41651348039215685 0.01838235294117647 0.015012254901960785
1 0.051266339869281044 0.4260110294117647 0.026552287581699346 0.011948529411764705
1 0.041666666666666664 0.43673406862745096 0.028594771241830064 0.015012254901960785
1 0.7704248366013072 0.44546568627450983 0.02369281045751634 0.014093137254901961
1 0.2992238562091503 0.45067401960784315 0.02900326797385621 0.011642156862745098
1 0.5853758169934641 0.4528186274509804 0.022058823529411766 0.014093137254901961
1 0.6352124183006536 0.4528186274509804 0.01715686274509804 0.011642156862745098
1 0.571078431372549 0.46308210784313725 0.018790849673202614 0.013786764705882353
1 0.6143790849673203 0.4643075980392157 0.0196078431372549 0.015625
1 0.5053104575163399 0.47441789215686275 0.022058823529411766 0.016237745098039217
1 0.16666666666666666 0.4814644607843137 0.021241830065359478 0.018688725490196078
1 0.44505718954248363 0.4846813725490196 0.02246732026143791 0.018995098039215685
1 0.2113970588235294 0.48590686274509803 0.01919934640522876 0.01838235294117647
1 0.32516339869281047 0.48743872549019607 0.018790849673202614 0.016544117647058824
1 0.2346813725490196 0.4888174019607843 0.014297385620915032 0.015012254901960785
1 0.4150326797385621 0.4912683823529412 0.021241830065359478 0.018075980392156864
1 0.21691176470588236 0.4950980392156863 0.03022875816993464 0.014093137254901961
1 0.35232843137254904 0.49846813725490197 0.024101307189542485 0.022058823529411766
1 0.40318627450980393 0.5001531862745098 0.012254901960784314 0.018075980392156864
1 0.3909313725490196 0.5012254901960784 0.018790849673202614 0.015318627450980392
1 0.1227532679738562 0.5029105392156863 0.02165032679738562 0.01991421568627451
1 0.5428921568627451 0.5068933823529411 0.013888888888888888 0.013174019607843137
1 0.32802287581699346 0.5075061274509803 0.025326797385620915 0.021139705882352942
1 0.42810457516339867 0.5098039215686274 0.02042483660130719 0.01715686274509804
1 0.5155228758169934 0.5137867647058824 0.014705882352941176 0.010416666666666666
1 0.6111111111111112 0.5143995098039216 0.021241830065359478 0.015318627450980392
1 0.2971813725490196 0.5145526960784313 0.013480392156862746 0.015625
1 0.3929738562091503 0.5200674019607843 0.021241830065359478 0.013174019607843137
1 0.8897058823529411 0.5228247549019608 0.02042483660130719 0.018688725490196078
1 0.5870098039215687 0.5235906862745098 0.017973856209150325 0.015931372549019607
1 0.23508986928104575 0.5654105392156863 0.020833333333333332 0.016237745098039217
1 0.13174019607843138 0.5693933823529411 0.02165032679738562 0.015625
1 0.018790849673202614 0.5721507352941176 0.02696078431372549 0.018075980392156864
1 0.2426470588235294 0.5736825980392157 0.026143790849673203 0.018075980392156864
1 0.08272058823529412 0.5968137254901961 0.020833333333333332 0.015318627450980392
1 0.06209150326797386 0.5977328431372549 0.02042483660130719 0.017769607843137254
1 0.4650735294117647 0.6115196078431373 0.02900326797385621 0.0196078431372549
1 0.8443627450980392 0.6407781862745098 0.0392156862745098 0.03707107843137255
1 0.6811683006535948 0.6426164215686274 0.02900326797385621 0.026041666666666668
1 0.4207516339869281 0.6455269607843137 0.022058823529411766 0.0196078431372549
1 0.9822303921568627 0.6455269607843137 0.03553921568627451 0.030637254901960783
1 0.2128267973856209 0.6539522058823529 0.025326797385620915 0.01685049019607843
1 0.016544117647058824 0.6557904411764706 0.017565359477124183 0.01685049019607843
1 0.6188725490196079 0.6697303921568627 0.0196078431372549 0.013480392156862746
1 0.4513888888888889 0.6781556372549019 0.02369281045751634 0.018688725490196078
1 0.3813316993464052 0.6816789215686274 0.028186274509803922 0.024509803921568627
1 0.19158496732026145 0.6873468137254902 0.025326797385620915 0.015625
1 0.39358660130718953 0.6884191176470589 0.025735294117647058 0.025735294117647058
1 0.494281045751634 0.6887254901960784 0.017973856209150325 0.017769607843137254
1 0.1395016339869281 0.6890318627450981 0.024918300653594773 0.02389705882352941
1 0.20506535947712418 0.6943933823529411 0.03431372549019608 0.0272671568627451
1 0.3147467320261438 0.7098651960784313 0.023284313725490197 0.02267156862745098
0 0.588031045751634 0.711703431372549 0.013480392156862746 0.007352941176470588
0 0.6313316993464052 0.7152267156862745 0.012663398692810458 0.008884803921568627
1 0.28799019607843135 0.7156862745098039 0.026143790849673203 0.02144607843137255
1 0.34763071895424835 0.7173713235294118 0.021241830065359478 0.018075980392156864
0 0.6750408496732027 0.7184436274509803 0.020016339869281044 0.00857843137254902
0 0.5778186274509803 0.7207414215686274 0.013480392156862746 0.009497549019607842
1 0.25020424836601307 0.7208946078431373 0.02900326797385621 0.025735294117647058
0 0.7071078431372549 0.7210477941176471 0.0196078431372549 0.01011029411764706
0 0.474468954248366 0.7250306372549019 0.016748366013071895 0.01133578431372549
1 0.5326797385620915 0.7256433823529411 0.02369281045751634 0.023590686274509803
1 0.3553921568627451 0.7279411764705882 0.016339869281045753 0.012867647058823529
1 0.5265522875816994 0.7302389705882353 0.022058823529411766 0.021752450980392156
0 0.6877042483660131 0.7328431372549019 0.020016339869281044 0.011029411764705883
0 0.7173202614379085 0.7337622549019608 0.016339869281045753 0.014705882352941176
1 0.7734885620915033 0.7375919117647058 0.028186274509803922 0.022365196078431373
0 0.7363153594771242 0.7431066176470589 0.017565359477124183 0.011948529411764705
0 0.6783088235294118 0.7444852941176471 0.020016339869281044 0.011642156862745098
0 0.34477124183006536 0.7447916666666666 0.013071895424836602 0.007965686274509803
0 0.5610702614379085 0.7449448529411765 0.020016339869281044 0.013174019607843137
1 0.894812091503268 0.7493872549019608 0.04370915032679738 0.030637254901960783
1 0.28860294117647056 0.7522977941176471 0.024918300653594773 0.01991421568627451
1 0.9875408496732027 0.7535232843137255 0.024918300653594773 0.029105392156862746
0 0.6815767973856209 0.7555147058823529 0.01511437908496732 0.012867647058823529
1 0.5241013071895425 0.7602634803921569 0.022058823529411766 0.018688725490196078
1 0.10457516339869281 0.7616421568627451 0.017973856209150325 0.01838235294117647
0 0.5234885620915033 0.7662377450980392 0.023284313725490197 0.018995098039215685
0 0.09926470588235294 0.7689950980392157 0.014705882352941176 0.009191176470588236
0 0.4035947712418301 0.7715992647058824 0.02369281045751634 0.013174019607843137
1 0.45016339869281047 0.7723651960784313 0.026143790849673203 0.020833333333333332
1 0.0763888888888889 0.7766544117647058 0.017973856209150325 0.015318627450980392
1 0.1687091503267974 0.7778799019607843 0.016339869281045753 0.015318627450980392
1 0.25020424836601307 0.7846200980392157 0.020833333333333332 0.01838235294117647
0 0.7105800653594772 0.7867647058823529 0.020833333333333332 0.014705882352941176
0 0.6776960784313726 0.7896752450980392 0.017973856209150325 0.010723039215686275
0 0.7256944444444444 0.7905943627450981 0.01838235294117647 0.015625
1 0.3016748366013072 0.7979473039215687 0.023284313725490197 0.017463235294117647
1 0.2346813725490196 0.7981004901960784 0.020016339869281044 0.017769607843137254
0 0.7089460784313726 0.7982536764705882 0.024101307189542485 0.015012254901960785
0 0.5731209150326797 0.7994791666666666 0.017973856209150325 0.016237745098039217
1 0.20098039215686275 0.7994791666666666 0.0196078431372549 0.01685049019607843
0 0.684640522875817 0.805453431372549 0.02042483660130719 0.015931372549019607
0 0.16789215686274508 0.8100490196078431 0.01715686274509804 0.010416666666666666
1 0.9775326797385621 0.8106617647058824 0.032679738562091505 0.027573529411764705
0 0.06045751633986928 0.811734068627451 0.032679738562091505 0.021139705882352942
1 0.007965686274509803 0.8201593137254902 0.012663398692810458 0.013480392156862746
1 0.5116421568627451 0.8224571078431373 0.02165032679738562 0.018688725490196078
1 0.26205065359477125 0.8244485294117647 0.02900326797385621 0.022058823529411766
0 0.13276143790849673 0.8275122549019608 0.02287581699346405 0.012867647058823529
0 0.15604575163398693 0.8275122549019608 0.013071895424836602 0.011029411764705883
0 0.6948529411764706 0.8284313725490197 0.02369281045751634 0.014093137254901961
0 0.8982843137254902 0.8405330882352942 0.029411764705882353 0.020526960784313725
0 0.3647875816993464 0.8509497549019608 0.027777777777777776 0.016237745098039217
0 0.7387663398692811 0.8641237745098039 0.024101307189542485 0.020526960784313725
0 0.4021650326797386 0.8662683823529411 0.012663398692810458 0.009497549019607842
0 0.1068218954248366 0.8748468137254902 0.017565359477124183 0.015012254901960785
0 0.6268382352941176 0.8786764705882353 0.02165032679738562 0.017769607843137254
0 0.7060866013071896 0.8825061274509803 0.017565359477124183 0.018075980392156864
0 0.4415849673202614 0.8884803921568627 0.021241830065359478 0.0196078431372549
0 0.5625 0.922640931372549 0.021241830065359478 0.012561274509803922
0 0.5163398692810458 0.9255514705882353 0.0196078431372549 0.01715686274509804
0 0.027777777777777776 0.9338235294117647 0.02696078431372549 0.02389705882352941
0 0.9665032679738562 0.9379595588235294 0.03022875816993464 0.02542892156862745
0 0.02165032679738562 0.9414828431372549 0.025326797385620915 0.013480392156862746
0 0.38562091503267976 0.9517463235294118 0.02287581699346405 0.018688725490196078
0 0.6245915032679739 0.9664522058823529 0.02042483660130719 0.017463235294117647
0 0.006331699346405229 0.9748774509803921 0.011029411764705883 0.018995098039215685
1 0.6370506535947712 0.14751838235294118 0.02165032679738562 0.018688725490196078
1 0.7634803921568627 0.18305759803921567 0.027777777777777776 0.02542892156862745
1 0.8265931372549019 0.23100490196078433 0.01919934640522876 0.01715686274509804
1 0.5882352941176471 0.23360906862745098 0.0196078431372549 0.015625
1 0.5004084967320261 0.2536764705882353 0.0196078431372549 0.015318627450980392
1 0.05575980392156863 0.27512254901960786 0.027369281045751634 0.015931372549019607
1 0.20976307189542484 0.27941176470588236 0.013480392156862746 0.015318627450980392
1 0.10886437908496732 0.27971813725490197 0.017565359477124183 0.014093137254901961
1 0.13031045751633988 0.28017769607843135 0.024509803921568627 0.020526960784313725
1 0.23161764705882354 0.28278186274509803 0.021241830065359478 0.012867647058823529
1 0.5412581699346405 0.28737745098039214 0.025326797385620915 0.01715686274509804
1 0.028186274509803922 0.28890931372549017 0.027777777777777776 0.014705882352941176
1 0.8212826797385621 0.2916666666666667 0.028186274509803922 0.017769607843137254
1 0.7236519607843137 0.29610906862745096 0.034722222222222224 0.018688725490196078
1 0.9602369281045751 0.6314338235294118 0.042205882352941176 0.03370098039215686
1 0.7078186274509803 0.41605392156862747 0.025931372549019605 0.01838235294117647
1 0.8752818627450981 0.40778186274509803 0.027524509803921567 0.02022058823529412
1 0.8499571078431373 0.4261642156862745 0.03406454248366013 0.017769607843137254
1 0.834436274509804 0.3278186274509804 0.03243464052287582 0.01715686274509804
1 0.8837030228758169 0.3762254901960784 0.03537990196078431 0.022058823529411766
1 0.8499571078431373 0.3789828431372549 0.03243055555555555 0.02022058823529412
1 0.7641830065359477 0.2809436274509804 0.03245098039215686 0.018995098039215685
1 0.6931147875816993 0.29044117647058826 0.02756944444444444 0.01715686274509804
1 0.6359334150326797 0.2962622549019608 0.019415849673202614 0.015318627450980392
1 0.6230494281045751 0.2803308823529412 0.01897467320261438 0.015318627450980392
1 0.5938623366013073 0.17708333333333334 0.023508986928104575 0.015931372549019607
1 0.5967218137254903 0.1878063725490196 0.022691993464052287 0.015318627450980392
1 0.502937091503268 0.22028186274509803 0.023848039215686276 0.02144607843137255
1 0.6103860294117647 0.23682598039215685 0.01979166666666667 0.014093137254901961
1 0.6406168300653595 0.24724264705882354 0.02306372549019608 0.015318627450980392
1 0.7729861111111112 0.22916666666666666 0.03126633986928105 0.022058823529411766
1 0.622453022875817 0.24662990196078433 0.02186683006535948 0.02022058823529412
1 0.6050224673202614 0.2685355392156863 0.02540441176470588 0.01991421568627451
1 0.548094362745098 0.24421721813725492 0.025927287581699345 0.014169730392156863
1 0.4794260620915033 0.2500765931372549 0.023394607843137256 0.013020833333333334
1 0.33697916666666666 0.31027879901960786 0.024448529411764706 0.014552696078431373
1 0.35654411764705884 0.31276807598039214 0.027630718954248366 0.01953125
1 0.39300857843137255 0.3307674632352941 0.024579248366013072 0.01876531862745098
1 0.3707271241830065 0.3307674632352941 0.024950980392156864 0.0157015931372549
1 0.3375408496732026 0.3490732230392157 0.023937908496732028 0.014935661764705883
1 0.2741809640522876 0.32770373774509803 0.021401143790849675 0.0157015931372549
1 0.28367851307189546 0.3443627450980392 0.022422385620915034 0.01838235294117647
1 0.2086764705882353 0.3620557598039216 0.026013071895424837 0.01761642156862745
1 0.21720383986928105 0.34589460784313725 0.023459967320261437 0.015318627450980392
1 0.24327410130718952 0.3360140931372549 0.02249591503267974 0.014552696078431373
1 0.24732638888888892 0.3771829044117647 0.018345588235294117 0.011106004901960785
1 0.29480800653594774 0.37997855392156865 0.023439542483660133 0.01608455882352941
1 0.34872344771241826 0.37557444852941174 0.023427287581699346 0.016467524509803922
1 0.2479901960784314 0.41318167892156865 0.018856209150326795 0.012637867647058824
1 0.2878125 0.43018535539215685 0.02497140522875817 0.014169730392156863
1 0.3084395424836601 0.43118106617647056 0.020473856209150324 0.01799938725490196
1 0.32191789215686273 0.4019990808823529 0.027005718954248366 0.014169730392156863
1 0.36842933006535944 0.39020373774509803 0.024440359477124182 0.0157015931372549
1 0.46201593137254904 0.37526807598039214 0.022888071895424838 0.016467524509803922
1 0.4616074346405229 0.3991651348039216 0.026973039215686275 0.016467524509803922
1 0.5461029411764705 0.4300321691176471 0.020310457516339867 0.0157015931372549
1 0.5723978758169934 0.4231770833333333 0.01979575163398693 0.013020833333333334
1 0.4527226307189543 0.43558517156862747 0.027994281045751634 0.02068014705882353
1 0.4126429738562091 0.44443167892156865 0.029534313725490195 0.0157015931372549
1 0.44644199346405233 0.41942401960784315 0.028504901960784316 0.012254901960784314
1 0.17448529411764704 0.4914598651960784 0.018905228758169936 0.017233455882352942
1 0.5544771241830065 0.33988204656862747 0.030522875816993464 0.01799938725490196
1 0.5721425653594772 0.3297334558823529 0.027455065359477122 0.01608455882352941
1 0.5996609477124183 0.32816329656862747 0.022851307189542484 0.017233455882352942
1 0.584156454248366 0.38480392156862747 0.026156045751633987 0.02144607843137255
1 0.5453390522875817 0.3884420955882353 0.01878267973856209 0.013403799019607842
1 0.6423937908496732 0.33612898284313725 0.023349673202614378 0.014169730392156863
1 0.3882393790849673 0.6477864583333334 0.026478758169934637 0.014935661764705883
1 0.09167279411764706 0.46879442401960786 0.02975081699346405 0.01663296568627451
1 0.17458741830065358 0.4462530637254902 0.01747549019607843 0.008314950980392158
1 0.2514910130718954 0.4417447916666667 0.016870915032679738 0.010940563725490196
1 0.1594158496732026 0.41688572303921567 0.019812091503267973 0.012693014705882353
1 0.27474264705882356 0.7995174632352942 0.020890522875816993 0.0157015931372549
1 0.2506964869281046 0.7652803308823529 0.019366830065359476 0.016467524509803922
1 0.13374183006535947 0.7233455882352942 0.029738562091503266 0.01838235294117647
1 0.17731617647058823 0.6167723651960785 0.02048202614379085 0.013569240196078431
1 0.2698304738562091 0.29363204656862746 0.014334150326797386 0.012509191176470588
1 0.25815155228758174 0.2672334558823529 0.01875408496732026 0.009957107843137254
1 0.6010600490196079 0.6993458946078431 0.019113562091503267 0.013275122549019608
1 0.7418178104575164 0.7190824142156863 0.022034313725490196 0.01659620098039216
0 0.9015196078431373 0.7736933210784314 0.021176470588235297 0.011234681372549021
1 0.657608251633987 0.13919577205882352 0.010477941176470587 0.008170955882352941
1 0.6536601307189542 0.1426669730392157 0.009117647058823529 0.00714767156862745
1 0.40512867647058826 0.2836749387254902 0.030028594771241833 0.017104779411764706
1 0.45314746732026145 0.3544469975490196 0.024758986928104576 0.014041053921568626
1 0.15460988562091504 0.6620971200980392 0.022455065359477125 0.01659620098039216
1 0.16400326797385623 0.6777987132352942 0.018366013071895424 0.011234681372549021
0 0.2033169934640523 0.7854120710784314 0.015294117647058823 0.008936887254901962
0 0.2102512254901961 0.7348085171568627 0.009554738562091504 0.006381740196078431
1 0.31111315359477126 0.3245511642156863 0.021736111111111112 0.011234681372549021
1 0.29089460784313725 0.32950367647058826 0.015612745098039215 0.010723039215686275