1 0.343078022875817 0.25765931372549017 0.020306372549019607 0.016544117647058824
1 0.4259926470588235 0.22181372549019607 0.02273692810457516 0.0196078431372549
1 0.5497508169934641 0.16942401960784315 0.018619281045751633 0.016544117647058824
1 0.7158231209150326 0.013898590686274508 0.019064542483660133 0.016155024509803922
1 0.6793075980392157 0.06600949754901961 0.019562908496732027 0.012533700980392156
1 0.748625408496732 0.24075367647058826 0.01849264705882353 0.016433823529411765
1 0.8035069444444444 0.22897212009803922 0.019595588235294118 0.013091299019607842
1 0.764407679738562 0.07909926470588236 0.017377450980392155 0.01420343137254902
1 0.7613255718954248 0.05180453431372549 0.019383169934640523 0.014761029411764706
1 0.7782618464052288 0.07096660539215686 0.019758986928104575 0.011418504901960785
1 0.9908803104575165 0.29010110294117647 0.01852532679738562 0.017702205882352943
1 0.14749183006535949 0.15260723039215687 0.024558823529411765 0.0190625
1 0.433421160130719 0.04097732843137255 0.02207107843137255 0.014552696078431373
0 0.23803308823529412 0.3714001225490196 0.035706699346405225 0.01608455882352941
0 0.34776143790849673 0.3501577818627451 0.025588235294117648 0.017104779411764706
0 0.4108149509803921 0.4481969975490196 0.01607434640522876 0.010977328431372549
0 0.5666748366013072 0.4305560661764706 0.01406862745098039 0.011234681372549021
0 0.7847222222222222 0.41153492647058826 0.013888888888888888 0.009957107843137254
0 0.6443504901960784 0.37316176470588236 0.010923202614379084 0.009191176470588236
0 0.7247140522875817 0.3761749387254902 0.011519607843137254 0.006639093137254902