0 0.4861111111111111 0.7444852941176471 0.02042483660130719 0.013480392156862746
0 0.9417892156862745 0.40425857843137253 0.012663398692810458 0.007659313725490196
0 0.8382352941176471 0.4258578431372549 0.013888888888888888 0.009191176470588236
0 0.9111519607843137 0.2853860294117647 0.015931372549019607 0.01133578431372549
0 0.8944035947712419 0.4762561274509804 0.01838235294117647 0.01011029411764706
0 0.6180555555555556 0.43275122549019607 0.015522875816993464 0.010723039215686275
0 0.9910130718954249 0.43642769607843135 0.016339869281045753 0.01011029411764706
0 0.3625408496732026 0.43213848039215685 0.017565359477124183 0.01133578431372549
1 0.19980392156862745 0.3696966911764706 0.019705882352941177 0.016354166666666666
0 0.3174019607843137 0.5355392156862745 0.01715686274509804 0.013480392156862746
1 0.36580882352941174 0.27971813725490197 0.025735294117647058 0.018995098039215685
1 0.26723651960784317 0.38885723039215686 0.020584150326797387 0.016072303921568627
0 0.9812091503267973 0.4621629901960784 0.0196078431372549 0.012561274509803922
1 0.07924836601307189 0.17356004901960784 0.04656862745098039 0.03278186274509804
0 0.9254493464052288 0.4834558823529412 0.02165032679738562 0.013480392156862746
1 0.40584150326797386 0.25214460784313725 0.028186274509803922 0.017769607843137254
0 0.9556781045751634 0.5176164215686274 0.02246732026143791 0.013174019607843137
0 0.9185049019607843 0.4028799019607843 0.013480392156862746 0.00857843137254902
1 0.2973856209150327 0.42953431372549017 0.024509803921568627 0.01838235294117647
0 0.9650735294117647 0.47901348039215685 0.016748366013071895 0.01133578431372549
0 0.917687908496732 0.44286151960784315 0.015931372549019607 0.010723039215686275
0 0.9634395424836601 0.49402573529411764 0.017565359477124183 0.01011029411764706
0 0.8572303921568627 0.4175857843137255 0.012663398692810458 0.009191176470588236
0 0.9140114379084967 0.4569546568627451 0.01511437908496732 0.010723039215686275
0 0.006740196078431373 0.6364889705882353 0.012663398692810458 0.026041666666666668
0 0.9536356209150327 0.42754289215686275 0.015931372549019607 0.010723039215686275
0 0.9726307189542484 0.43275122549019607 0.016339869281045753 0.010723039215686275
0 0.9401552287581699 0.4417892156862745 0.017565359477124183 0.011642156862745098
1 0.19056372549019607 0.0274203431372549 0.0428921568627451 0.02971813725490196
1 0.02042483660130719 0.12408088235294118 0.04084967320261438 0.03615196078431373
0 0.8139297385620915 0.5154718137254902 0.025735294117647058 0.017463235294117647
0 0.2675653594771242 0.48483455882352944 0.025326797385620915 0.018688725490196078
1 0.39705882352941174 0.1957720588235294 0.03349673202614379 0.025735294117647058
0 0.4125816993464052 0.5484068627450981 0.027777777777777776 0.018995098039215685
1 0.02185457516339869 0.3408394607843137 0.0363562091503268 0.02420343137254902
1 0.38255718954248363 0.23345588235294118 0.03553921568627451 0.028799019607843136
1 0.22446895424836602 0.21599264705882354 0.0363562091503268 0.027573529411764705
1 0.12234477124183006 0.08302696078431372 0.044526143790849675 0.03308823529411765
1 0.14256535947712418 0.21354166666666666 0.041666666666666664 0.028186274509803922
1 0.19791666666666666 0.08379289215686274 0.044526143790849675 0.030943627450980393
1 0.2079799836601307 0.37330269607843136 0.018901143790849676 0.014375
1 0.25747753267973855 0.3672702205882353 0.016589052287581698 0.012726715686274509