1 0.7879901960784313 0.32199754901960786 0.0196078431372549 0.016544117647058824
1 0.7491830065359477 0.32659313725490197 0.042483660130718956 0.032475490196078434
1 0.9052287581699346 0.3325674019607843 0.021241830065359478 0.013174019607843137
1 0.6305147058823529 0.3527879901960784 0.0298202614379085 0.01991421568627451
1 0.38562091503267976 0.3550857843137255 0.03104575163398693 0.023284313725490197
1 0.5917075163398693 0.3671875 0.02165032679738562 0.020526960784313725
1 0.5714869281045751 0.36963848039215685 0.024509803921568627 0.017463235294117647
1 0.33578431372549017 0.3720894607843137 0.028594771241830064 0.02297794117647059
1 0.011233660130718954 0.37653186274509803 0.02246732026143791 0.0196078431372549
1 0.573937908496732 0.38587622549019607 0.032679738562091505 0.01991421568627451
1 0.6917892156862745 0.39215686274509803 0.03553921568627451 0.022058823529411766
1 0.7424428104575164 0.39215686274509803 0.02900326797385621 0.02389705882352941
1 0.04534313725490196 0.3935355392156863 0.03104575163398693 0.022365196078431373
1 0.3617238562091503 0.4146752450980392 0.025735294117647058 0.015012254901960785
1 0.11274509803921569 0.41911764705882354 0.018790849673202614 0.016544117647058824
1 0.12745098039215685 0.4192708333333333 0.022058823529411766 0.018075980392156864
1 0.6905637254901961 0.42003676470588236 0.034722222222222224 0.02389705882352941
1 0.24918300653594772 0.4221813725490196 0.03431372549019608 0.025735294117647058
1 0.27675653594771243 0.42401960784313725 0.03308823529411765 0.03125
1 0.5602532679738562 0.42493872549019607 0.027369281045751634 0.023284313725490197
1 0.37459150326797386 0.43045343137254904 0.017973856209150325 0.014093137254901961
1 0.36356209150326796 0.43795955882352944 0.014705882352941176 0.011948529411764705
1 0.6043709150326797 0.44347426470588236 0.020016339869281044 0.016237745098039217
1 0.5772058823529411 0.4569546568627451 0.021241830065359478 0.01991421568627451
1 0.22630718954248366 0.4652267156862745 0.01715686274509804 0.012561274509803922
1 0.6345996732026143 0.4693627450980392 0.027369281045751634 0.015931372549019607
1 0.0835375816993464 0.47058823529411764 0.025735294117647058 0.01715686274509804
1 0.32107843137254904 0.4915747549019608 0.024509803921568627 0.019301470588235295
1 0.238562091503268 0.4970894607843137 0.016339869281045753 0.011948529411764705
1 0.4089052287581699 0.5035232843137255 0.022058823529411766 0.014399509803921568
1 0.4838643790849673 0.5140931372549019 0.020016339869281044 0.014093137254901961
1 0.5079656862745098 0.5150122549019608 0.014297385620915032 0.009191176470588236
1 0.4415849673202614 0.5162377450980392 0.024509803921568627 0.016544117647058824
1 0.6491013071895425 0.5173100490196079 0.026143790849673203 0.01991421568627451
1 0.1744281045751634 0.5219056372549019 0.03839869281045752 0.0272671568627451
1 0.08884803921568628 0.5234375 0.0298202614379085 0.02542892156862745
1 0.5063316993464052 0.5286458333333334 0.017565359477124183 0.009497549019607842
1 0.43137254901960786 0.5295649509803921 0.03022875816993464 0.017463235294117647
1 0.4199346405228758 0.5367647058823529 0.021241830065359478 0.014093137254901961
1 0.7495915032679739 0.5519301470588235 0.029411764705882353 0.02420343137254902
1 0.33394607843137253 0.5568321078431373 0.026552287581699346 0.020526960784313725
1 0.41421568627450983 0.5672487745098039 0.022058823529411766 0.010723039215686275
1 0.9895833333333334 0.5674019607843137 0.020833333333333332 0.023284313725490197
1 0.2902369281045752 0.5730698529411765 0.027369281045751634 0.017463235294117647
1 0.6215277777777778 0.5816482843137255 0.028186274509803922 0.018688725490196078
1 0.4426062091503268 0.5902267156862745 0.02246732026143791 0.016237745098039217
1 0.33394607843137253 0.5911458333333334 0.027369281045751634 0.019301470588235295
1 0.9818218954248366 0.6070772058823529 0.023284313725490197 0.016237745098039217
1 0.4699754901960784 0.6475183823529411 0.020016339869281044 0.013174019607843137
0 0.5765931372549019 0.6577818627450981 0.014297385620915032 0.010416666666666666
0 0.0053104575163398695 0.6651348039215687 0.010620915032679739 0.009191176470588236
1 0.6343954248366013 0.6662071078431373 0.03104575163398693 0.023590686274509803
1 0.7765522875816994 0.6695772058823529 0.031862745098039214 0.02297794117647059
0 0.5578022875816994 0.6832107843137255 0.012663398692810458 0.011642156862745098
0 0.4229983660130719 0.6850490196078431 0.013480392156862746 0.010416666666666666
1 0.46895424836601307 0.6853553921568627 0.015522875816993464 0.011642156862745098
1 0.3290441176470588 0.6913296568627451 0.023284313725490197 0.015625
1 0.38766339869281047 0.6982230392156863 0.017973856209150325 0.013480392156862746
0 0.7138480392156863 0.7392769607843137 0.03308823529411765 0.023284313725490197
0 0.43647875816993464 0.7449448529411765 0.017565359477124183 0.012561274509803922
0 0.47732843137254904 0.7640931372549019 0.01838235294117647 0.012254901960784314
0 0.1736111111111111 0.7700674019607843 0.022058823529411766 0.01133578431372549
0 0.4540441176470588 0.7809436274509803 0.020016339869281044 0.016544117647058824
0 0.37173202614379086 0.7939644607843137 0.01715686274509804 0.013786764705882353
0 0.46200980392156865 0.8152573529411765 0.018790849673202614 0.012867647058823529
0 0.46425653594771243 0.8468137254901961 0.027369281045751634 0.020833333333333332
0 0.31270424836601307 0.8587622549019608 0.023284313725490197 0.012254901960784314
1 0.5322712418300654 0.22150735294117646 0.031862745098039214 0.018995098039215685
1 0.7506127450980392 0.22748161764705882 0.03145424836601307 0.02542892156862745
1 0.5561683006535948 0.24080882352941177 0.03227124183006536 0.02022058823529412
1 0.08762254901960784 0.25949754901960786 0.039624183006535946 0.03002450980392157
1 0.42994281045751637 0.27175245098039214 0.030637254901960783 0.015931372549019607
1 0.946078431372549 0.29181985294117646 0.027777777777777776 0.018688725490196078
1 0.7922794117647058 0.29580269607843135 0.024101307189542485 0.015625