1 0.9797794117647058 0.31112132352941174 0.023284313725490197 0.016237745098039217
1 0.24162581699346405 0.31173406862745096 0.03227124183006536 0.022365196078431373
1 0.6119281045751634 0.32797181372549017 0.026143790849673203 0.016237745098039217
1 0.369281045751634 0.34237132352941174 0.022058823529411766 0.021752450980392156
1 0.7828839869281046 0.3446691176470588 0.0298202614379085 0.024509803921568627
1 0.49468954248366015 0.38848039215686275 0.01715686274509804 0.02022058823529412
1 0.3449754901960784 0.39231004901960786 0.03145424836601307 0.021139705882352942
1 0.2930964052287582 0.39276960784313725 0.030637254901960783 0.02267156862745098
1 0.7969771241830066 0.40839460784313725 0.007352941176470588 0.00857843137254902
1 0.5296160130718954 0.4181985294117647 0.024101307189542485 0.01838235294117647
1 0.2916666666666667 0.44255514705882354 0.031862745098039214 0.021139705882352942
1 0.47794117647058826 0.44316789215686275 0.022058823529411766 0.016237745098039217
1 0.8339460784313726 0.44378063725490197 0.01838235294117647 0.014399509803921568
1 0.9348447712418301 0.4443933823529412 0.01838235294117647 0.013786764705882353
1 0.8180147058823529 0.44837622549019607 0.01838235294117647 0.01011029411764706
1 0.4536356209150327 0.4505208333333333 0.028186274509803922 0.019301470588235295
1 0.9447508169934641 0.5391390931372549 0.018586601307189542 0.012714460784313725
1 0.6734068627450981 0.5623468137254902 0.027369281045751634 0.012561274509803922
1 0.37806372549019607 0.5680147058823529 0.03390522875816993 0.025122549019607844
1 0.7943218954248366 0.6375612745098039 0.027369281045751634 0.02144607843137255
1 0.6066176470588235 0.655484068627451 0.02696078431372549 0.021139705882352942
1 0.07026143790849673 0.6822916666666666 0.04003267973856209 0.02696078431372549
1 0.17749183006535948 0.6988357843137255 0.03553921568627451 0.02267156862745098
0 0.38909313725490197 0.7466299019607843 0.01919934640522876 0.013480392156862746
1 0.3176062091503268 0.7564338235294118 0.037173202614379085 0.026348039215686275
0 0.7671568627450981 0.8002450980392157 0.016339869281045753 0.010416666666666666
1 0.20751633986928106 0.8077512254901961 0.04411764705882353 0.030943627450980393
0 0.6441993464052288 0.8079044117647058 0.02042483660130719 0.015318627450980392
0 0.8439542483660131 0.8190870098039216 0.026143790849673203 0.018075980392156864
1 0.015931372549019607 0.8276654411764706 0.028594771241830064 0.01991421568627451
0 0.829248366013072 0.8587622549019608 0.013888888888888888 0.012254901960784314
0 0.8641748366013072 0.8607536764705882 0.020833333333333332 0.021752450980392156
0 0.37540849673202614 0.8708639705882353 0.03022875816993464 0.02297794117647059
0 0.23039215686274508 0.8800551470588235 0.03022875816993464 0.01991421568627451
0 0.7308006535947712 0.9100796568627451 0.026143790849673203 0.014399509803921568
0 0.8237336601307189 0.9237132352941176 0.01838235294117647 0.02389705882352941
0 0.7514297385620915 0.9350490196078431 0.026552287581699346 0.014705882352941176
0 0.4910130718954248 0.9494485294117647 0.029411764705882353 0.022058823529411766
0 0.8186274509803921 0.9715073529411765 0.0196078431372549 0.010416666666666666
1 0.3545751633986928 0.26807598039215685 0.0196078431372549 0.015318627450980392
1 0.13214869281045752 0.2722120098039216 0.03145424836601307 0.021139705882352942
1 0.1017156862745098 0.27389705882352944 0.026143790849673203 0.014705882352941176
1 0.9638480392156863 0.30606617647058826 0.01838235294117647 0.014705882352941176
1 0.9887111928104574 0.348170955882353 0.01500408496732026 0.010067401960784313
1 0.6859946895424837 0.7701332720588235 0.025584150326797388 0.01882046568627451
1 0.9491441993464053 0.610779718137255 0.03227532679738562 0.018128063725490196
1 0.9949979575163399 0.6054947916666666 0.009603758169934641 0.01736213235294118
1 0.9840339052287581 0.4414828431372549 0.016270424836601308 0.015318627450980392
1 0.9107863562091504 0.44515931372549017 0.013566176470588236 0.009191176470588236