1 0.5271650326797386 0.33808210784313725 0.023284313725490197 0.01685049019607843
1 0.6002859477124183 0.3553921568627451 0.027369281045751634 0.01838235294117647
1 0.41421568627450983 0.36121323529411764 0.01715686274509804 0.012867647058823529
1 0.12888071895424835 0.3638174019607843 0.02246732026143791 0.013786764705882353
1 0.1111111111111111 0.38495710784313725 0.02369281045751634 0.013786764705882353
1 0.1781045751633987 0.38786764705882354 0.021241830065359478 0.014093137254901961
1 0.040236928104575166 0.3978247549019608 0.026552287581699346 0.01991421568627451
1 0.869281045751634 0.4100796568627451 0.014705882352941176 0.013174019607843137
1 0.1772875816993464 0.41299019607843135 0.0196078431372549 0.01715686274509804
1 0.20894607843137256 0.41973039215686275 0.026552287581699346 0.02022058823529412
1 0.9093137254901961 0.4206495098039216 0.015522875816993464 0.014093137254901961
1 0.9389297385620915 0.4264705882352941 0.01838235294117647 0.012867647058823529
1 0.0545343137254902 0.43704044117647056 0.026552287581699346 0.01685049019607843
1 0.9959150326797386 0.45128676470588236 0.008169934640522876 0.014705882352941176
1 0.9532271241830066 0.4522058823529412 0.01184640522875817 0.009191176470588236
1 0.8774509803921569 0.4540441176470588 0.016339869281045753 0.00857843137254902
1 0.9133986928104575 0.4554227941176471 0.013071895424836602 0.010723039215686275
1 0.21303104575163398 0.4710477941176471 0.01919934640522876 0.011948529411764705
1 0.19117647058823528 0.4831495098039216 0.02287581699346405 0.020833333333333332
1 0.42994281045751637 0.4973958333333333 0.027369281045751634 0.01991421568627451
1 0.917687908496732 0.5038296568627451 0.015931372549019607 0.011948529411764705
1 0.8737745098039216 0.5081188725490197 0.017973856209150325 0.013174019607843137
1 0.11519607843137254 0.5139399509803921 0.02369281045751634 0.013786764705882353
1 0.17524509803921567 0.5189950980392157 0.018790849673202614 0.01715686274509804
1 0.4252450980392157 0.5234375 0.026143790849673203 0.01991421568627451
1 0.14726307189542484 0.5669424019607843 0.02900326797385621 0.022365196078431373
1 0.22589869281045752 0.5790441176470589 0.03022875816993464 0.012254901960784314
1 0.7142565359477124 0.5799632352941176 0.026552287581699346 0.023284313725490197
1 0.9356617647058824 0.5825674019607843 0.014297385620915032 0.013786764705882353
1 0.6519607843137255 0.5911458333333334 0.026143790849673203 0.02420343137254902
1 0.2861519607843137 0.5991115196078431 0.028186274509803922 0.014399509803921568
1 0.8886846405228758 0.6325061274509803 0.015931372549019607 0.013786764705882353
1 0.8337418300653595 0.6544117647058824 0.014705882352941176 0.015318627450980392
0 0.2743055555555556 0.6674325980392157 0.017565359477124183 0.019301470588235295
0 0.3639705882352941 0.671109068627451 0.010620915032679739 0.011948529411764705
1 0.20710784313725492 0.6760110294117647 0.024509803921568627 0.017463235294117647
0 0.3539624183006536 0.6878063725490197 0.015931372549019607 0.015318627450980392
0 0.3372140522875817 0.6943933823529411 0.01838235294117647 0.013174019607843137
0 0.7093545751633987 0.6962316176470589 0.024918300653594773 0.018075980392156864
0 0.35294117647058826 0.7072610294117647 0.013888888888888888 0.013174019607843137
0 0.6544117647058824 0.7166053921568627 0.025326797385620915 0.015931372549019607
0 0.40155228758169936 0.7333026960784313 0.018790849673202614 0.016237745098039217
0 0.02022058823529412 0.7360600490196079 0.02165032679738562 0.01685049019607843
0 0.2681781045751634 0.7449448529411765 0.017565359477124183 0.016237745098039217
0 0.33312908496732024 0.7591911764705882 0.016748366013071895 0.01838235294117647
0 0.19464869281045752 0.7621017156862745 0.017565359477124183 0.01685049019607843
0 0.5018382352941176 0.7693014705882353 0.02165032679738562 0.020833333333333332
0 0.26123366013071897 0.7958026960784313 0.02165032679738562 0.01991421568627451
0 0.25306372549019607 0.8206188725490197 0.025735294117647058 0.022365196078431373
0 0.13480392156862744 0.8249080882352942 0.0196078431372549 0.017463235294117647
0 0.2800245098039216 0.8472732843137255 0.01919934640522876 0.017463235294117647
0 0.05800653594771242 0.8579963235294118 0.018790849673202614 0.01685049019607843
0 0.19076797385620914 0.8795955882352942 0.016339869281045753 0.014705882352941176
1 0.7965686274509803 0.9906556372549019 0.012254901960784314 0.013174019607843137
1 0.3741830065359477 0.2668504901960784 0.021241830065359478 0.011642156862745098
1 0.2842953431372549 0.632046568627451 0.020388071895424836 0.012254901960784314