0 0.6188725490196079 0.8340992647058824 0.03022875816993464 0.021139705882352942
0 0.6463725490196078 0.598624387254902 0.014967320261437909 0.007910539215686274
1 0.2949714052287582 0.43680300245098036 0.02540032679738562 0.019439338235294118
0 0.3984885620915033 0.7489276960784313 0.024101307189542485 0.014399509803921568
0 0.7232066993464052 0.6393857230392157 0.013406862745098039 0.00793811274509804
0 0.49816176470588236 0.7890625 0.028186274509803922 0.015012254901960785
0 0.9044117647058824 0.7097120098039216 0.018790849673202614 0.013174019607843137
0 0.36008986928104575 0.6121323529411765 0.016748366013071895 0.010416666666666666
0 0.41891339869281047 0.6188725490196079 0.020016339869281044 0.012254901960784314
0 0.6997549019607843 0.8118872549019608 0.021241830065359478 0.014705882352941176
0 0.2852798202614379 0.6161994485294118 0.01500408496732026 0.009972426470588235
1 0.6787173202614379 0.5425857843137255 0.01838235294117647 0.014093137254901961
1 0.6478941993464052 0.5880407475490196 0.017193627450980395 0.012478553921568627
0 0.5972222222222222 0.6148207720588236 0.013888888888888888 0.008440563725490196
1 0.6681699346405229 0.5873575367647059 0.017712418300653593 0.012337622549019609
1 0.6237193627450981 0.5600076593137255 0.015412581699346404 0.012172181372549018
0 0.29820261437908496 0.7787990196078431 0.027777777777777776 0.018995098039215685
0 0.6772875816993464 0.7231924019607843 0.02287581699346405 0.01685049019607843
1 0.4198611111111111 0.6090272671568627 0.017826797385620916 0.012784926470588234
1 0.7704248366013072 0.3782169117647059 0.02287581699346405 0.016237745098039217
0 0.3931781045751634 0.734375 0.02246732026143791 0.013480392156862746
1 0.8890931372549019 0.40824142156862747 0.028186274509803922 0.018688725490196078
0 0.32189542483660133 0.7809436274509803 0.02042483660130719 0.015931372549019607
0 0.35580065359477125 0.6329656862745098 0.016339869281045753 0.011029411764705883
0 0.9450571895424836 0.7738970588235294 0.02246732026143791 0.014705882352941176
0 0.2961049836601307 0.6224647671568627 0.017046568627450978 0.0108609068627451
0 0.8774509803921569 0.7601102941176471 0.025326797385620915 0.016544117647058824
1 0.6899142156862745 0.5700474877450981 0.020351307189542485 0.013256740196078433
0 0.4812091503267974 0.7299325980392157 0.024509803921568627 0.016237745098039217
0 0.40727124183006536 0.7251838235294118 0.021241830065359478 0.014093137254901961
1 0.04044117647058824 0.37775735294117646 0.04084967320261438 0.03370098039215686
0 0.30657679738562094 0.7294730392156863 0.023284313725490197 0.015931372549019607
0 0.852328431372549 0.6449142156862745 0.01838235294117647 0.013480392156862746
0 0.7624591503267973 0.8290441176470589 0.026552287581699346 0.01838235294117647
1 0.07595996732026143 0.1723345588235294 0.05714869281045752 0.04258578431372549
1 0.8553921568627451 0.4560355392156863 0.03022875816993464 0.021139705882352942
1 0.4491421568627451 0.5592830882352942 0.023284313725490197 0.01685049019607843
0 0.4791666666666667 0.7746629901960784 0.025326797385620915 0.018075980392156864
0 0.4736519607843137 0.6956188725490197 0.02246732026143791 0.016237745098039217
1 0.4668382352941176 0.3131816789215686 0.025179738562091502 0.017294730392156864
0 0.3582516339869281 0.7809436274509803 0.024509803921568627 0.01715686274509804
0 0.5505433006535948 0.7935049019607843 0.029191176470588234 0.0196078431372549
0 0.42749183006535946 0.7071078431372549 0.020833333333333332 0.015931372549019607
0 0.5146323529411765 0.7325919117647058 0.018643790849673204 0.014816176470588235
0 0.1781045751633987 0.5931372549019608 0.024509803921568627 0.015931372549019607
0 0.5141299019607842 0.7749004289215686 0.0233578431372549 0.018550857843137255
0 0.43852124183006536 0.6820128676470588 0.024101307189542485 0.0184375
1 0.46711601307189543 0.4016544117647059 0.02900326797385621 0.02022058823529412
0 0.36008986928104575 0.8036151960784313 0.03308823529411765 0.02389705882352941
1 0.5171568627450981 0.3515625 0.032679738562091505 0.022365196078431373
0 0.15359477124183007 0.6969975490196079 0.03676470588235294 0.025735294117647058
0 0.22140522875816993 0.7228860294117647 0.04330065359477124 0.03400735294117647
1 0.27555555555555555 0.5350382965686274 0.019248366013071894 0.013091299019607842
1 0.301844362745098 0.529466911764706 0.016270424836601308 0.01113970588235294
1 0.3207802287581699 0.5483792892156863 0.017377450980392155 0.0128125
1 0.359546568627451 0.5368489583333333 0.01402777777777778 0.01058517156862745
1 0.4082618464052287 0.5585447303921568 0.015870098039215685 0.011697303921568628
0 0.3533190359477124 0.624499080882353 0.01627859477124183 0.010027573529411764
0 0.2997385620915033 0.6359742647058824 0.017777777777777778 0.010306372549019609
0 0.12820874183006536 0.6024126838235294 0.01295343137254902 0.007521446078431373
0 0.3871752450980392 0.7619761029411766 0.02108251633986928 0.014761029411764706
0 0.74234272875817 0.7911381740196078 0.02145016339869281 0.013648897058823528
0 0.7998223039215686 0.7856786151960784 0.02366421568627451 0.015597426470588234
1 0.7069934640522876 0.550217524509804 0.017745098039215687 0.0128125
0 0.6823059640522876 0.6420450367647059 0.017389705882352943 0.011418504901960785
0 0.7920281862745098 0.6496492034313726 0.01624591503267974 0.009469975490196078
0 0.783376225490196 0.8184329044117646 0.013647875816993463 0.010027573529411764