1 0.03329248366013072 0.3935355392156863 0.03390522875816993 0.021139705882352942
1 0.6188725490196079 0.42493872549019607 0.03839869281045752 0.025122549019607844
1 0.3854166666666667 0.4365808823529412 0.024101307189542485 0.012867647058823529
1 0.5196078431372549 0.4724264705882353 0.026143790849673203 0.015318627450980392
1 0.33374183006535946 0.47962622549019607 0.03104575163398693 0.018688725490196078
1 0.3590686274509804 0.5018382352941176 0.027777777777777776 0.01715686274509804
1 0.3872549019607843 0.5113357843137255 0.029411764705882353 0.0196078431372549
1 0.37316176470588236 0.5131740196078431 0.037173202614379085 0.023284313725490197
0 0.6403186274509803 0.5235906862745098 0.015931372549019607 0.00980392156862745
1 0.1999591503267974 0.5337009803921569 0.026552287581699346 0.02389705882352941
0 0.7205882352941176 0.5367647058823529 0.015522875816993464 0.00980392156862745
0 0.6889297385620915 0.5378370098039216 0.01838235294117647 0.01011029411764706
0 0.8029003267973857 0.5379901960784313 0.01919934640522876 0.012254901960784314
0 0.6303104575163399 0.5405943627450981 0.02287581699346405 0.012561274509803922
0 0.34477124183006536 0.5413602941176471 0.014705882352941176 0.00980392156862745
0 0.8212826797385621 0.5419730392156863 0.016748366013071895 0.007965686274509803
0 0.5906862745098039 0.5451899509803921 0.021241830065359478 0.016237745098039217
0 0.2730800653594771 0.5471813725490197 0.012663398692810458 0.011642156862745098
0 0.3284313725490196 0.5503982843137255 0.01715686274509804 0.008272058823529412
0 0.16727941176470587 0.5536151960784313 0.01838235294117647 0.00857843137254902
0 0.16441993464052287 0.5566789215686274 0.010212418300653595 0.007965686274509803
0 0.30392156862745096 0.5577512254901961 0.015522875816993464 0.013174019607843137
0 0.7058823529411765 0.5612745098039216 0.02042483660130719 0.014705882352941176
0 0.6503267973856209 0.5641850490196079 0.02042483660130719 0.01685049019607843
0 0.6178513071895425 0.5657169117647058 0.020016339869281044 0.013786764705882353
1 0.19464869281045752 0.5742953431372549 0.02900326797385621 0.014399509803921568
0 0.03799019607843137 0.5845588235294118 0.017973856209150325 0.010416666666666666
0 0.13602941176470587 0.5854779411764706 0.027777777777777776 0.015931372549019607
0 0.3915441176470588 0.5935968137254902 0.020833333333333332 0.013174019607843137
0 0.670751633986928 0.5989583333333334 0.02042483660130719 0.017769607843137254
0 0.3492647058823529 0.6024816176470589 0.02042483660130719 0.016237745098039217
0 0.7843137254901961 0.6204044117647058 0.03022875816993464 0.026348039215686275
0 0.28165849673202614 0.6317401960784313 0.02900326797385621 0.015318627450980392
0 0.3480392156862745 0.6380208333333334 0.02287581699346405 0.015625
0 0.8568218954248366 0.7055759803921569 0.025735294117647058 0.02389705882352941
0 0.4479166666666667 0.7415747549019608 0.03799019607843137 0.026041666666666668
0 0.5093954248366013 0.7571997549019608 0.042483660130718956 0.022365196078431373
0 0.6396629901960784 0.5794010416666666 0.017888071895424837 0.011743259803921569
0 0.6629881535947711 0.6577818627450981 0.02287173202614379 0.015318627450980392
0 0.7003390522875818 0.5799463848039216 0.01832516339869281 0.01038296568627451