1 0.45159313725490197 0.5571384803921569 0.020833333333333332 0.012561274509803922
1 0.1582924836601307 0.4088541666666667 0.025735294117647058 0.015625
1 0.16830065359477125 0.5943627450980392 0.027777777777777776 0.02144607843137255
1 0.9926470588235294 0.37699142156862747 0.014705882352941176 0.014399509803921568
1 0.48513684640522875 0.364453125 0.021744281045751632 0.01567095588235294
1 0.058823529411764705 0.5343137254901961 0.018790849673202614 0.014705882352941176
1 0.9428104575163399 0.5306372549019608 0.017973856209150325 0.014093137254901961
1 0.7277369281045751 0.40548406862745096 0.023284313725490197 0.015012254901960785
1 0.7167075163398693 0.3944546568627451 0.023284313725490197 0.015625
0 0.10506331699346405 0.6371369485294117 0.02957107843137255 0.018759191176470586
1 0.4395424836601307 0.2619485294117647 0.017973856209150325 0.012254901960784314
1 0.43443627450980393 0.6254595588235294 0.01838235294117647 0.015012254901960785
1 0.3349673202614379 0.35952818627450983 0.021241830065359478 0.015012254901960785
1 0.9170751633986928 0.4206495098039216 0.02369281045751634 0.014705882352941176
0 0.8031045751633987 0.6666666666666666 0.013071895424836602 0.009191176470588236
1 0.4904309640522876 0.3967876838235294 0.02252859477124183 0.01722732843137255
0 0.821078431372549 0.6620710784313726 0.013071895424836602 0.009191176470588236
1 0.3993055555555556 0.24371936274509803 0.020016339869281044 0.016237745098039217
1 0.9934640522875817 0.5502450980392157 0.013071895424836602 0.0196078431372549
1 0.991421568627451 0.2778799019607843 0.01715686274509804 0.01715686274509804
0 0.6119281045751634 0.6381740196078431 0.0196078431372549 0.011642156862745098
1 0.5309681372549019 0.5633241421568628 0.02435457516339869 0.0175796568627451
1 0.9264705882352942 0.45481004901960786 0.021241830065359478 0.015625
1 0.5931372549019608 0.4255514705882353 0.02287581699346405 0.017769607843137254
1 0.34538398692810457 0.2935049019607843 0.024918300653594773 0.015931372549019607
1 0.37826797385620914 0.5517769607843137 0.0196078431372549 0.013480392156862746
0 0.3449754901960784 0.7374387254901961 0.025735294117647058 0.014705882352941176
1 0.4127859477124183 0.2420343137254902 0.02246732026143791 0.017769607843137254
0 0.9505718954248366 0.7533700980392157 0.02369281045751634 0.016544117647058824
0 0.30494281045751637 0.6989889705882353 0.020833333333333332 0.014399509803921568
1 0.21997549019607843 0.28860294117647056 0.020833333333333332 0.016544117647058824
1 0.6019199346405228 0.34512867647058826 0.023284313725490197 0.01685049019607843
1 0.5228758169934641 0.38434436274509803 0.024509803921568627 0.018688725490196078
0 0.7810457516339869 0.6392463235294118 0.01715686274509804 0.01133578431372549
1 0.46895424836601307 0.31862745098039214 0.022058823529411766 0.015931372549019607
1 0.2687908496732026 0.4489889705882353 0.026143790849673203 0.020526960784313725
1 0.8335375816993464 0.5038296568627451 0.026552287581699346 0.018075980392156864
0 0.125 0.7113970588235294 0.021241830065359478 0.015931372549019607
1 0.09211601307189543 0.46017156862745096 0.02246732026143791 0.015931372549019607
1 0.414624183006536 0.2653186274509804 0.02042483660130719 0.014705882352941176
0 0.39767156862745096 0.6983762254901961 0.02165032679738562 0.015012254901960785
1 0.32883986928104575 0.6291360294117647 0.02287581699346405 0.016237745098039217
1 0.8837826797385621 0.4967830882352941 0.023284313725490197 0.016237745098039217
1 0.24040032679738563 0.5726102941176471 0.02246732026143791 0.015318627450980392
0 0.8361928104575164 0.6427696078431373 0.02042483660130719 0.013480392156862746
1 0.28656045751633985 0.29963235294117646 0.024101307189542485 0.017769607843137254
1 0.4089052287581699 0.6006433823529411 0.026143790849673203 0.018075980392156864
0 0.22508169934640523 0.6936274509803921 0.02287581699346405 0.016544117647058824
1 0.09170751633986927 0.4885110294117647 0.024101307189542485 0.017463235294117647
1 0.23937908496732027 0.37576593137254904 0.02369281045751634 0.01685049019607843
1 0.3312908496732026 0.6092218137254902 0.025326797385620915 0.019301470588235295
1 0.1687091503267974 0.4479166666666667 0.02696078431372549 0.018995098039215685
1 0.025326797385620915 0.47089460784313725 0.03431372549019608 0.025122549019607844
1 0.8829656862745098 0.41268382352941174 0.024918300653594773 0.01838235294117647
0 0.08415032679738563 0.6767769607843137 0.03349673202614379 0.020833333333333332
1 0.4507761437908497 0.5386029411764706 0.03390522875816993 0.02267156862745098
0 0.35130718954248363 0.7068014705882353 0.025326797385620915 0.017769607843137254
1 0.8572303921568627 0.5669424019607843 0.02246732026143791 0.015625
1 0.3555964052287582 0.53125 0.025735294117647058 0.018995098039215685
1 0.5002042483660131 0.5908394607843137 0.0298202614379085 0.01991421568627451
1 0.5745506535947712 0.5801164215686274 0.027369281045751634 0.01991421568627451
0 0.7912581699346405 0.7181372549019608 0.02287581699346405 0.015931372549019607
0 0.4709967320261438 0.7170649509803921 0.026143790849673203 0.019301470588235295
1 0.35927287581699346 0.30453431372549017 0.024918300653594773 0.01838235294117647
0 0.6772875816993464 0.6853553921568627 0.024509803921568627 0.01715686274509804
1 0.380718954248366 0.585171568627451 0.024509803921568627 0.017769607843137254
0 0.8257761437908496 0.7190563725490197 0.024101307189542485 0.016544117647058824
0 0.176062091503268 0.7242647058823529 0.02696078431372549 0.018995098039215685
1 0.6848447712418301 0.48621323529411764 0.0298202614379085 0.02267156862745098
1 0.3786764705882353 0.5209865196078431 0.028594771241830064 0.021752450980392156
1 0.5164317810457516 0.510015318627451 0.018157679738562093 0.013903186274509805
1 0.4978635620915033 0.5279748774509804 0.023504901960784315 0.01673406862745098
1 0.48325367647058826 0.5313449754901961 0.018794934640522874 0.013670343137254902
0 0.10517973856209151 0.6428875612745099 0.02326797385620915 0.012490808823529412
0 0.7033946078431373 0.6101286764705882 0.016266339869281044 0.008247549019607843
0 0.09590686274509803 0.6059819240196078 0.0194281045751634 0.010370710784313725
1 0.11887459150326797 0.24066789215686274 0.014709967320261436 0.010134803921568626
0 0.7145220588235295 0.6294301470588235 0.01156045751633987 0.008247549019607843