1 0.582312091503268 0.3083639705882353 0.020833333333333332 0.020526960784313725
1 0.4569035947712418 0.32506127450980393 0.026552287581699346 0.020833333333333332
1 0.44199346405228757 0.3313419117647059 0.0196078431372549 0.01685049019607843
1 0.6345996732026143 0.3322610294117647 0.01511437908496732 0.015012254901960785
1 0.6064133986928104 0.33578431372549017 0.026552287581699346 0.01715686274509804
1 0.36499183006535946 0.34175857843137253 0.027369281045751634 0.017463235294117647
1 0.2937091503267974 0.34589460784313725 0.026143790849673203 0.016544117647058824
1 0.8316993464052288 0.35294117647058826 0.02369281045751634 0.01838235294117647
1 0.6685049019607843 0.3716299019607843 0.01838235294117647 0.013480392156862746
1 0.3082107843137255 0.37392769607843135 0.024918300653594773 0.018688725490196078
1 0.9393382352941176 0.38082107843137253 0.020016339869281044 0.014705882352941176
1 0.6697303921568627 0.3877144607843137 0.020016339869281044 0.01685049019607843
1 0.176062091503268 0.38893995098039214 0.02696078431372549 0.016237745098039217
1 0.9746732026143791 0.39338235294117646 0.018790849673202614 0.011029411764705883
1 0.32802287581699346 0.3993566176470588 0.02287581699346405 0.013174019607843137
1 0.8045343137254902 0.4065563725490196 0.01838235294117647 0.00857843137254902
1 0.21446078431372548 0.4068627450980392 0.024509803921568627 0.015931372549019607
1 0.2406045751633987 0.4100796568627451 0.015522875816993464 0.009497549019607842
1 0.8662173202614379 0.41559436274509803 0.02165032679738562 0.010723039215686275
1 0.4150326797385621 0.4183517156862745 0.031862745098039214 0.023590686274509803
1 0.9505718954248366 0.4336703431372549 0.01715686274509804 0.013174019607843137
1 0.8725490196078431 0.43566176470588236 0.03022875816993464 0.020833333333333332
1 0.8480392156862745 0.43765318627450983 0.035130718954248366 0.016237745098039217
1 0.926062091503268 0.4453125 0.013888888888888888 0.01011029411764706
1 0.9127859477124183 0.45006127450980393 0.015931372549019607 0.009191176470588236
1 0.8533496732026143 0.45266544117647056 0.02369281045751634 0.014399509803921568
1 0.6372549019607843 0.4568014705882353 0.025326797385620915 0.013480392156862746
1 0.9383169934640523 0.4621629901960784 0.014705882352941176 0.009497549019607842
1 0.7765522875816994 0.4661458333333333 0.025326797385620915 0.016237745098039217
1 0.6495098039215687 0.46675857843137253 0.02287581699346405 0.012561274509803922
1 0.340890522875817 0.46951593137254904 0.024101307189542485 0.023590686274509803
1 0.7794117647058824 0.47518382352941174 0.032679738562091505 0.012867647058823529
1 0.03839869281045752 0.4810049019607843 0.016339869281045753 0.010416666666666666
1 0.48427287581699346 0.4977022058823529 0.024101307189542485 0.022365196078431373
1 0.3929738562091503 0.5075061274509803 0.02369281045751634 0.021752450980392156
1 0.0690359477124183 0.5136335784313726 0.0196078431372549 0.013786764705882353
1 0.7314133986928104 0.5160845588235294 0.02900326797385621 0.018688725490196078
1 0.630718954248366 0.5205269607843137 0.02369281045751634 0.0196078431372549
1 0.7857434640522876 0.522671568627451 0.0298202614379085 0.0196078431372549
1 0.49407679738562094 0.5231311274509803 0.02165032679738562 0.017463235294117647
1 0.5870098039215687 0.5286458333333334 0.0196078431372549 0.017463235294117647
1 0.05024509803921569 0.5294117647058824 0.014705882352941176 0.011029411764705883
1 0.06004901960784314 0.5324754901960784 0.0196078431372549 0.013480392156862746
1 0.48651960784313725 0.5359987745098039 0.0196078431372549 0.012561274509803922
1 0.014093137254901961 0.5364583333333334 0.01838235294117647 0.011029411764705883
1 0.008782679738562092 0.5490196078431373 0.017565359477124183 0.011642156862745098
1 0.44750816993464054 0.5494791666666666 0.023284313725490197 0.020526960784313725
1 0.9930555555555556 0.5533088235294118 0.013888888888888888 0.011642156862745098
1 0.11029411764705882 0.5559129901960784 0.016339869281045753 0.012561274509803922
1 0.4438316993464052 0.5663296568627451 0.030637254901960783 0.015625
1 0.7818627450980392 0.5696997549019608 0.02369281045751634 0.017463235294117647
1 0.9636437908496732 0.5700061274509803 0.025326797385620915 0.018075980392156864
1 0.27941176470588236 0.5749080882352942 0.022058823529411766 0.013786764705882353
1 0.3852124183006536 0.5871629901960784 0.027777777777777776 0.01685049019607843
1 0.4464869281045752 0.5879289215686274 0.022058823529411766 0.015318627450980392
1 0.03329248366013072 0.5932904411764706 0.02165032679738562 0.014399509803921568
1 0.826797385620915 0.5955882352941176 0.02369281045751634 0.016544117647058824
1 0.05535130718954248 0.6003370098039216 0.014297385620915032 0.012561274509803922
1 0.3061683006535948 0.600796568627451 0.03308823529411765 0.0196078431372549
1 0.2763480392156863 0.6067708333333334 0.02900326797385621 0.018688725490196078
1 0.3527369281045752 0.6081495098039216 0.026552287581699346 0.018995098039215685
1 0.6200980392156863 0.6214767156862745 0.026143790849673203 0.021752450980392156
1 0.6452205882352942 0.6225490196078431 0.024918300653594773 0.02144607843137255
0 0.7491830065359477 0.625 0.015522875816993464 0.010416666666666666
1 0.8537581699346405 0.6263786764705882 0.02696078431372549 0.019301470588235295
1 0.3741830065359477 0.6276041666666666 0.028594771241830064 0.026041666666666668
1 0.6521650326797386 0.6312806372549019 0.02165032679738562 0.020526960784313725
1 0.556781045751634 0.6383272058823529 0.026143790849673203 0.021139705882352942
1 0.9808006535947712 0.6389399509803921 0.02287581699346405 0.015625
1 0.3854166666666667 0.6438419117647058 0.024918300653594773 0.018688725490196078
1 0.346609477124183 0.6484375 0.027369281045751634 0.012561274509803922
1 0.9166666666666666 0.6493566176470589 0.026143790849673203 0.018075980392156864
0 0.8909313725490197 0.6495098039215687 0.011437908496732025 0.007965686274509803
0 0.7495915032679739 0.6533394607843137 0.00980392156862745 0.01133578431372549
0 0.8539624183006536 0.6559436274509803 0.013480392156862746 0.010416666666666666
1 0.8298611111111112 0.657015931372549 0.01184640522875817 0.010723039215686275
1 0.22712418300653595 0.657015931372549 0.03104575163398693 0.020526960784313725
0 0.7587826797385621 0.6593137254901961 0.015931372549019607 0.013480392156862746
0 0.5686274509803921 0.6603860294117647 0.013071895424836602 0.01011029411764706
0 0.8029003267973857 0.6603860294117647 0.012663398692810458 0.008272058823529412
0 0.9818218954248366 0.6617647058823529 0.011029411764705883 0.00857843137254902
1 0.43423202614379086 0.6642156862745098 0.032679738562091505 0.02267156862745098
0 0.960171568627451 0.6697303921568627 0.017565359477124183 0.010416666666666666
1 0.6301062091503268 0.6724877450980392 0.02165032679738562 0.01838235294117647
1 0.26205065359477125 0.6737132352941176 0.024918300653594773 0.015931372549019607
0 0.8051470588235294 0.6747855392156863 0.013071895424836602 0.008272058823529412
1 0.6629901960784313 0.6763174019607843 0.02287581699346405 0.018688725490196078
0 0.8376225490196079 0.6776960784313726 0.01184640522875817 0.00857843137254902
0 0.8194444444444444 0.6786151960784313 0.013071895424836602 0.00857843137254902
0 0.8843954248366013 0.6858149509803921 0.015522875816993464 0.010723039215686275
0 0.9321895424836601 0.6859681372549019 0.014705882352941176 0.009191176470588236
0 0.997140522875817 0.6865808823529411 0.005718954248366013 0.006740196078431373
0 0.9528186274509803 0.6871936274509803 0.014297385620915032 0.009191176470588236
1 0.6384803921568627 0.6902573529411765 0.02287581699346405 0.020833333333333332
1 0.7875816993464052 0.6914828431372549 0.027777777777777776 0.01838235294117647
0 0.8513071895424836 0.7000612745098039 0.012254901960784314 0.011642156862745098
0 0.815359477124183 0.7089460784313726 0.017973856209150325 0.014705882352941176
0 0.7457107843137255 0.7150735294117647 0.013480392156862746 0.00980392156862745
0 0.8639705882352942 0.7175245098039216 0.014705882352941176 0.012254901960784314
0 0.7071078431372549 0.7199754901960784 0.012254901960784314 0.00980392156862745
0 0.9040032679738562 0.7199754901960784 0.013071895424836602 0.010416666666666666
0 0.6717728758169934 0.7265625 0.02165032679738562 0.017463235294117647
0 0.7453022875816994 0.7296262254901961 0.011029411764705883 0.009497549019607842
0 0.9846813725490197 0.7345281862745098 0.01511437908496732 0.01133578431372549
0 0.9648692810457516 0.7417279411764706 0.011437908496732025 0.00980392156862745
0 0.9808006535947712 0.7450980392156863 0.013071895424836602 0.011642156862745098
0 0.7050653594771242 0.7489276960784313 0.012254901960784314 0.011948529411764705
0 0.7792075163398693 0.7522977941176471 0.01511437908496732 0.013174019607843137
0 0.9470996732026143 0.7651654411764706 0.012663398692810458 0.0070465686274509805
0 0.9197303921568627 0.7660845588235294 0.014297385620915032 0.007659313725490196
0 0.9377042483660131 0.7732843137254902 0.01511437908496732 0.013480392156862746
1 0.28656045751633985 0.7772671568627451 0.034722222222222224 0.020833333333333332
1 0.3707107843137255 0.7797181372549019 0.02900326797385621 0.02144607843137255
0 0.7052696078431373 0.8112745098039216 0.015931372549019607 0.015318627450980392
0 0.9334150326797386 0.8238357843137255 0.013888888888888888 0.011642156862745098
0 0.8488562091503268 0.8497242647058824 0.02287581699346405 0.01685049019607843
0 0.9605800653594772 0.8527879901960784 0.017565359477124183 0.014399509803921568
0 0.13848039215686275 0.8622855392156863 0.029411764705882353 0.014399509803921568
1 0.6294934640522876 0.3049938725490196 0.017973856209150325 0.013174019607843137