0 0.13827614379084968 0.6737132352941176 0.01184640522875817 0.007352941176470588
0 0.06985294117647059 0.6746323529411765 0.013888888888888888 0.00857843137254902
1 0.6792728758169935 0.7251838235294118 0.024395424836601308 0.016544117647058824
0 0.2696078431372549 0.6643688725490197 0.013888888888888888 0.009497549019607842
0 0.20445261437908496 0.6665134803921569 0.011029411764705883 0.009497549019607842
0 0.2361111111111111 0.6582414215686274 0.011437908496732025 0.008272058823529412
1 0.3028125 0.5992861519607843 0.014938725490196078 0.010459558823529412
1 0.27961601307189543 0.7605698529411765 0.026552287581699346 0.020526960784313725
0 0.22732843137254902 0.6744791666666666 0.015931372549019607 0.009497549019607842
0 0.8338888888888889 0.6672135416666666 0.014183006535947711 0.009059436274509804
0 0.11499183006535947 0.7809436274509803 0.023284313725490197 0.012254901960784314
0 0.08905228758169935 0.6657475490196079 0.012254901960784314 0.007352941176470588
0 0.04534313725490196 0.9002757352941176 0.0196078431372549 0.01133578431372549
0 0.053513071895424834 0.6645220588235294 0.011437908496732025 0.006740196078431373
1 0.9434232026143791 0.7143075980392157 0.02246732026143791 0.015012254901960785
1 0.7717095588235294 0.47892616421568623 0.016458333333333332 0.01177389705882353
0 0.25919117647058826 0.6841299019607843 0.014297385620915032 0.00980392156862745
0 0.9930555555555556 0.6833639705882353 0.013888888888888888 0.010723039215686275
1 0.65625 0.3584558823529412 0.020833333333333332 0.014705882352941176
1 0.9714052287581699 0.3946078431372549 0.021241830065359478 0.014705882352941176
0 0.07148692810457516 0.6637561274509803 0.013071895424836602 0.007659313725490196
0 0.023488562091503268 0.7397365196078431 0.016748366013071895 0.010723039215686275
1 0.6133864379084967 0.43942555147058826 0.016805555555555556 0.011204044117647059
0 0.02042483660130719 0.7685355392156863 0.01715686274509804 0.011948529411764705
1 0.3858251633986928 0.4137561274509804 0.020016339869281044 0.015012254901960785
0 0.22426470588235295 0.7121629901960784 0.013888888888888888 0.01011029411764706
1 0.6548202614379085 0.5948223039215687 0.018790849673202614 0.015012254901960785
1 0.01082516339869281 0.5343137254901961 0.02165032679738562 0.0196078431372549
1 0.9372957516339869 0.4059436274509804 0.024918300653594773 0.017769607843137254
1 0.2710375816993464 0.5021446078431373 0.01838235294117647 0.013480392156862746
1 0.7434640522875817 0.3014705882352941 0.02042483660130719 0.015931372549019607
0 0.25163398692810457 0.6695772058823529 0.013888888888888888 0.01011029411764706
0 0.24363970588235292 0.7107398897058823 0.013423202614379084 0.009715073529411766
1 0.6323529411764706 0.4443933823529412 0.017973856209150325 0.012561274509803922
0 0.590890522875817 0.9177389705882353 0.02165032679738562 0.014399509803921568
0 0.006039624183006536 0.662858455882353 0.012079248366013071 0.009540441176470588
0 0.9928513071895425 0.7682291666666666 0.014297385620915032 0.013786764705882353
1 0.10069444444444445 0.45389093137254904 0.02246732026143791 0.015012254901960785
0 0.07209967320261437 0.8943014705882353 0.020016339869281044 0.014705882352941176
0 0.45098039215686275 0.6950061274509803 0.013888888888888888 0.010723039215686275
1 0.8116830065359477 0.44771905637254905 0.018790849673202614 0.013085171568627452
1 0.20547385620915032 0.5759803921568627 0.022058823529411766 0.014705882352941176
1 0.7453022875816994 0.42034313725490197 0.02246732026143791 0.015931372549019607
0 0.8026960784313726 0.7424938725490197 0.015522875816993464 0.010723039215686275
1 0.7863562091503268 0.5436580882352942 0.021241830065359478 0.014399509803921568
1 0.5573937908496732 0.41712622549019607 0.020833333333333332 0.014399509803921568
0 0.8212826797385621 0.8665747549019608 0.01838235294117647 0.015012254901960785
1 0.6580882352941176 0.5287990196078431 0.02042483660130719 0.014705882352941176
0 0.9910130718954249 0.7006740196078431 0.016339869281045753 0.012254901960784314
1 0.2397875816993464 0.6983762254901961 0.03022875816993464 0.020526960784313725
1 0.7544934640522876 0.34911151960784315 0.02287581699346405 0.015625
0 0.8108660130718954 0.7844669117647058 0.01715686274509804 0.011948529411764705
0 0.09436274509803921 0.7063419117647058 0.01715686274509804 0.01011029411764706
1 0.6627859477124183 0.75 0.024101307189542485 0.017769607843137254
1 0.6454248366013072 0.7213541666666666 0.02287581699346405 0.01685049019607843
1 0.5943627450980392 0.7210477941176471 0.024509803921568627 0.01685049019607843
0 0.9904003267973857 0.9001225490196079 0.01838235294117647 0.015931372549019607
0 0.9906045751633987 0.7334558823529411 0.01715686274509804 0.013480392156862746
0 0.35437091503267976 0.8020833333333334 0.016748366013071895 0.011642156862745098
0 0.008782679738562092 0.8105085784313726 0.015931372549019607 0.014399509803921568
0 0.471609477124183 0.7941176470588235 0.01838235294117647 0.013480392156862746
1 0.26000816993464054 0.5087316176470589 0.020016339869281044 0.015625
1 0.7038398692810458 0.36151960784313725 0.025326797385620915 0.0196078431372549
0 0.22181372549019607 0.8955269607843137 0.02696078431372549 0.015931372549019607
1 0.32107843137254904 0.5972732843137255 0.025326797385620915 0.018688725490196078
1 0.9665032679738562 0.6156556372549019 0.025326797385620915 0.018075980392156864
1 0.9370915032679739 0.2959558823529412 0.029411764705882353 0.02022058823529412
1 0.26572712418300654 0.31112132352941174 0.030637254901960783 0.021752450980392156
0 0.05371732026143791 0.8848039215686274 0.02900326797385621 0.018995098039215685
1 0.21119281045751634 0.3821997549019608 0.024509803921568627 0.017463235294117647
0 0.258374183006536 0.8918504901960784 0.024918300653594773 0.017769607843137254
0 0.5761846405228758 0.7849264705882353 0.020016339869281044 0.014705882352941176
0 0.8423202614379085 0.7596507352941176 0.016339869281045753 0.01133578431372549
1 0.7455065359477124 0.7352941176470589 0.02369281045751634 0.01715686274509804
1 0.13562091503267973 0.36611519607843135 0.02696078431372549 0.02022058823529412
1 0.9136029411764706 0.40379901960784315 0.027369281045751634 0.018995098039215685
1 0.5383986928104575 0.6141237745098039 0.022058823529411766 0.01685049019607843
0 0.8249591503267973 0.7561274509803921 0.01838235294117647 0.011642156862745098
1 0.3895016339869281 0.3428308823529412 0.028186274509803922 0.02144607843137255
1 0.1460375816993464 0.5363051470588235 0.030637254901960783 0.021752450980392156
1 0.6241830065359477 0.3939950980392157 0.02696078431372549 0.0196078431372549
1 0.10866013071895425 0.43275122549019607 0.03431372549019608 0.02420343137254902
1 0.4048202614379085 0.5514705882352942 0.032679738562091505 0.023284313725490197
0 0.6409313725490197 0.8803615196078431 0.02369281045751634 0.018075980392156864
0 0.9622140522875817 0.90625 0.024101307189542485 0.01715686274509804
0 0.15870098039215685 0.9004289215686274 0.030637254901960783 0.023284313725490197
1 0.7467544934640523 0.4312408088235294 0.02210375816993464 0.014442401960784314
1 0.8755187908496732 0.5298268995098039 0.020645424836601308 0.015536151960784315
1 0.8056392973856209 0.3190425857843137 0.02631127450980392 0.018599877450980393
0 0.6551491013071896 0.6757705269607843 0.01454656862745098 0.009629289215686274
0 0.006766748366013073 0.6846109068627452 0.013533496732026145 0.008314950980392158