1 0.39195261437908496 0.32215073529411764 0.020833333333333332 0.016237745098039217
1 0.9720179738562091 0.36534926470588236 0.04534313725490196 0.022365196078431373
1 0.8656045751633987 0.43566176470588236 0.03758169934640523 0.028186274509803922
1 0.9199346405228758 0.45297181372549017 0.031862745098039214 0.01685049019607843
1 0.5038807189542484 0.5071997549019608 0.024101307189542485 0.01991421568627451
1 0.46017156862745096 0.5073529411764706 0.024101307189542485 0.014705882352941176
1 0.26776960784313725 0.5180759803921569 0.020016339869281044 0.02022058823529412
1 0.6803513071895425 0.5562193627450981 0.028186274509803922 0.018075980392156864
1 0.6309232026143791 0.5608149509803921 0.034722222222222224 0.01685049019607843
1 0.5257352941176471 0.5877757352941176 0.02287581699346405 0.017463235294117647
1 0.6966911764705882 0.5980392156862745 0.025735294117647058 0.01838235294117647
1 0.21446078431372548 0.6479779411764706 0.02696078431372549 0.01838235294117647
1 0.4338235294117647 0.6608455882352942 0.028594771241830064 0.015318627450980392
0 0.2565359477124183 0.6744791666666666 0.013071895424836602 0.010723039215686275
1 0.08700980392156862 0.7061887254901961 0.02287581699346405 0.014705882352941176
0 0.39481209150326796 0.7083333333333334 0.017565359477124183 0.010416666666666666
0 0.5363562091503268 0.7140012254901961 0.013071895424836602 0.010723039215686275
1 0.835171568627451 0.7159926470588235 0.02165032679738562 0.018995098039215685
0 0.3464052287581699 0.7205882352941176 0.016339869281045753 0.009191176470588236
0 0.5618872549019608 0.7261029411764706 0.020833333333333332 0.011029411764705883
0 0.5890522875816994 0.7323835784313726 0.022058823529411766 0.013174019607843137
0 0.6070261437908496 0.7481617647058824 0.014705882352941176 0.013480392156862746
0 0.1227532679738562 0.7503063725490197 0.03553921568627451 0.025122549019607844
0 0.4054330065359477 0.7567401960784313 0.01511437908496732 0.009191176470588236
0 0.9758986928104575 0.7590379901960784 0.032679738562091505 0.022365196078431373
0 0.9070669934640523 0.7621017156862745 0.017565359477124183 0.015625
0 0.2922794117647059 0.7653186274509803 0.020833333333333332 0.013480392156862746
0 0.4076797385620915 0.7682291666666666 0.022058823529411766 0.018688725490196078
0 0.43933823529411764 0.774203431372549 0.01838235294117647 0.015931372549019607
0 0.6725898692810458 0.8221507352941176 0.030637254901960783 0.019301470588235295
0 0.8739787581699346 0.8319546568627451 0.0298202614379085 0.018075980392156864
0 0.9354575163398693 0.8583026960784313 0.03022875816993464 0.019301470588235295
0 0.9895833333333334 0.8740808823529411 0.020833333333333332 0.014093137254901961
0 0.0872140522875817 0.8759191176470589 0.024918300653594773 0.02144607843137255
0 0.4144199346405229 0.8817401960784313 0.020016339869281044 0.013480392156862746
0 0.6301062091503268 0.8923100490196079 0.017565359477124183 0.009497549019607842
0 0.09048202614379085 0.9013480392156863 0.03390522875816993 0.014093137254901961
0 0.36764705882352944 0.9042585784313726 0.026143790849673203 0.022365196078431373
0 0.5522875816993464 0.9044117647058824 0.02287581699346405 0.0196078431372549
0 0.622140522875817 0.9045649509803921 0.024509803921568627 0.022365196078431373
0 0.09681372549019608 0.9143688725490197 0.032679738562091505 0.020526960784313725
0 0.5700571895424836 0.9263174019607843 0.023284313725490197 0.01991421568627451
0 0.3819444444444444 0.9459252450980392 0.029411764705882353 0.02542892156862745
0 0.8063725490196079 0.9482230392156863 0.025326797385620915 0.017769607843137254
0 0.636437908496732 0.9508272058823529 0.029411764705882353 0.026041666666666668
1 0.44281045751633985 0.28952205882352944 0.01715686274509804 0.010416666666666666