1 0.6119281045751634 0.3786764705882353 0.015522875816993464 0.010416666666666666
1 0.5012254901960784 0.4502144607843137 0.018790849673202614 0.011948529411764705
1 0.9089052287581699 0.49984681372549017 0.017973856209150325 0.01133578431372549
1 0.8903186274509803 0.5049019607843137 0.012663398692810458 0.00857843137254902
1 0.7790032679738562 0.5384497549019608 0.017973856209150325 0.013174019607843137
1 0.8308823529411765 0.5583639705882353 0.016339869281045753 0.009497549019607842
1 0.7575571895424836 0.5911458333333334 0.014297385620915032 0.010723039215686275
1 0.9906045751633987 0.6053921568627451 0.015522875816993464 0.010416666666666666
1 0.9272875816993464 0.6159620098039216 0.01715686274509804 0.011948529411764705
1 0.8139297385620915 0.617953431372549 0.013480392156862746 0.011029411764705883
1 0.7800245098039216 0.6332720588235294 0.016748366013071895 0.010416666666666666
1 0.7853349673202614 0.6438419117647058 0.01511437908496732 0.01011029411764706
1 0.2822998366013072 0.31793811274509803 0.022933006535947712 0.014552696078431373
1 0.28076797385620916 0.30556832107843135 0.019869281045751634 0.011871936274509803
1 0.300625 0.3150658700980392 0.022001633986928105 0.014935661764705883
1 0.4310232843137255 0.6259574142156863 0.025445261437908498 0.014169730392156863
1 0.5961376633986928 0.6415824142156863 0.018255718954248365 0.014169730392156863
1 0.6144424019607843 0.6524586397058824 0.01646650326797386 0.012637867647058824
1 0.5739705882352941 0.514859068627451 0.013954248366013071 0.010723039215686275
1 0.5903329248366013 0.5236994485294117 0.0172671568627451 0.012472426470588235
1 0.5707312091503268 0.6005346200980393 0.018913398692810456 0.013569240196078431
1 0.48761233660130715 0.6266850490196079 0.020159313725490197 0.013786764705882353