1 0.3680555555555556 0.31142769607843135 0.042483660130718956 0.030330882352941176
1 0.8022875816993464 0.3714767156862745 0.024509803921568627 0.018688725490196078
1 0.6270424836601307 0.38434436274509803 0.049836601307189546 0.024816176470588234
1 0.3553921568627451 0.40732230392156865 0.0457516339869281 0.030943627450980393
1 0.6121323529411765 0.4131433823529412 0.054330065359477125 0.03462009803921569
1 0.7287581699346405 0.49417892156862747 0.016339869281045753 0.017769607843137254
1 0.6327614379084967 0.5147058823529411 0.049019607843137254 0.03615196078431373
1 0.559640522875817 0.5315563725490197 0.03349673202614379 0.032475490196078434
1 0.2512254901960784 0.5335477941176471 0.024509803921568627 0.01991421568627451
1 0.5508578431372549 0.563265931372549 0.03145424836601307 0.027879901960784315
1 0.8423202614379085 0.5917585784313726 0.02696078431372549 0.015625
1 0.43709150326797386 0.5998774509803921 0.03104575163398693 0.024509803921568627
1 0.7365196078431373 0.6150428921568627 0.01715686274509804 0.012561274509803922
1 0.9344362745098039 0.6243872549019608 0.016748366013071895 0.016544117647058824
1 0.4285130718954248 0.6321997549019608 0.0457516339869281 0.02971813725490196
1 0.3386437908496732 0.6392463235294118 0.035130718954248366 0.018075980392156864
1 0.3839869281045752 0.6585477941176471 0.02696078431372549 0.015625
1 0.3839869281045752 0.6776960784313726 0.026143790849673203 0.02022058823529412
0 0.215890522875817 0.7120098039215687 0.013480392156862746 0.007965686274509803
0 0.2908496732026144 0.7173713235294118 0.013071895424836602 0.01011029411764706
0 0.47998366013071897 0.7175245098039216 0.026143790849673203 0.016544117647058824
0 0.7167075163398693 0.7303921568627451 0.007761437908496732 0.006127450980392157
0 0.5449346405228758 0.7374387254901961 0.00980392156862745 0.014705882352941176
0 0.7107843137254902 0.7420343137254902 0.013071895424836602 0.0055147058823529415
0 0.7949346405228758 0.7455575980392157 0.015522875816993464 0.008884803921568627
0 0.36887254901960786 0.7475490196078431 0.031862745098039214 0.020833333333333332
0 0.8333333333333334 0.749234068627451 0.016339869281045753 0.01133578431372549
0 0.9309640522875817 0.749234068627451 0.018790849673202614 0.01133578431372549
0 0.8073937908496732 0.7530637254901961 0.01511437908496732 0.007352941176470588
0 0.9560866013071896 0.7550551470588235 0.012663398692810458 0.01133578431372549
0 0.6294934640522876 0.7734375 0.013888888888888888 0.007659313725490196
0 0.78125 0.7794117647058824 0.024101307189542485 0.010416666666666666
0 0.4556781045751634 0.8175551470588235 0.028186274509803922 0.021139705882352942
0 0.8633578431372549 0.8371629901960784 0.024918300653594773 0.013786764705882353
0 0.6170343137254902 0.8451286764705882 0.02246732026143791 0.009497549019607842
0 0.9027777777777778 0.8639705882352942 0.024509803921568627 0.02144607843137255
0 0.9483251633986928 0.8728553921568627 0.02165032679738562 0.018995098039215685
1 0.7551062091503268 0.30254289215686275 0.03390522875816993 0.020526960784313725