0 0.3598856209150327 0.6576286764705882 0.016339869281045753 0.013174019607843137
0 0.2375408496732026 0.6813725490196079 0.023284313725490197 0.015318627450980392
1 0.34824346405228757 0.48590686274509803 0.020833333333333332 0.014093137254901961
1 0.3006535947712418 0.6708026960784313 0.02696078431372549 0.018075980392156864
1 0.3133169934640523 0.5315563725490197 0.024509803921568627 0.016544117647058824
1 0.6985294117647058 0.3209252450980392 0.02369281045751634 0.016237745098039217
1 0.8684640522875817 0.30713848039215685 0.024509803921568627 0.017463235294117647
1 0.45731209150326796 0.3544730392156863 0.027369281045751634 0.018995098039215685
0 0.3570261437908497 0.8187806372549019 0.017973856209150325 0.013786764705882353
0 0.6345669934640523 0.7742616421568628 0.023218954248366015 0.014822303921568629
0 0.4227941176470588 0.7106311274509803 0.02369281045751634 0.01685049019607843
1 0.6058006535947712 0.5160845588235294 0.025326797385620915 0.016237745098039217
0 0.8047385620915033 0.6776960784313726 0.022058823529411766 0.014705882352941176
1 0.8118872549019608 0.4482230392156863 0.02246732026143791 0.016544117647058824
1 0.6004901960784313 0.3877144607843137 0.024509803921568627 0.01685049019607843
1 0.6086907679738562 0.5740364583333333 0.022120098039215684 0.01571997549019608
0 0.6845772058823529 0.6889016544117647 0.021115196078431372 0.015058210784313726
1 0.24019607843137256 0.6377144607843137 0.025326797385620915 0.015625
1 0.24162581699346405 0.65625 0.027369281045751634 0.017769607843137254
1 0.45383986928104575 0.4499080882352941 0.026143790849673203 0.019301470588235295
1 0.9609885620915033 0.7189031862745098 0.025735294117647058 0.018075980392156864
1 0.7328431372549019 0.24096200980392157 0.0196078431372549 0.016237745098039217
1 0.8045343137254902 0.6773897058823529 0.02246732026143791 0.015318627450980392
0 0.36499183006535946 0.6974571078431373 0.02246732026143791 0.015012254901960785
1 0.3525326797385621 0.4554227941176471 0.022058823529411766 0.014399509803921568
1 0.5557598039215687 0.5787377450980392 0.023284313725490197 0.017769607843137254
1 0.5261437908496732 0.5488664215686274 0.024509803921568627 0.017463235294117647
1 0.7526552287581699 0.5082720588235294 0.02246732026143791 0.015318627450980392
1 0.9620098039215687 0.6875 0.02696078431372549 0.022058823529411766
0 0.5367647058823529 0.8267463235294118 0.02287581699346405 0.01685049019607843
1 0.4550653594771242 0.4068627450980392 0.025326797385620915 0.017769607843137254
1 0.838031045751634 0.7545955882352942 0.023284313725490197 0.01715686274509804
1 0.6674836601307189 0.5464154411764706 0.02696078431372549 0.020526960784313725
1 0.29125816993464054 0.5594362745098039 0.024509803921568627 0.016544117647058824
1 0.3133169934640523 0.43673406862745096 0.02042483660130719 0.01685049019607843
1 0.6296977124183006 0.46767769607843135 0.025735294117647058 0.018075980392156864
0 0.6133578431372549 0.7411151960784313 0.01919934640522876 0.016544117647058824
0 0.29697712418300654 0.6914828431372549 0.018790849673202614 0.014705882352941176
1 0.7632761437908496 0.20879289215686275 0.020833333333333332 0.015012254901960785
1 0.7103758169934641 0.6930147058823529 0.03022875816993464 0.022058823529411766
1 0.38174019607843135 0.6433823529411765 0.030637254901960783 0.02267156862745098
1 0.5463643790849673 0.4018075980392157 0.023284313725490197 0.01685049019607843
0 0.5565767973856209 0.8184742647058824 0.0298202614379085 0.020526960784313725
1 0.29677287581699346 0.45174632352941174 0.023284313725490197 0.01685049019607843
0 0.31433823529411764 0.7086397058823529 0.030637254901960783 0.018995098039215685
0 0.18218954248366012 0.8298100490196079 0.029411764705882353 0.020526960784313725
1 0.7373366013071896 0.3509497549019608 0.03022875816993464 0.021139705882352942
1 0.7238562091503268 0.6513480392156863 0.026143790849673203 0.01838235294117647
0 0.5236928104575164 0.8092830882352942 0.025326797385620915 0.01991421568627451
1 0.6758578431372549 0.6060049019607843 0.027369281045751634 0.02022058823529412
1 0.730187908496732 0.453125 0.03390522875816993 0.022058823529411766
0 0.988562091503268 0.8668811274509803 0.022058823529411766 0.02542892156862745
1 0.926062091503268 0.4384191176470588 0.03431372549019608 0.023284313725490197
1 0.5798611111111112 0.5690870098039216 0.028186274509803922 0.020526960784313725
0 0.6766748366013072 0.7844669117647058 0.028186274509803922 0.020526960784313725
1 0.8641748366013072 0.48514093137254904 0.0363562091503268 0.026041666666666668
1 0.3300653594771242 0.43918504901960786 0.02369281045751634 0.018075980392156864
0 0.7749183006535948 0.8884803921568627 0.029411764705882353 0.024509803921568627
0 0.8950163398692811 0.8480392156862745 0.032679738562091505 0.023284313725490197
1 0.46904411764705883 0.43339920343137256 0.045931372549019606 0.030401348039215688
0 0.3372140522875817 0.6518658088235294 0.017565359477124183 0.010839460784313725
0 0.5435069444444445 0.812170649509804 0.024105392156862745 0.01956188725490196
0 0.6609946895424836 0.7769607843137255 0.02378676470588235 0.015318627450980392
1 0.8232781862745098 0.42564644607843133 0.031360294117647056 0.022861519607843137