1 0.9274918300653595 0.32827818627450983 0.024918300653594773 0.016237745098039217
1 0.9295343137254902 0.3472732843137255 0.026552287581699346 0.015012254901960785
1 0.13133169934640523 0.3515625 0.025735294117647058 0.018075980392156864
1 0.8980800653594772 0.3547794117647059 0.024918300653594773 0.015931372549019607
1 0.04963235294117647 0.35661764705882354 0.02900326797385621 0.01715686274509804
1 0.21262254901960784 0.3772977941176471 0.02246732026143791 0.015012254901960785
1 0.9912173202614379 0.3944546568627451 0.017565359477124183 0.02420343137254902
1 0.8157679738562091 0.39659926470588236 0.03431372549019608 0.01991421568627451
1 0.056576797385620915 0.4016544117647059 0.024101307189542485 0.015931372549019607
1 0.8566176470588235 0.40793504901960786 0.03839869281045752 0.021139705882352942
1 0.8946078431372549 0.42110906862745096 0.03022875816993464 0.02542892156862745
1 0.9654820261437909 0.43949142156862747 0.04861111111111111 0.0272671568627451
1 0.33517156862745096 0.4803921568627451 0.03227124183006536 0.02144607843137255
1 0.7093545751633987 0.5719975490196079 0.03145424836601307 0.0196078431372549
1 0.6928104575163399 0.6295955882352942 0.026143790849673203 0.01838235294117647
1 0.6779003267973857 0.6297487745098039 0.01838235294117647 0.016237745098039217
1 0.8801062091503268 0.6807598039215687 0.023284313725490197 0.016544117647058824
1 0.7469362745098039 0.6852022058823529 0.026552287581699346 0.01991421568627451
1 0.8954248366013072 0.7152267156862745 0.027777777777777776 0.019301470588235295
1 0.3639705882352941 0.7389705882352942 0.031862745098039214 0.02144607843137255
0 0.24325980392156862 0.8121936274509803 0.020833333333333332 0.015931372549019607
0 0.4493464052287582 0.9583333333333334 0.018790849673202614 0.01715686274509804
1 0.9364787581699346 0.23146446078431374 0.034722222222222224 0.02297794117647059
1 0.9836601307189542 0.234375 0.02369281045751634 0.016544117647058824
1 0.8368055555555556 0.23759191176470587 0.02165032679738562 0.016237745098039217
1 0.5416666666666666 0.2535232843137255 0.02287581699346405 0.015625
1 0.5249183006535948 0.25919117647058826 0.02042483660130719 0.014093137254901961
1 0.957312091503268 0.26608455882352944 0.014297385620915032 0.01011029411764706