1 0.8870506535947712 0.3316482843137255 0.039624183006535946 0.027879901960784315
1 0.20179738562091504 0.33379289215686275 0.029411764705882353 0.019301470588235295
1 0.8888888888888888 0.34528186274509803 0.04330065359477124 0.025122549019607844
1 0.5433006535947712 0.3480392156862745 0.010620915032679739 0.007965686274509803
1 0.6356209150326797 0.35340073529411764 0.02042483660130719 0.013174019607843137
1 0.5522875816993464 0.3553921568627451 0.013888888888888888 0.014093137254901961
1 0.5377859477124183 0.3567708333333333 0.01511437908496732 0.009497549019607842
0 0.7996323529411765 0.36182598039215685 0.012663398692810458 0.0006127450980392157
0 0.8237336601307189 0.3645833333333333 0.012663398692810458 0.009191176470588236
0 0.801062091503268 0.3678002450980392 0.013888888888888888 0.01133578431372549
0 0.8184232026143791 0.36933210784313725 0.015931372549019607 0.011948529411764705
0 0.8359885620915033 0.3716299019607843 0.017565359477124183 0.010416666666666666
0 0.6031454248366013 0.37224264705882354 0.01919934640522876 0.009191176470588236
1 0.6450163398692811 0.37224264705882354 0.0196078431372549 0.014705882352941176
0 0.24979575163398693 0.37285539215686275 0.015931372549019607 0.011029411764705883
0 0.3952205882352941 0.37714460784313725 0.013480392156862746 0.011029411764705883
0 0.37888071895424835 0.3821997549019608 0.020016339869281044 0.012561274509803922
0 0.1111111111111111 0.3834252450980392 0.01715686274509804 0.015012254901960785
0 0.5175653594771242 0.38419117647058826 0.021241830065359478 0.011029411764705883
0 0.07536764705882353 0.38587622549019607 0.015931372549019607 0.011948529411764705
0 0.09558823529411764 0.3864889705882353 0.022058823529411766 0.015625
0 0.12234477124183006 0.3883272058823529 0.01838235294117647 0.010723039215686275
0 0.13766339869281047 0.3893995098039216 0.022058823529411766 0.010416666666666666
0 0.275531045751634 0.3909313725490196 0.02246732026143791 0.015931372549019607
0 0.37520424836601307 0.3944546568627451 0.020833333333333332 0.013174019607843137
0 0.15808823529411764 0.3946078431372549 0.017973856209150325 0.011029411764705883
0 0.3590686274509804 0.39644607843137253 0.01715686274509804 0.00980392156862745
0 0.41421568627450983 0.39797794117647056 0.015522875816993464 0.009191176470588236
0 0.07802287581699346 0.4010416666666667 0.017973856209150325 0.012867647058823529
0 0.16299019607843138 0.40839460784313725 0.0196078431372549 0.007965686274509803
0 0.23529411764705882 0.40931372549019607 0.01715686274509804 0.00980392156862745
0 0.30494281045751637 0.42340686274509803 0.01838235294117647 0.013480392156862746
0 0.28227124183006536 0.4261642156862745 0.02369281045751634 0.012254901960784314
0 0.5747549019607843 0.43183210784313725 0.02287581699346405 0.01133578431372549
0 0.3819444444444444 0.43535539215686275 0.0196078431372549 0.012867647058823529
0 0.1468545751633987 0.45481004901960786 0.02900326797385621 0.015625
0 0.2610294117647059 0.46721813725490197 0.028594771241830064 0.01715686274509804
0 0.608251633986928 0.4724264705882353 0.027777777777777776 0.017769607843137254
0 0.15196078431372548 0.4811580882352941 0.02042483660130719 0.013786764705882353
0 0.32741013071895425 0.4872855392156863 0.03145424836601307 0.02542892156862745
0 0.30718954248366015 0.49387254901960786 0.02369281045751634 0.01715686274509804
0 0.39767156862745096 0.5258884803921569 0.03227124183006536 0.021752450980392156
0 0.4701797385620915 0.5510110294117647 0.03022875816993464 0.023590686274509803
0 0.48733660130718953 0.5612745098039216 0.02287581699346405 0.01838235294117647
0 0.6503267973856209 0.5795036764705882 0.041666666666666664 0.02297794117647059
0 0.1854575163398693 0.5934436274509803 0.028594771241830064 0.01838235294117647
0 0.7477532679738562 0.6084558823529411 0.03799019607843137 0.028186274509803922
1 0.8560049019607843 0.06204044117647059 0.03880718954248366 0.02971813725490196
0 0.2902369281045752 0.6410845588235294 0.030637254901960783 0.02297794117647059
0 0.9564950980392157 0.6988357843137255 0.0363562091503268 0.03308823529411765
0 0.9146241830065359 0.7326899509803921 0.04820261437908497 0.03768382352941176
0 0.41094771241830064 0.7417279411764706 0.04003267973856209 0.027573529411764705
0 0.38296568627450983 0.7470894607843137 0.034722222222222224 0.02542892156862745
0 0.46772875816993464 0.7614889705882353 0.042483660130718956 0.0352328431372549
0 0.5367647058823529 0.7709865196078431 0.06372549019607843 0.036458333333333336
1 0.2520424836601307 0.0784313725490196 0.025326797385620915 0.02267156862745098
0 0.5894607843137255 0.8120404411764706 0.04656862745098039 0.0389093137254902
0 0.6942401960784313 0.8158700980392157 0.0690359477124183 0.0428921568627451
1 0.7947303921568627 0.10309436274509803 0.044526143790849675 0.03462009803921569
1 0.7600081699346405 0.15885416666666666 0.0363562091503268 0.023590686274509803
1 0.6060049019607843 0.20772058823529413 0.027369281045751634 0.016544117647058824
1 0.7391748366013072 0.2493872549019608 0.026552287581699346 0.023284313725490197
1 0.6354166666666666 0.2734375 0.027369281045751634 0.02297794117647059