1 0.5594362745098039 0.33838848039215685 0.016748366013071895 0.013174019607843137
1 0.11683006535947713 0.5701593137254902 0.02369281045751634 0.015931372549019607
0 0.6358251633986928 0.6410845588235294 0.014297385620915032 0.009497549019607842
0 0.5996997549019608 0.6068857230392157 0.01394199346405229 0.0072763480392156864
1 0.4540441176470588 0.30514705882352944 0.015931372549019607 0.011642156862745098
0 0.48161764705882354 0.6537990196078431 0.016339869281045753 0.012867647058823529
0 0.6182598039215687 0.5896139705882353 0.013480392156862746 0.008272058823529412
1 0.5016339869281046 0.3242953431372549 0.016339869281045753 0.011948529411764705
1 0.34558823529411764 0.5909926470588235 0.026143790849673203 0.0196078431372549
1 0.4144199346405229 0.37484681372549017 0.01511437908496732 0.01133578431372549
1 0.9124040032679739 0.3247732843137255 0.02170343137254902 0.01719362745098039
1 0.875077614379085 0.6659574142156862 0.02793300653594771 0.0212530637254902
1 0.09170751633986927 0.5795036764705882 0.02900326797385621 0.01991421568627451
1 0.47480187908496735 0.7119715073529411 0.02395016339869281 0.017693014705882353
0 0.8386437908496732 0.6824448529411765 0.016339869281045753 0.01133578431372549
1 0.016339869281045753 0.5727634803921569 0.025326797385620915 0.021139705882352942
1 0.8180147058823529 0.5061274509803921 0.0298202614379085 0.022058823529411766
0 0.6133578431372549 0.6058700980392157 0.014297385620915032 0.009534313725490197
0 0.6466503267973857 0.6574754901960784 0.016339869281045753 0.011642156862745098
1 0.40665849673202614 0.655484068627451 0.023284313725490197 0.015625
1 0.497140522875817 0.4799325980392157 0.02042483660130719 0.016237745098039217
1 0.49979575163398693 0.6231617647058824 0.025735294117647058 0.01715686274509804
1 0.4679330065359477 0.2853860294117647 0.01919934640522876 0.014399509803921568
1 0.00980392156862745 0.46798406862745096 0.0196078431372549 0.019301470588235295
0 0.713031045751634 0.6518075980392157 0.01919934640522876 0.012561274509803922
0 0.6200980392156863 0.6778492647058824 0.021241830065359478 0.015012254901960785
1 0.3901143790849673 0.3619791666666667 0.02042483660130719 0.014399509803921568
1 0.414624183006536 0.4799325980392157 0.02369281045751634 0.016237745098039217
1 0.8427287581699346 0.6318933823529411 0.027777777777777776 0.021139705882352942
1 0.2675653594771242 0.7418811274509803 0.032679738562091505 0.02297794117647059
1 0.5637254901960784 0.5418198529411765 0.022058823529411766 0.015012254901960785
0 0.8566176470588235 0.7841605392156863 0.027777777777777776 0.01991421568627451
1 0.04003267973856209 0.46246936274509803 0.028594771241830064 0.018688725490196078
1 0.8459967320261438 0.5413602941176471 0.03431372549019608 0.02267156862745098
1 0.8694852941176471 0.5271139705882353 0.030637254901960783 0.020526960784313725
1 0.024918300653594773 0.5238970588235294 0.027777777777777776 0.0196078431372549
1 0.05044934640522876 0.5603553921568627 0.0298202614379085 0.02144607843137255
0 0.8368055555555556 0.7685355392156863 0.03227124183006536 0.02420343137254902
0 0.8937908496732027 0.7909007352941176 0.031862745098039214 0.023590686274509803
0 0.659109477124183 0.6757046568627451 0.028186274509803922 0.019301470588235295
1 0.44245915032679745 0.6572840073529411 0.018088235294117648 0.011871936274509803
1 0.45566993464052286 0.6430376838235294 0.019183006535947712 0.013403799019607842
1 0.5194035947712419 0.3385416666666667 0.013480392156862746 0.009191176470588236
1 0.5801838235294118 0.3777389705882353 0.015759803921568626 0.012830882352941178
1 0.5300571895424836 0.2223299632352941 0.016813725490196076 0.01206188725490196
1 0.5709783496732027 0.23175245098039218 0.014505718954248365 0.011299019607843137
1 0.4220077614379085 0.24831495098039216 0.014767156862745098 0.010723039215686275
1 0.4241013071895425 0.2571614583333333 0.013235294117647059 0.008808210784313725
1 0.3158700980392157 0.3529028799019608 0.02062908496732026 0.013403799019607842
1 0.47536968954248365 0.3304227941176471 0.011196895424836602 0.007659313725490196
1 0.4738643790849673 0.3033272058823529 0.01145424836601307 0.008615196078431373
1 0.588125 0.386968443627451 0.016119281045751634 0.011681985294117648
1 0.5787540849673203 0.48847273284313725 0.01943627450980392 0.014935661764705883
0 0.5681597222222222 0.5928691789215687 0.010502450980392158 0.008042279411764705
0 0.7146017156862745 0.8376991421568627 0.02397467320261438 0.01608455882352941