1 0.9379084967320261 0.13939950980392157 0.0196078431372549 0.015318627450980392
0 0.5557598039215687 0.6668198529411765 0.02165032679738562 0.01685049019607843
1 0.2465277777777778 0.16681985294117646 0.030637254901960783 0.022365196078431373
1 0.2920751633986928 0.31357230392156865 0.03104575163398693 0.018688725490196078
0 0.3880718954248366 0.6366421568627451 0.015522875816993464 0.011029411764705883
1 0.7618464052287581 0.12637867647058823 0.021241830065359478 0.013174019607843137
1 0.10784313725490197 0.22395833333333334 0.02696078431372549 0.01838235294117647
0 0.8247549019607843 0.6158088235294118 0.012254901960784314 0.00857843137254902
1 0.9424019607843137 0.3284313725490196 0.014705882352941176 0.00980392156862745
1 0.9076797385620915 0.2026654411764706 0.0196078431372549 0.013786764705882353
0 0.764501633986928 0.6628370098039216 0.02246732026143791 0.013786764705882353
1 0.6560457516339869 0.37775735294117646 0.029411764705882353 0.016544117647058824
0 0.03860294117647059 0.7166053921568627 0.01919934640522876 0.013480392156862746
1 0.2930964052287582 0.25045955882352944 0.02246732026143791 0.015625
0 0.9554738562091504 0.6818321078431373 0.014705882352941176 0.009497549019607842
0 0.3979044117647059 0.7051822916666667 0.019665032679738563 0.012693014705882353
0 0.9313725490196079 0.8105085784313726 0.016339869281045753 0.011948529411764705
0 0.29677287581699346 0.6132046568627451 0.01838235294117647 0.011948529411764705
0 0.5649509803921569 0.7582720588235294 0.017973856209150325 0.012867647058823529
1 0.8384395424836601 0.23851102941176472 0.017565359477124183 0.014399509803921568
1 0.9272875816993464 0.42463235294117646 0.018790849673202614 0.012254901960784314
1 0.5071486928104575 0.3391544117647059 0.023284313725490197 0.015931372549019607
0 0.6638071895424836 0.7772671568627451 0.026143790849673203 0.016544117647058824
0 0.7763480392156863 0.6147365196078431 0.014297385620915032 0.008884803921568627
0 0.2595996732026144 0.6986825980392157 0.020016339869281044 0.014399509803921568
0 0.40665849673202614 0.6069240196078431 0.012663398692810458 0.00980392156862745
1 0.3188316993464052 0.17723651960784315 0.017565359477124183 0.014399509803921568
1 0.9136029411764706 0.28982843137254904 0.016748366013071895 0.012867647058823529
1 0.9187091503267973 0.2590379901960784 0.02042483660130719 0.014399509803921568
1 0.9842728758169934 0.20618872549019607 0.020016339869281044 0.015931372549019607
0 0.9191176470588235 0.6738664215686274 0.014705882352941176 0.01011029411764706
1 0.9662990196078431 0.15058210784313725 0.01838235294117647 0.013786764705882353
1 0.05068218954248366 0.29411764705882354 0.028651960784313726 0.0196078431372549
1 0.8960375816993464 0.32766544117647056 0.020016339869281044 0.014399509803921568
0 0.26143790849673204 0.6197916666666666 0.02042483660130719 0.013480392156862746
0 0.8088235294117647 0.6161151960784313 0.013071895424836602 0.00857843137254902
1 0.7777777777777778 0.1959252450980392 0.0196078431372549 0.014399509803921568
0 0.2741013071895425 0.702359068627451 0.021241830065359478 0.015625
0 0.7883986928104575 0.6306678921568627 0.013071895424836602 0.008884803921568627
0 0.013888888888888888 0.6130514705882353 0.017973856209150325 0.012254901960784314
0 0.9344362745098039 0.6871936274509803 0.01838235294117647 0.011642156862745098
1 0.6740196078431373 0.16176470588235295 0.02042483660130719 0.014705882352941176
0 0.9916258169934641 0.7215073529411765 0.015931372549019607 0.015931372549019607
0 0.9556781045751634 0.6510416666666666 0.016748366013071895 0.00980392156862745
1 0.7371323529411765 0.16697303921568626 0.01919934640522876 0.014093137254901961
1 0.7939133986928104 0.2181372549019608 0.020016339869281044 0.014705882352941176
0 0.8852124183006536 0.6449142156862745 0.014705882352941176 0.010416666666666666
1 0.960171568627451 0.3431372549019608 0.01919934640522876 0.013480392156862746
0 0.8355800653594772 0.6470588235294118 0.01511437908496732 0.011029411764705883
0 0.22365196078431374 0.6075367647058824 0.01838235294117647 0.012867647058823529
1 0.7393790849673203 0.13419117647058823 0.0196078431372549 0.013480392156862746
1 0.8651960784313726 0.12974877450980393 0.016339869281045753 0.013174019607843137
1 0.2549019607843137 0.3987438725490196 0.03104575163398693 0.022365196078431373
1 0.9918300653594772 0.30514705882352944 0.016339869281045753 0.015931372549019607
1 0.8517156862745098 0.1559436274509804 0.021241830065359478 0.014705882352941176
0 0.9401552287581699 0.6786151960784313 0.017565359477124183 0.010416666666666666
1 0.9060457516339869 0.35462622549019607 0.0196078431372549 0.014399509803921568
0 0.38991013071895425 0.6239276960784313 0.01838235294117647 0.013174019607843137
0 0.33986928104575165 0.7310049019607843 0.03104575163398693 0.022058823529411766
0 0.03227124183006536 0.6297487745098039 0.0196078431372549 0.012561274509803922
1 0.9918300653594772 0.3521752450980392 0.016339869281045753 0.01685049019607843
1 0.6433823529411765 0.18060661764705882 0.021241830065359478 0.015625
1 0.37459150326797386 0.3215379901960784 0.028594771241830064 0.022365196078431373
0 0.903390522875817 0.7521446078431373 0.02165032679738562 0.015931372549019607
0 0.4025735294117647 0.7245710784313726 0.03145424836601307 0.022058823529411766
0 0.5737336601307189 0.6747855392156863 0.0298202614379085 0.01991421568627451
1 0.34844771241830064 0.29764093137254904 0.032679738562091505 0.02542892156862745
1 0.37316176470588236 0.2945772058823529 0.02900326797385621 0.021752450980392156
1 0.28370098039215685 0.30667892156862747 0.034722222222222224 0.023284313725490197
0 0.7281454248366013 0.7568933823529411 0.034722222222222224 0.02665441176470588
1 0.20936070261437909 0.14747395833333335 0.02329656862745098 0.015536151960784315
1 0.9057434640522877 0.11548100490196078 0.016552287581699347 0.011599264705882352