0 0.6305147058823529 0.633578431372549 0.015931372549019607 0.011029411764705883
0 0.5955882352941176 0.6246936274509803 0.014705882352941176 0.00980392156862745
1 0.8347630718954249 0.4264705882352941 0.020833333333333332 0.014705882352941176
1 0.7383578431372549 0.34298406862745096 0.015931372549019607 0.011948529411764705
0 0.24080882352941177 0.7654718137254902 0.015931372549019607 0.01133578431372549
1 0.616421568627451 0.4643075980392157 0.021241830065359478 0.014399509803921568
0 0.4305555555555556 0.6447610294117647 0.013071895424836602 0.008884803921568627
0 0.7107843137254902 0.6835171568627451 0.02042483660130719 0.012254901960784314
1 0.3000408496732026 0.6099877450980392 0.01919934640522876 0.012254901960784314
1 0.4820261437908497 0.6115196078431373 0.02287581699346405 0.015318627450980392
1 0.6603349673202614 0.5447303921568627 0.01511437908496732 0.011029411764705883
1 0.18831699346405228 0.40058210784313725 0.014705882352941176 0.011948529411764705
1 0.7222222222222222 0.3434436274509804 0.015522875816993464 0.011029411764705883
1 0.6462418300653595 0.5251225490196079 0.017973856209150325 0.011642156862745098
0 0.6147875816993464 0.6294424019607843 0.014705882352941176 0.010723039215686275
0 0.4483251633986928 0.6099877450980392 0.01511437908496732 0.011029411764705883
1 0.8984885620915033 0.3877144607843137 0.020016339869281044 0.015625
1 0.9250408496732027 0.5450367647058824 0.01838235294117647 0.012867647058823529
0 0.21609477124183007 0.6527267156862745 0.018790849673202614 0.011948529411764705
1 0.5835375816993464 0.4183517156862745 0.01838235294117647 0.011948529411764705
0 0.6915849673202614 0.6251531862745098 0.016339869281045753 0.010723039215686275
0 0.6462418300653595 0.7576593137254902 0.018790849673202614 0.011642156862745098
1 0.15134803921568626 0.43918504901960786 0.020016339869281044 0.014399509803921568
0 0.8296568627450981 0.8782169117647058 0.02369281045751634 0.015012254901960785
1 0.8122957516339869 0.41911764705882354 0.01838235294117647 0.014093137254901961
1 0.8733660130718954 0.6847426470588235 0.0196078431372549 0.015318627450980392
1 0.3625408496732026 0.6358762254901961 0.016748366013071895 0.012561274509803922
1 0.8296568627450981 0.2977941176470588 0.018790849673202614 0.014705882352941176
1 0.551062091503268 0.6729473039215687 0.017973856209150325 0.013174019607843137
1 0.5655637254901961 0.36672794117647056 0.020016339869281044 0.013480392156862746
1 0.7283496732026143 0.37346813725490197 0.017973856209150325 0.012867647058823529
1 0.3568218954248366 0.5778186274509803 0.017565359477124183 0.012867647058823529
1 0.6397058823529411 0.4111519607843137 0.025326797385620915 0.01715686274509804
0 0.3270016339869281 0.7401960784313726 0.017565359477124183 0.012254901960784314
1 0.5949489379084967 0.5557981004901961 0.019963235294117646 0.012944240196078432
1 0.6464460784313726 0.5577512254901961 0.016748366013071895 0.013174019607843137
0 0.4820261437908497 0.7547487745098039 0.01715686274509804 0.010723039215686275
0 0.18525326797385622 0.7173713235294118 0.017565359477124183 0.013786764705882353
1 0.1031454248366013 0.49402573529411764 0.025735294117647058 0.018075980392156864
1 0.7998366013071896 0.6855085784313726 0.024509803921568627 0.01685049019607843
0 0.22263071895424835 0.7242647058823529 0.015522875816993464 0.012254901960784314
1 0.21037581699346405 0.3912377450980392 0.018790849673202614 0.013480392156862746
1 0.6578839869281046 0.6181066176470589 0.01838235294117647 0.011948529411764705
1 0.6525735294117647 0.49433210784313725 0.020016339869281044 0.013174019607843137
1 0.18361928104575165 0.4736519607843137 0.02165032679738562 0.014093137254901961
1 0.6237745098039216 0.5807291666666666 0.0196078431372549 0.014399509803921568
1 0.5819035947712419 0.5474877450980392 0.020833333333333332 0.014705882352941176
1 0.18504901960784315 0.4934129901960784 0.017973856209150325 0.01133578431372549
1 0.3790849673202614 0.3785232843137255 0.02042483660130719 0.014399509803921568
1 0.8470179738562091 0.4944852941176471 0.024101307189542485 0.015931372549019607
1 0.17095588235294118 0.507046568627451 0.016748366013071895 0.012254901960784314
0 0.5627042483660131 0.6888786764705882 0.017565359477124183 0.013174019607843137
0 0.2927900326797386 0.6370450367647059 0.01613562091503268 0.01060968137254902
0 0.44219771241830064 0.7475490196078431 0.020016339869281044 0.012867647058823529
0 0.23733660130718953 0.6891850490196079 0.0196078431372549 0.013786764705882353
1 0.735702614379085 0.6965379901960784 0.024509803921568627 0.017463235294117647
1 0.030433006535947712 0.5880821078431373 0.024918300653594773 0.01685049019607843
1 0.1840277777777778 0.6034007352941176 0.020016339869281044 0.015012254901960785
1 0.7524509803921569 0.6490502450980392 0.02287581699346405 0.015625
1 0.13357843137254902 0.44776348039215685 0.02042483660130719 0.013786764705882353
1 0.5065359477124183 0.43612132352941174 0.021241830065359478 0.013786764705882353
0 0.15379901960784315 0.6560968137254902 0.01838235294117647 0.012561274509803922
1 0.247140522875817 0.4973958333333333 0.02287581699346405 0.013786764705882353
1 0.6629901960784313 0.5844056372549019 0.018790849673202614 0.013174019607843137
1 0.5496323529411765 0.41130514705882354 0.024918300653594773 0.01685049019607843
1 0.5063316993464052 0.31050857843137253 0.020016339869281044 0.015012254901960785
1 0.9328022875816994 0.42294730392156865 0.02246732026143791 0.015012254901960785
1 0.2406045751633987 0.48544730392156865 0.018790849673202614 0.011948529411764705
1 0.34272875816993464 0.39828431372549017 0.024509803921568627 0.015931372549019607
1 0.6231617647058824 0.6184129901960784 0.020016339869281044 0.013786764705882353
0 0.2261029411764706 0.7611825980392157 0.017565359477124183 0.012561274509803922
1 0.7694035947712419 0.5759803921568627 0.020016339869281044 0.014705882352941176
1 0.3584558823529412 0.5456495098039216 0.020016339869281044 0.014093137254901961
1 0.2877859477124183 0.6004901960784313 0.01919934640522876 0.015318627450980392
0 0.5153186274509803 0.7057291666666666 0.024101307189542485 0.01685049019607843
1 0.7520424836601307 0.7089460784313726 0.02287581699346405 0.015931372549019607
1 0.49611928104575165 0.6357230392156863 0.01919934640522876 0.014705882352941176
1 0.33251633986928103 0.6211703431372549 0.021241830065359478 0.016237745098039217
0 0.22651143790849673 0.7064950980392157 0.01919934640522876 0.012867647058823529
0 0.7228349673202614 0.7484681372549019 0.024101307189542485 0.015318627450980392
0 0.23508986928104575 0.7547487745098039 0.01919934640522876 0.013786764705882353
1 0.5790441176470589 0.5883884803921569 0.024101307189542485 0.016237745098039217
1 0.724468954248366 0.632046568627451 0.020016339869281044 0.015931372549019607
0 0.27675653594771243 0.766390931372549 0.020016339869281044 0.014399509803921568
1 0.5449346405228758 0.6274509803921569 0.022058823529411766 0.016544117647058824
0 0.6074346405228758 0.6649816176470589 0.02042483660130719 0.015012254901960785
1 0.4944852941176471 0.5661764705882353 0.02246732026143791 0.015318627450980392
1 0.07536764705882353 0.5801164215686274 0.025735294117647058 0.019301470588235295
1 0.17749183006535948 0.45327818627450983 0.02165032679738562 0.015012254901960785
0 0.42483660130718953 0.8878676470588235 0.024509803921568627 0.02022058823529412
1 0.3741830065359477 0.5978860294117647 0.021241830065359478 0.015625
0 0.3966503267973856 0.8897058823529411 0.026143790849673203 0.018995098039215685
1 0.18035130718954248 0.5212928921568627 0.01919934640522876 0.013174019607843137
1 0.6636029411764706 0.4643075980392157 0.024101307189542485 0.017463235294117647
1 0.8108660130718954 0.6536458333333334 0.02369281045751634 0.016237745098039217
0 0.4013480392156863 0.6917892156862745 0.020833333333333332 0.014705882352941176
1 0.3431372549019608 0.31495098039215685 0.02369281045751634 0.01715686274509804
0 0.5761846405228758 0.7795649509803921 0.023284313725490197 0.01685049019607843
1 0.3519199346405229 0.5162377450980392 0.024101307189542485 0.015931372549019607
0 0.19178921568627452 0.7489276960784313 0.020833333333333332 0.015625
1 0.4250408496732026 0.36856617647058826 0.023284313725490197 0.017769607843137254
1 0.6858660130718954 0.5410539215686274 0.024509803921568627 0.016544117647058824
1 0.6936580882352942 0.6151393995098039 0.022937091503267972 0.013979779411764707
1 0.7813480392156863 0.3481924019607843 0.01857843137254902 0.010723039215686275
0 0.3016687091503268 0.6343443627450981 0.015102124183006535 0.007659313725490196