1 0.4562908496732026 0.6757046568627451 0.022058823529411766 0.015625
1 0.3194444444444444 0.39047181372549017 0.02042483660130719 0.013786764705882353
1 0.3423202614379085 0.5894607843137255 0.02042483660130719 0.014705882352941176
1 0.2465277777777778 0.3799019607843137 0.020833333333333332 0.014705882352941176
1 0.5702614379084967 0.49433210784313725 0.02696078431372549 0.016237745098039217
1 0.5780228758169934 0.5614276960784313 0.01715686274509804 0.012561274509803922
1 0.5643382352941176 0.4440870098039216 0.02165032679738562 0.016237745098039217
1 0.07475490196078431 0.24142156862745098 0.02696078431372549 0.02267156862745098
0 0.8286356209150327 0.6706495098039216 0.020833333333333332 0.014093137254901961
1 0.46425653594771243 0.2824754901960784 0.01838235294117647 0.012254901960784314
1 0.5281862745098039 0.3393075980392157 0.01715686274509804 0.012561274509803922
0 0.9901960784313726 0.6655943627450981 0.016339869281045753 0.012561274509803922
1 0.46548202614379086 0.3272058823529412 0.017565359477124183 0.012867647058823529
1 0.7193627450980392 0.5104166666666666 0.02042483660130719 0.014705882352941176
1 0.6460375816993464 0.29610906862745096 0.017565359477124183 0.013174019607843137
1 0.006535947712418301 0.5454963235294118 0.013071895424836602 0.02665441176470588
1 0.5759803921568627 0.4068627450980392 0.01715686274509804 0.011642156862745098
1 0.3974673202614379 0.4499080882352941 0.02369281045751634 0.016237745098039217
1 0.579452614379085 0.5343137254901961 0.020833333333333332 0.015318627450980392
1 0.627859477124183 0.6070772058823529 0.0196078431372549 0.013174019607843137
1 0.4824346405228758 0.28262867647058826 0.018790849673202614 0.011948529411764705
1 0.25102124183006536 0.5143995098039216 0.020016339869281044 0.013480392156862746
1 0.28104575163398693 0.5856311274509803 0.018790849673202614 0.013174019607843137
1 0.6631576797385621 0.290219056372549 0.01667483660130719 0.013648897058823528
1 0.5537173202614379 0.2931985294117647 0.01838235294117647 0.014705882352941176
1 0.4172794117647059 0.3403799019607843 0.01838235294117647 0.013480392156862746
1 0.09048202614379085 0.45465686274509803 0.024918300653594773 0.016544117647058824
1 0.44546568627450983 0.3635110294117647 0.01838235294117647 0.01133578431372549
1 0.6290849673202614 0.24356617647058823 0.01715686274509804 0.012254901960784314
1 0.2771650326797386 0.43964460784313725 0.024101307189542485 0.015318627450980392
1 0.28145424836601307 0.45818014705882354 0.017973856209150325 0.012561274509803922
1 0.5868055555555556 0.36902573529411764 0.01919934640522876 0.013786764705882353
1 0.2832924836601307 0.5977328431372549 0.01919934640522876 0.012867647058823529
1 0.30514705882352944 0.6302083333333334 0.022058823529411766 0.015931372549019607
1 0.49325980392156865 0.4577205882352941 0.01919934640522876 0.014093137254901961
1 0.22058823529411764 0.3831188725490196 0.021241830065359478 0.016237745098039217
1 0.5324754901960784 0.2913602941176471 0.01919934640522876 0.014093137254901961
1 0.4936683006535948 0.33777573529411764 0.017565359477124183 0.013786764705882353
1 0.02696078431372549 0.5021446078431373 0.025326797385620915 0.01715686274509804
1 0.33026960784313725 0.6276041666666666 0.01838235294117647 0.013786764705882353
1 0.5498366013071896 0.4489889705882353 0.022058823529411766 0.015625
1 0.012663398692810458 0.5870098039215687 0.02287581699346405 0.015931372549019607
1 0.25449346405228757 0.39047181372549017 0.018790849673202614 0.013786764705882353
1 0.44669117647058826 0.375 0.020833333333333332 0.014705882352941176
1 0.6828022875816994 0.2659313725490196 0.017565359477124183 0.013480392156862746
1 0.31147875816993464 0.6458333333333334 0.02246732026143791 0.014705882352941176
1 0.3167892156862745 0.6104473039215687 0.020833333333333332 0.015012254901960785
1 0.19321895424836602 0.43734681372549017 0.02287581699346405 0.014399509803921568
0 0.9899918300653595 0.7314644607843137 0.017565359477124183 0.013786764705882353
1 0.4526143790849673 0.4675245098039216 0.021241830065359478 0.015318627450980392
0 0.7318218954248366 0.8178615196078431 0.02165032679738562 0.01685049019607843
0 0.22508169934640523 0.6914828431372549 0.025326797385620915 0.018995098039215685
1 0.4583333333333333 0.35401348039215685 0.017973856209150325 0.013786764705882353
1 0.5643382352941176 0.37285539215686275 0.02165032679738562 0.014093137254901961
1 0.4701797385620915 0.4564950980392157 0.018790849673202614 0.014093137254901961
1 0.41482843137254904 0.5732230392156863 0.026552287581699346 0.017769607843137254
1 0.8000408496732027 0.5415134803921569 0.02246732026143791 0.015012254901960785
1 0.20812908496732027 0.49034926470588236 0.02246732026143791 0.016237745098039217
1 0.8112745098039216 0.5222120098039216 0.024509803921568627 0.01685049019607843
1 0.47120098039215685 0.46951593137254904 0.020016339869281044 0.015012254901960785
1 0.4950980392156863 0.30361519607843135 0.021241830065359478 0.014093137254901961
1 0.26266339869281047 0.35140931372549017 0.018790849673202614 0.014093137254901961
1 0.7444852941176471 0.5674019607843137 0.023284313725490197 0.015931372549019607
1 0.44812091503267976 0.3203125 0.0196078431372549 0.014399509803921568
1 0.5929330065359477 0.21798406862745098 0.023284313725490197 0.016237745098039217
1 0.037377450980392156 0.5255821078431373 0.03145424836601307 0.02297794117647059
1 0.6519607843137255 0.2415747549019608 0.018790849673202614 0.015012254901960785
1 0.5825163398692811 0.2815563725490196 0.022058823529411766 0.015318627450980392
1 0.43504901960784315 0.28982843137254904 0.021241830065359478 0.015318627450980392
1 0.2193627450980392 0.40900735294117646 0.02042483660130719 0.014705882352941176
1 0.5049019607843137 0.5615808823529411 0.022058823529411766 0.015931372549019607
1 0.28125 0.4722732843137255 0.020016339869281044 0.014399509803921568
1 0.19709967320261437 0.4518995098039216 0.023284313725490197 0.016544117647058824
1 0.7477532679738562 0.6387867647058824 0.024101307189542485 0.016544117647058824
1 0.3419138071895425 0.4345343137254902 0.01797794117647059 0.01428921568627451
1 0.6646241830065359 0.5827205882352942 0.026143790849673203 0.01838235294117647
0 0.019812091503267973 0.6591605392156863 0.024101307189542485 0.015625
1 0.32046568627450983 0.4571078431372549 0.02165032679738562 0.015931372549019607
1 0.29820261437908496 0.3564644607843137 0.02287581699346405 0.01685049019607843
0 0.03104575163398693 0.6697303921568627 0.026143790849673203 0.01838235294117647
1 0.798202614379085 0.4736519607843137 0.03349673202614379 0.023284313725490197
1 0.6237745098039216 0.36550245098039214 0.026143790849673203 0.01838235294117647
1 0.4054330065359477 0.46246936274509803 0.026552287581699346 0.019301470588235295
1 0.690359477124183 0.5162377450980392 0.028594771241830064 0.0196078431372549
1 0.8482434640522876 0.5416666666666666 0.0298202614379085 0.0196078431372549
1 0.33612132352941176 0.4280575980392157 0.021098856209150325 0.01420343137254902
1 0.5277410130718955 0.373969056372549 0.016266339869281044 0.011418504901960785
1 0.46610294117647055 0.4134635416666667 0.01962418300653595 0.01503982843137255
1 0.5576695261437908 0.38644761029411767 0.01403186274509804 0.010027573529411764
1 0.6307434640522875 0.2955652573529412 0.014754901960784312 0.0108609068627451
1 0.6682087418300654 0.2864859068627451 0.016973039215686273 0.011697303921568628
1 0.6421058006535948 0.27456495098039213 0.016237745098039217 0.01113970588235294
0 0.797561274509804 0.6477558210784314 0.01587418300653595 0.01058517156862745
0 0.7961131535947712 0.6654963235294117 0.01624591503267974 0.01113970588235294
0 0.8772079248366014 0.6420450367647059 0.011768790849673203 0.008354779411764705
1 0.9871303104575163 0.6333272058823529 0.01511029411764706 0.01113970588235294
1 0.7347058823529412 0.480531556372549 0.02333333333333333 0.015597426470588234
1 0.7277246732026144 0.49050245098039214 0.024076797385620914 0.015318627450980392