1 0.797998366013072 0.31066176470588236 0.020833333333333332 0.00857843137254902
1 0.7038398692810458 0.31924019607843135 0.027777777777777776 0.022058823529411766
1 0.16237745098039216 0.32245710784313725 0.03308823529411765 0.026041666666666668
1 0.7248774509803921 0.3255208333333333 0.020833333333333332 0.015625
1 0.7220179738562091 0.3524816176470588 0.02900326797385621 0.018688725490196078
0 0.3713235294117647 0.38955269607843135 0.010620915032679739 0.006433823529411764
0 0.43423202614379086 0.39077818627450983 0.014705882352941176 0.007659313725490196
0 0.48794934640522875 0.3949142156862745 0.017565359477124183 0.016544117647058824
0 0.5402369281045751 0.39675245098039214 0.015931372549019607 0.012867647058823529
0 0.3915441176470588 0.3981311274509804 0.015931372549019607 0.01133578431372549
0 0.4152369281045752 0.3990502450980392 0.012663398692810458 0.007659313725490196
0 0.5947712418300654 0.40042892156862747 0.00980392156862745 0.006740196078431373
0 0.6000816993464052 0.4021139705882353 0.012254901960784314 0.008272058823529412
0 0.372140522875817 0.40379901960784315 0.010620915032679739 0.00857843137254902
0 0.8171977124183006 0.4053308823529412 0.020016339869281044 0.017769607843137254
0 0.44750816993464054 0.40548406862745096 0.013480392156862746 0.006433823529411764
0 0.5430964052287581 0.4068627450980392 0.01511437908496732 0.00980392156862745
0 0.35375816993464054 0.4068627450980392 0.014705882352941176 0.00857843137254902
0 0.012254901960784314 0.40824142156862747 0.017973856209150325 0.008884803921568627
0 0.07005718954248366 0.40839460784313725 0.02165032679738562 0.017769607843137254
0 0.33619281045751637 0.40839460784313725 0.013888888888888888 0.010416666666666666
0 0.12438725490196079 0.40900735294117646 0.01919934640522876 0.009191176470588236
0 0.2645016339869281 0.4099264705882353 0.01511437908496732 0.011029411764705883
0 0.5933415032679739 0.41207107843137253 0.015931372549019607 0.010416666666666666
0 0.6211192810457516 0.41299019607843135 0.02246732026143791 0.007352941176470588
0 0.25020424836601307 0.41482843137254904 0.014297385620915032 0.00980392156862745
0 0.5467728758169934 0.41574754901960786 0.01919934640522876 0.007965686274509803
0 0.4152369281045752 0.41651348039215685 0.009395424836601307 0.01133578431372549
0 0.34375 0.4175857843137255 0.015931372549019607 0.011642156862745098
0 0.6727941176470589 0.4186580882352941 0.016339869281045753 0.008272058823529412
0 0.09824346405228758 0.41881127450980393 0.01919934640522876 0.012867647058823529
0 0.29983660130718953 0.41911764705882354 0.015522875816993464 0.007352941176470588
0 0.5671977124183006 0.4215686274509804 0.020833333333333332 0.006127450980392157
0 0.2326388888888889 0.4224877450980392 0.016748366013071895 0.011642156862745098
0 0.3176062091503268 0.4247855392156863 0.012663398692810458 0.008272058823529412
0 0.1613562091503268 0.4284620098039216 0.013888888888888888 0.007659313725490196
0 0.4499591503267974 0.42861519607843135 0.015931372549019607 0.00980392156862745
0 0.6934232026143791 0.42922794117647056 0.016748366013071895 0.011642156862745098
0 0.6709558823529411 0.42984068627450983 0.015931372549019607 0.012867647058823529
0 0.2853349673202614 0.4408700980392157 0.012663398692810458 0.011642156862745098
0 0.099468954248366 0.44485294117647056 0.020016339869281044 0.00857843137254902
0 0.8029003267973857 0.44515931372549017 0.020016339869281044 0.011642156862745098
0 0.08190359477124183 0.44546568627450983 0.015931372549019607 0.00980392156862745
0 0.6999591503267973 0.45098039215686275 0.020016339869281044 0.011029411764705883
0 0.26062091503267976 0.4554227941176471 0.015522875816993464 0.009497549019607842
0 0.3161764705882353 0.4554227941176471 0.021241830065359478 0.010723039215686275
0 0.5547385620915033 0.4569546568627451 0.010620915032679739 0.008272058823529412
0 0.007148692810457516 0.4571078431372549 0.013480392156862746 0.012254901960784314
0 0.10641339869281045 0.46262254901960786 0.020833333333333332 0.012254901960784314
0 0.37397875816993464 0.4635416666666667 0.014297385620915032 0.012254901960784314
0 0.5606617647058824 0.4644607843137255 0.02246732026143791 0.012254901960784314
0 0.8008578431372549 0.4681372549019608 0.015931372549019607 0.011029411764705883
0 0.16339869281045752 0.4681372549019608 0.0196078431372549 0.016544117647058824
0 0.032475490196078434 0.47028186274509803 0.020016339869281044 0.012867647058823529
0 0.29473039215686275 0.4721200980392157 0.016748366013071895 0.014705882352941176
0 0.6006944444444444 0.4730392156862745 0.01919934640522876 0.015931372549019607
0 0.22651143790849673 0.47349877450980393 0.01919934640522876 0.013786764705882353
0 0.25326797385620914 0.47380514705882354 0.0196078431372549 0.012561274509803922
0 0.07659313725490197 0.4742647058823529 0.01838235294117647 0.015931372549019607
0 0.11458333333333333 0.4806985294117647 0.02246732026143791 0.010416666666666666
0 0.6429738562091504 0.48483455882352944 0.018790849673202614 0.009497549019607842
0 0.5663807189542484 0.4880514705882353 0.02246732026143791 0.017769607843137254
0 0.3118872549019608 0.4924938725490196 0.01838235294117647 0.014399509803921568
0 0.284109477124183 0.49356617647058826 0.020016339869281044 0.013480392156862746
0 0.03451797385620915 0.49387254901960786 0.027369281045751634 0.013480392156862746
0 0.09048202614379085 0.49846813725490197 0.024918300653594773 0.014093137254901961
0 0.5026552287581699 0.5003063725490197 0.017565359477124183 0.011642156862745098
0 0.6860702614379085 0.5030637254901961 0.024918300653594773 0.015931372549019607
0 0.2577614379084967 0.5053615196078431 0.015522875816993464 0.009497549019607842
0 0.2798202614379085 0.5061274509803921 0.018790849673202614 0.00980392156862745
0 0.11090686274509803 0.5088848039215687 0.01838235294117647 0.010416666666666666
0 0.3059640522875817 0.5093443627450981 0.0196078431372549 0.01133578431372549
0 0.44076797385620914 0.5128676470588235 0.014705882352941176 0.00857843137254902
0 0.2645016339869281 0.5145526960784313 0.02165032679738562 0.016237745098039217
1 0.2849264705882353 0.05162377450980392 0.025735294117647058 0.02542892156862745
0 0.13623366013071894 0.5291053921568627 0.024918300653594773 0.016544117647058824
0 0.3145424836601307 0.5317095588235294 0.021241830065359478 0.013786764705882353
0 0.6002859477124183 0.5376838235294118 0.023284313725490197 0.02022058823529412
0 0.027165032679738563 0.5407475490196079 0.017565359477124183 0.017769607843137254
0 0.3102532679738562 0.5513174019607843 0.02246732026143791 0.009497549019607842
0 0.5747549019607843 0.5572916666666666 0.022058823529411766 0.018995098039215685
0 0.3960375816993464 0.5579044117647058 0.030637254901960783 0.02022058823529412
0 0.3014705882352941 0.5768995098039216 0.031862745098039214 0.017769607843137254
0 0.28125 0.5916053921568627 0.026552287581699346 0.01838235294117647
0 0.3901143790849673 0.5916053921568627 0.018790849673202614 0.016544117647058824
0 0.46548202614379086 0.6228553921568627 0.0298202614379085 0.014093137254901961
0 0.049019607843137254 0.6452205882352942 0.026143790849673203 0.022058823529411766
0 0.7214052287581699 0.6469056372549019 0.03022875816993464 0.022365196078431373
1 0.840890522875817 0.0663296568627451 0.024918300653594773 0.02297794117647059
1 0.7387663398692811 0.06832107843137254 0.04370915032679738 0.027573529411764705
0 0.289624183006536 0.7178308823529411 0.03349673202614379 0.026348039215686275
1 0.7959558823529411 0.07720588235294118 0.044526143790849675 0.02389705882352941
1 0.8188316993464052 0.01011029411764706 0.03880718954248366 0.02022058823529412
1 0.7902369281045751 0.13388480392156862 0.04044117647058824 0.02389705882352941
1 0.6768790849673203 0.16927083333333334 0.03758169934640523 0.01991421568627451
1 0.889501633986928 0.017463235294117647 0.03880718954248366 0.034926470588235295
1 0.31842320261437906 0.19669117647058823 0.028186274509803922 0.0196078431372549
1 0.7569444444444444 0.21461397058823528 0.025326797385620915 0.024816176470588234
1 0.9270833333333334 0.21798406862745098 0.0298202614379085 0.023590686274509803
1 0.9054330065359477 0.02297794117647059 0.025735294117647058 0.03125
1 0.4736519607843137 0.24540441176470587 0.03145424836601307 0.016544117647058824
1 0.8280228758169934 0.25857843137254904 0.03022875816993464 0.02022058823529412
1 0.7963643790849673 0.2777267156862745 0.03308823529411765 0.02665441176470588