1 0.9810988562091504 0.6305147058823529 0.03491013071895425 0.024509803921568627
1 0.8008578431372549 0.328125 0.02246732026143791 0.014093137254901961
0 0.9478574346405229 0.6620802696078432 0.028067810457516336 0.017175245098039218
1 0.42658088235294117 0.38104319852941176 0.027998366013071898 0.019439338235294118
0 0.22188929738562088 0.4736933210784314 0.019758986928104575 0.012337622549019609
1 0.7847222222222222 0.31035539215686275 0.027777777777777776 0.01838235294117647
1 0.7608619281045751 0.5138403799019607 0.021723856209150325 0.014200367647058823
1 0.7528472222222222 0.5206985294117646 0.021217320261437907 0.01566176470588235
1 0.4314828431372549 0.4172794117647059 0.027998366013071898 0.022058823529411766
1 0.9078839869281046 0.4615502450980392 0.03553921568627451 0.023590686274509803
1 0.3960375816993464 0.548782169117647 0.034722222222222224 0.025260416666666667
0 0.30187908496732024 0.6930147058823529 0.031862745098039214 0.020833333333333332
1 0.852015931372549 0.6340747549019607 0.029195261437908498 0.021213235294117644
1 0.9443361928104576 0.6464016544117647 0.036548202614379084 0.023808210784313725
1 0.9125571895424837 0.6506357230392158 0.035898692810457516 0.024923406862745096
1 0.9705882352941176 0.6216299019607843 0.03758169934640523 0.027573529411764705
0 0.5475898692810458 0.6395526960784313 0.03227124183006536 0.022365196078431373
0 0.13868464052287582 0.7015931372549019 0.046977124183006536 0.03308823529411765
1 0.4247712418300653 0.4419561887254902 0.02519607843137255 0.01810355392156863
1 0.46413807189542483 0.45105698529411764 0.036119281045751635 0.0234375
0 0.5580821078431373 0.4770986519607843 0.0075040849673202615 0.005667892156862745
0 0.6267544934640523 0.4791666666666667 0.0084109477124183 0.004901960784313725
0 0.6651593137254902 0.4771752450980392 0.009240196078431373 0.005208333333333333
1 0.6308251633986928 0.44654564950980397 0.009199346405228757 0.006449142156862746