0 0.4599673202614379 0.7034313725490197 0.018790849673202614 0.012254901960784314
1 0.4368872549019608 0.4652267156862745 0.020833333333333332 0.015012254901960785
1 0.8329248366013072 0.48575367647058826 0.022058823529411766 0.016237745098039217
0 0.6256127450980392 0.5779718137254902 0.014297385620915032 0.008884803921568627
0 0.6550245098039216 0.6848958333333334 0.01919934640522876 0.012561274509803922
0 0.9279003267973857 0.5897671568627451 0.01919934640522876 0.011642156862745098
0 0.616421568627451 0.6060049019607843 0.01715686274509804 0.011642156862745098
1 0.5106209150326797 0.46982230392156865 0.018790849673202614 0.013786764705882353
1 0.2553737745098039 0.4068627450980392 0.01891748366013072 0.014093137254901961
0 0.42769607843137253 0.5908394607843137 0.014705882352941176 0.008884803921568627
1 0.4303513071895425 0.43535539215686275 0.020016339869281044 0.014705882352941176
1 0.664828431372549 0.48575367647058826 0.017565359477124183 0.012561274509803922
0 0.8188316993464052 0.5609681372549019 0.020833333333333332 0.013480392156862746
0 0.5959967320261438 0.7869178921568627 0.0196078431372549 0.014399509803921568
0 0.46548202614379086 0.6004901960784313 0.013480392156862746 0.00980392156862745
0 0.28921568627450983 0.594515931372549 0.014705882352941176 0.01011029411764706
0 0.7569444444444444 0.5954350490196079 0.02287581699346405 0.015625
0 0.46711601307189543 0.586703431372549 0.013480392156862746 0.009191176470588236
1 0.633578431372549 0.22212009803921567 0.02369281045751634 0.017769607843137254
1 0.17851307189542484 0.4348958333333333 0.021241830065359478 0.015012254901960785
1 0.8274101307189542 0.5882352941176471 0.02165032679738562 0.015931372549019607
0 0.3396650326797386 0.6220894607843137 0.01511437908496732 0.01133578431372549
1 0.502859477124183 0.28921568627450983 0.022058823529411766 0.016544117647058824
0 0.4528186274509804 0.5986519607843137 0.013480392156862746 0.00980392156862745
0 0.43729575163398693 0.7941176470588235 0.01919934640522876 0.014705882352941176
1 0.7136437908496732 0.18627450980392157 0.03022875816993464 0.02144607843137255
1 0.605187908496732 0.48284313725490197 0.020016339869281044 0.014093137254901961
1 0.7534722222222222 0.4652267156862745 0.02246732026143791 0.015625
1 0.7261029411764706 0.5297181372549019 0.024918300653594773 0.01715686274509804
1 0.1156045751633987 0.4342830882352941 0.02369281045751634 0.016237745098039217
1 0.6772875816993464 0.2902879901960784 0.027777777777777776 0.01991421568627451
0 0.45322712418300654 0.7859987745098039 0.02246732026143791 0.01685049019607843
1 0.36437908496732024 0.4261642156862745 0.025326797385620915 0.017769607843137254
0 0.2883986928104575 0.6603860294117647 0.016339869281045753 0.013174019607843137
1 0.7069035947712419 0.4852941176470588 0.02165032679738562 0.015318627450980392
1 0.672998366013072 0.4362745098039216 0.025735294117647058 0.01715686274509804
1 0.7048611111111112 0.4408700980392157 0.023284313725490197 0.015931372549019607
1 0.34681372549019607 0.5638786764705882 0.026143790849673203 0.016237745098039217
1 0.3931781045751634 0.4612438725490196 0.025735294117647058 0.017463235294117647
1 0.9799836601307189 0.31433823529411764 0.03349673202614379 0.023284313725490197
1 0.9325980392156863 0.2855392156862745 0.035130718954248366 0.02389705882352941
0 0.6764705882352942 0.7766544117647058 0.029411764705882353 0.022058823529411766
1 0.29361928104575163 0.5028753063725491 0.0194281045751634 0.012490808823529412
1 0.35425857843137254 0.5275965073529412 0.014072712418300654 0.011075367647058822
1 0.3706045751633987 0.5264889705882353 0.01326797385620915 0.008247549019607843
1 0.30973039215686277 0.509874387254902 0.01733660130718954 0.011783088235294118
1 0.32862132352941176 0.4995281862745098 0.013451797385620915 0.011311274509803923
0 0.8332393790849673 0.5632306985294118 0.01860294117647059 0.012490808823529412
0 0.2825020424836602 0.5846997549019608 0.011899509803921569 0.008247549019607843
0 0.015531045751633984 0.6137117034313725 0.016356209150326796 0.00989889705882353
0 0.043909313725490194 0.7220971200980393 0.019191176470588232 0.013434436274509805
1 0.014115604575163398 0.27752604166666667 0.017610294117647057 0.01154718137254902