0 0.71875 0.3869485294117647 0.016748366013071895 0.006740196078431373
0 0.6985294117647058 0.3872549019607843 0.014705882352941176 0.00980392156862745
0 0.821078431372549 0.39139093137254904 0.026143790849673203 0.01685049019607843
0 0.5433006535947712 0.3952205882352941 0.0196078431372549 0.012867647058823529
0 0.5841503267973857 0.4100796568627451 0.018790849673202614 0.01133578431372549
0 0.8837826797385621 0.4102328431372549 0.020833333333333332 0.013480392156862746
0 0.13991013071895425 0.4117647058823529 0.02246732026143791 0.014093137254901961
0 0.031862745098039214 0.4128370098039216 0.01715686274509804 0.012561274509803922
1 0.8954248366013072 0.4401041666666667 0.022058823529411766 0.023590686274509803
1 0.9219771241830066 0.4419424019607843 0.03676470588235294 0.03155637254901961
0 0.16156045751633988 0.4430147058823529 0.030637254901960783 0.015931372549019607
0 0.10049019607843138 0.44699754901960786 0.028594771241830064 0.0196078431372549
0 0.011437908496732025 0.5013786764705882 0.021241830065359478 0.01991421568627451
1 0.9918300653594772 0.5027573529411765 0.016339869281045753 0.025735294117647058
0 0.11417483660130719 0.5091911764705882 0.02900326797385621 0.020833333333333332
0 0.005718954248366013 0.5347732843137255 0.010620915032679739 0.022365196078431373
0 0.9765114379084967 0.5428921568627451 0.017565359477124183 0.014705882352941176
0 0.9609885620915033 0.5454963235294118 0.015931372549019607 0.01133578431372549
1 0.22998366013071894 0.10860906862745098 0.035130718954248366 0.016237745098039217
1 0.8997140522875817 0.0194546568627451 0.0428921568627451 0.0389093137254902
1 0.8406862745098039 0.23759191176470587 0.041666666666666664 0.03462009803921569
1 0.0181781045751634 0.23805147058823528 0.03390522875816993 0.032475490196078434
1 0.24325980392156862 0.26807598039215685 0.03308823529411765 0.024509803921568627
1 0.29268790849673204 0.2815563725490196 0.028186274509803922 0.01715686274509804