1 0.1860702614379085 0.3399203431372549 0.020833333333333332 0.016237745098039217
1 0.7677696078431373 0.36473651960784315 0.034722222222222224 0.02420343137254902
1 0.4464869281045752 0.38265931372549017 0.04330065359477124 0.025122549019607844
1 0.7886029411764706 0.38878676470588236 0.02246732026143791 0.0196078431372549
1 0.7197712418300654 0.3932291666666667 0.03022875816993464 0.02297794117647059
1 0.698937908496732 0.3938419117647059 0.024509803921568627 0.01991421568627451
1 0.8972630718954249 0.3996629901960784 0.024101307189542485 0.02297794117647059
1 0.6290849673202614 0.40379901960784315 0.032679738562091505 0.028186274509803922
1 0.4505718954248366 0.41130514705882354 0.032679738562091505 0.024816176470588234
1 0.2587826797385621 0.4260110294117647 0.03553921568627451 0.018688725490196078
1 0.9389297385620915 0.4338235294117647 0.03227124183006536 0.028799019607843136
1 0.9695669934640523 0.4408700980392157 0.03308823529411765 0.029411764705882353
1 0.45526960784313725 0.4427083333333333 0.03308823529411765 0.01715686274509804
1 0.7728758169934641 0.4482230392156863 0.02696078431372549 0.02267156862745098
1 0.8192401960784313 0.45358455882352944 0.020833333333333332 0.018688725490196078
1 0.7303921568627451 0.45496323529411764 0.02696078431372549 0.02389705882352941
1 0.9726307189542484 0.4690563725490196 0.029411764705882353 0.025735294117647058
1 0.4105392156862745 0.48238357843137253 0.021241830065359478 0.018075980392156864
1 0.5216503267973857 0.48606004901960786 0.028594771241830064 0.02665441176470588
1 0.289624183006536 0.49034926470588236 0.02369281045751634 0.021139705882352942
1 0.3206699346405229 0.5009191176470589 0.02696078431372549 0.015318627450980392
1 0.45179738562091504 0.5039828431372549 0.01715686274509804 0.013480392156862746
1 0.6601307189542484 0.5104166666666666 0.03104575163398693 0.017769607843137254
1 0.2093545751633987 0.5111825980392157 0.02165032679738562 0.013786764705882353
1 0.6343954248366013 0.5134803921568627 0.025326797385620915 0.02022058823529412
1 0.09722222222222222 0.5173100490196079 0.03758169934640523 0.020526960784313725
1 0.41564542483660133 0.5266544117647058 0.02246732026143791 0.02267156862745098
1 0.8415032679738562 0.53125 0.035130718954248366 0.02389705882352941
1 0.9887663398692811 0.5396752450980392 0.02246732026143791 0.03278186274509804
0 0.7281454248366013 0.5490196078431373 0.023284313725490197 0.013480392156862746
1 0.7918709150326797 0.5519301470588235 0.03227124183006536 0.01991421568627451
1 0.15379901960784315 0.5525428921568627 0.028186274509803922 0.020526960784313725
1 0.1198937908496732 0.5543811274509803 0.03145424836601307 0.020526960784313725
1 0.2361111111111111 0.5603553921568627 0.03022875816993464 0.020833333333333332
1 0.7142565359477124 0.5738357843137255 0.024918300653594773 0.015318627450980392
1 0.9458741830065359 0.5896139705882353 0.02165032679738562 0.017463235294117647
1 0.8745915032679739 0.59375 0.03022875816993464 0.025122549019607844
1 0.41156045751633985 0.6004901960784313 0.020016339869281044 0.018995098039215685
1 0.5894607843137255 0.6012561274509803 0.0196078431372549 0.016237745098039217
1 0.8253676470588235 0.6116727941176471 0.025735294117647058 0.02665441176470588
1 0.11621732026143791 0.6128982843137255 0.03145424836601307 0.018075980392156864
1 0.4111519607843137 0.6294424019607843 0.016748366013071895 0.016237745098039217
1 0.1801470588235294 0.6294424019607843 0.029411764705882353 0.013786764705882353
0 0.16523692810457516 0.6731004901960784 0.024918300653594773 0.017769607843137254
0 0.5516748366013072 0.6761642156862745 0.01838235294117647 0.014093137254901961
0 0.2757352941176471 0.6969975490196079 0.035130718954248366 0.016544117647058824
0 0.025531045751633986 0.7005208333333334 0.028186274509803922 0.018075980392156864
0 0.32107843137254904 0.7121629901960784 0.028594771241830064 0.020526960784313725
0 0.477124183006536 0.7276348039215687 0.028594771241830064 0.020833333333333332
0 0.641748366013072 0.8034620098039216 0.03104575163398693 0.02420343137254902
0 0.39072712418300654 0.8098958333333334 0.028186274509803922 0.024816176470588234
0 0.1656454248366013 0.9309129901960784 0.037173202614379085 0.030943627450980393
1 0.7959558823529411 0.11933210784313726 0.02900326797385621 0.021139705882352942
1 0.8717320261437909 0.14185049019607843 0.02696078431372549 0.025122549019607844
1 0.7344771241830066 0.14966299019607843 0.03104575163398693 0.02297794117647059
1 0.9362745098039216 0.16053921568627452 0.031862745098039214 0.029411764705882353
1 0.7890114379084967 0.17693014705882354 0.017565359477124183 0.016237745098039217
1 0.846609477124183 0.20052083333333334 0.027369281045751634 0.020526960784313725
1 0.9046160130718954 0.20726102941176472 0.020016339869281044 0.014399509803921568
1 0.9910130718954249 0.22212009803921567 0.017973856209150325 0.020833333333333332