1 0.4238153594771242 0.5608149509803921 0.015931372549019607 0.01133578431372549
1 0.05616830065359477 0.15977328431372548 0.03145424836601307 0.024816176470588234
1 0.6656454248366013 0.48621323529411764 0.027369281045751634 0.01715686274509804
1 0.9117647058823529 0.5062806372549019 0.032679738562091505 0.021139705882352942
0 0.38929738562091504 0.5905330882352942 0.01715686274509804 0.01011029411764706
1 0.09844771241830065 0.3694852941176471 0.024509803921568627 0.017769607843137254
0 0.19240196078431374 0.5701593137254902 0.017973856209150325 0.011029411764705883
0 0.8312908496732027 0.6331188725490197 0.017973856209150325 0.012561274509803922
1 0.6321486928104575 0.3581495098039216 0.020016339869281044 0.013480392156862746
1 0.26000816993464054 0.4564950980392157 0.03308823529411765 0.02022058823529412
1 0.9620098039215687 0.4446997549019608 0.032679738562091505 0.021139705882352942
0 0.3772467320261438 0.5577512254901961 0.02165032679738562 0.016237745098039217
1 0.9093137254901961 0.40870098039215685 0.02696078431372549 0.01715686274509804
1 0.48427287581699346 0.39215686274509803 0.024101307189542485 0.016544117647058824
1 0.6184640522875817 0.5208333333333334 0.024509803921568627 0.0196078431372549
1 0.6852532679738562 0.41988357843137253 0.026552287581699346 0.01685049019607843
1 0.5845588235294118 0.3200061274509804 0.024509803921568627 0.018075980392156864
1 0.46977124183006536 0.21292892156862744 0.03104575163398693 0.020833333333333332
0 0.16053921568627452 0.6839767156862745 0.022058823529411766 0.014399509803921568
1 0.2252859477124183 0.5090379901960784 0.03145424836601307 0.022365196078431373
1 0.5337009803921569 0.38587622549019607 0.023284313725490197 0.01685049019607843
0 0.6962826797385621 0.6128982843137255 0.017565359477124183 0.012561274509803922
1 0.7426470588235294 0.5004595588235294 0.025326797385620915 0.018075980392156864
1 0.4824346405228758 0.4499080882352941 0.0196078431372549 0.016237745098039217
1 0.25796568627450983 0.30652573529411764 0.02246732026143791 0.015625
1 0.8163807189542484 0.5084252450980392 0.024101307189542485 0.01685049019607843
1 0.7408088235294118 0.6159620098039216 0.028186274509803922 0.018075980392156864
1 0.7320261437908496 0.5372242647058824 0.02287581699346405 0.016237745098039217
1 0.9078839869281046 0.37775735294117646 0.024101307189542485 0.01838235294117647
1 0.4897875816993464 0.22441789215686275 0.026143790849673203 0.01991421568627451
1 0.6548202614379085 0.5782781862745098 0.02042483660130719 0.015625
1 0.6973039215686274 0.5729166666666666 0.024509803921568627 0.014705882352941176
1 0.8484477124183006 0.5672487745098039 0.021241830065359478 0.014399509803921568
0 0.6098856209150327 0.7447916666666666 0.025326797385620915 0.014093137254901961
1 0.6656454248366013 0.5842524509803921 0.01919934640522876 0.015318627450980392
0 0.7185457516339869 0.6289828431372549 0.022058823529411766 0.015931372549019607
1 0.5465686274509803 0.2780330882352941 0.03104575163398693 0.01991421568627451
0 0.8149509803921569 0.7527573529411765 0.022058823529411766 0.014705882352941176
1 0.2694035947712418 0.5055147058823529 0.028186274509803922 0.020833333333333332
1 0.4948937908496732 0.5433517156862745 0.02246732026143791 0.015625
1 0.28165849673202614 0.516390931372549 0.026552287581699346 0.018075980392156864
1 0.6529820261437909 0.4880514705882353 0.0298202614379085 0.01838235294117647
1 0.6456290849673203 0.5249693627450981 0.02165032679738562 0.01685049019607843
1 0.7647058823529411 0.5534620098039216 0.02287581699346405 0.015012254901960785
1 0.5747549019607843 0.34129901960784315 0.02287581699346405 0.015318627450980392
1 0.19587418300653595 0.4895833333333333 0.026552287581699346 0.018995098039215685
1 0.5157271241830066 0.4450061274509804 0.02165032679738562 0.01685049019607843
1 0.3997140522875817 0.5511642156862745 0.027369281045751634 0.0196078431372549
0 0.10232843137254902 0.952359068627451 0.04370915032679738 0.033394607843137254
0 0.7022058823529411 0.6731004901960784 0.0196078431372549 0.014705882352941176
0 0.29840686274509803 0.7026654411764706 0.020833333333333332 0.015625
1 0.6609477124183006 0.49954044117647056 0.025326797385620915 0.016237745098039217
1 0.13786764705882354 0.18903186274509803 0.03227124183006536 0.02267156862745098
1 0.19566993464052287 0.5297181372549019 0.026143790849673203 0.018995098039215685
1 0.37663398692810457 0.5579044117647058 0.022058823529411766 0.017769607843137254
1 0.17544934640522875 0.5438112745098039 0.028186274509803922 0.0196078431372549
0 0.01838235294117647 0.5900735294117647 0.02042483660130719 0.014093137254901961
0 0.5386029411764706 0.7075674019607843 0.024101307189542485 0.018075980392156864
0 0.18259803921568626 0.7933517156862745 0.026143790849673203 0.018075980392156864
1 0.46425653594771243 0.33517156862745096 0.026552287581699346 0.0196078431372549
1 0.5496323529411765 0.5157781862745098 0.03308823529411765 0.020526960784313725
1 0.7559232026143791 0.5249693627450981 0.023284313725490197 0.01685049019607843
1 0.5320669934640523 0.4134497549019608 0.025735294117647058 0.018688725490196078
1 0.8127042483660131 0.5791973039215687 0.026552287581699346 0.017463235294117647
1 0.7708333333333334 0.48483455882352944 0.03104575163398693 0.019301470588235295
1 0.6407271241830066 0.3287377450980392 0.02246732026143791 0.017769607843137254
1 0.6952614379084967 0.4653799019607843 0.021241830065359478 0.016544117647058824
1 0.8564133986928104 0.49417892156862747 0.026552287581699346 0.01838235294117647
1 0.6227532679738562 0.32889093137254904 0.025735294117647058 0.018075980392156864
1 0.5962009803921569 0.31433823529411764 0.027369281045751634 0.018995098039215685
1 0.01491013071895425 0.17034313725490197 0.0298202614379085 0.031862745098039214
0 0.5588235294117647 0.7132352941176471 0.022058823529411766 0.016544117647058824
1 0.18790849673202614 0.41222426470588236 0.03594771241830065 0.02297794117647059
1 0.5753676470588235 0.5644914215686274 0.026552287581699346 0.019301470588235295
0 0.9338235294117647 0.7886029411764706 0.02696078431372549 0.0196078431372549
1 0.6286764705882353 0.5386029411764706 0.02696078431372549 0.01838235294117647
1 0.6100898692810458 0.5865502450980392 0.024101307189542485 0.01685049019607843
1 0.23202614379084968 0.5174632352941176 0.031862745098039214 0.02267156862745098
1 0.32189542483660133 0.31525735294117646 0.029411764705882353 0.020833333333333332
1 0.7802287581699346 0.5076593137254902 0.03022875816993464 0.02144607843137255
0 0.8647875816993464 0.7408088235294118 0.024509803921568627 0.018995098039215685
0 0.5367647058823529 0.7625612745098039 0.026143790849673203 0.02022058823529412
1 0.7518382352941176 0.43949142156862747 0.02900326797385621 0.018688725490196078
1 0.6576797385620915 0.6116727941176471 0.024509803921568627 0.018075980392156864
1 0.3151552287581699 0.4957107843137255 0.0298202614379085 0.020833333333333332
1 0.6258169934640523 0.5173100490196079 0.029411764705882353 0.021139705882352942
1 0.8022406045751634 0.5580575980392157 0.021964869281045754 0.013786764705882353
0 0.6880616830065359 0.6853553921568627 0.019097222222222224 0.012254901960784314