1 0.7941176470588235 0.32184436274509803 0.032679738562091505 0.021139705882352942
1 0.7032271241830066 0.3405330882352941 0.05841503267973856 0.033394607843137254
1 0.16850490196078433 0.36795343137254904 0.042075163398692814 0.02022058823529412
1 0.7483660130718954 0.3782169117647059 0.02287581699346405 0.013786764705882353
0 0.7497957516339869 0.38985906862745096 0.01184640522875817 0.006433823529411764
0 0.7928921568627451 0.3900122549019608 0.016339869281045753 0.00857843137254902
0 0.7591911764705882 0.39077818627450983 0.010212418300653595 0.006433823529411764
0 0.7704248366013072 0.3946078431372549 0.013888888888888888 0.006740196078431373
0 0.755718954248366 0.40027573529411764 0.017973856209150325 0.01011029411764706
0 0.84375 0.4013480392156863 0.00857843137254902 0.006127450980392157
0 0.8519199346405228 0.4019607843137255 0.01184640522875817 0.00980392156862745
0 0.8359885620915033 0.40318627450980393 0.015931372549019607 0.00980392156862745
0 0.7855392156862745 0.40349264705882354 0.012254901960784314 0.010416666666666666
1 0.5957924836601307 0.40625 0.037173202614379085 0.026348039215686275
0 0.5557598039215687 0.4111519607843137 0.034722222222222224 0.017769607843137254
0 0.6178513071895425 0.4111519607843137 0.024101307189542485 0.012867647058823529
1 0.027165032679738563 0.4146752450980392 0.054330065359477125 0.02849264705882353
0 0.670751633986928 0.41590073529411764 0.031862745098039214 0.016237745098039217
0 0.5949754901960784 0.4192708333333333 0.03145424836601307 0.015012254901960785
0 0.5163398692810458 0.43443627450980393 0.03431372549019608 0.02022058823529412
0 0.7906454248366013 0.43596813725490197 0.014297385620915032 0.006740196078431373
0 0.9891748366013072 0.4408700980392157 0.02165032679738562 0.01838235294117647
0 0.36560457516339867 0.4456188725490196 0.026143790849673203 0.015625
0 0.8897058823529411 0.45465686274509803 0.0196078431372549 0.011642156862745098
0 0.9703839869281046 0.4564950980392157 0.02246732026143791 0.013480392156862746
0 0.8037173202614379 0.4572610294117647 0.020016339869281044 0.008884803921568627
0 0.1895424836601307 0.4612438725490196 0.027777777777777776 0.015012254901960785
0 0.5806781045751634 0.46200980392156865 0.04044117647058824 0.022058823529411766
0 0.5402369281045751 0.4632352941176471 0.04044117647058824 0.02144607843137255
0 0.8562091503267973 0.46859681372549017 0.02696078431372549 0.012561274509803922
0 0.8521241830065359 0.47503063725490197 0.0196078431372549 0.01133578431372549
0 0.14930555555555555 0.4788602941176471 0.044526143790849675 0.027573529411764705
0 0.8923611111111112 0.48161764705882354 0.046977124183006536 0.03676470588235294
0 0.7277369281045751 0.48360906862745096 0.02246732026143791 0.011948529411764705
0 0.4305555555555556 0.48483455882352944 0.04820261437908497 0.03155637254901961
0 0.22712418300653595 0.49724264705882354 0.031862745098039214 0.018995098039215685
0 0.6213235294117647 0.49954044117647056 0.05473856209150327 0.03155637254901961
0 0.7497957516339869 0.5344669117647058 0.051879084967320264 0.03216911764705882
0 0.7935049019607843 0.5459558823529411 0.05923202614379085 0.0428921568627451
1 0.16523692810457516 0.007965686274509803 0.0298202614379085 0.015931372549019607
1 0.059027777777777776 0.09880514705882353 0.03390522875816993 0.02542892156862745
1 0.9160539215686274 0.1133578431372549 0.03145424836601307 0.0196078431372549
1 0.35049019607843135 0.11473651960784313 0.06045751633986928 0.04197303921568627
1 0.8796977124183006 0.12362132352941177 0.03308823529411765 0.01991421568627451
1 0.006535947712418301 0.13618259803921567 0.010620915032679739 0.03278186274509804
1 0.1830065359477124 0.15272671568627452 0.07107843137254902 0.0548406862745098
1 0.4270833333333333 0.15778186274509803 0.04779411764705882 0.027573529411764705
1 0.010416666666666666 0.15793504901960784 0.015931372549019607 0.02542892156862745
1 0.7953431372549019 0.16651348039215685 0.041666666666666664 0.026041666666666668
1 0.4918300653594771 0.01914828431372549 0.07107843137254902 0.03707107843137255
1 0.17708333333333334 0.19270833333333334 0.03308823529411765 0.028186274509803922
1 0.5545343137254902 0.22349877450980393 0.06331699346405228 0.04013480392156863
1 0.024509803921568627 0.026041666666666668 0.04738562091503268 0.03431372549019608
1 0.1198937908496732 0.29764093137254904 0.05514705882352941 0.035845588235294115
1 0.7998366013071896 0.30453431372549017 0.022058823529411766 0.013480392156862746