1 0.4236111111111111 0.004748774509803921 0.035130718954248366 0.009497549019607842
1 0.41675653594771245 0.29381127450980393 0.036127450980392155 0.028186274509803922
1 0.6280637254901961 0.007659313725490196 0.04779411764705882 0.015318627450980392
1 0.19648692810457516 0.25474877450980393 0.028594771241830064 0.018075980392156864
1 0.38500816993464054 0.28722426470588236 0.026552287581699346 0.01991421568627451
1 0.3014705882352941 0.17356004901960784 0.0392156862745098 0.023590686274509803
1 0.5122549019607843 0.08547794117647059 0.031862745098039214 0.0196078431372549
1 0.6035539215686274 0.21599264705882354 0.026552287581699346 0.01838235294117647
1 0.20955882352941177 0.02696078431372549 0.04493464052287582 0.026348039215686275
0 0.011233660130718954 0.5427389705882353 0.01919934640522876 0.017463235294117647
0 0.29248366013071897 0.3708639705882353 0.022058823529411766 0.011948529411764705
0 0.5269607843137255 0.6452205882352942 0.02696078431372549 0.018995098039215685
0 0.45955882352941174 0.37607230392156865 0.02042483660130719 0.011948529411764705
1 0.3602941176470588 0.17064950980392157 0.04084967320261438 0.024509803921568627
1 0.1750408496732026 0.24065563725490197 0.03227124183006536 0.022365196078431373
0 0.1068218954248366 0.5733762254901961 0.025735294117647058 0.01685049019607843
1 0.014501633986928105 0.005361519607843137 0.026552287581699346 0.010723039215686275
0 0.30269607843137253 0.6740196078431373 0.03022875816993464 0.0196078431372549
1 0.6243872549019608 0.10094975490196079 0.03390522875816993 0.02297794117647059
1 0.13909313725490197 0.20450367647058823 0.037173202614379085 0.02665441176470588
1 0.36090686274509803 0.29503676470588236 0.024918300653594773 0.018995098039215685
1 0.2542892156862745 0.3079718137254902 0.0298202614379085 0.020355392156862745
0 0.3480392156862745 0.3762254901960784 0.016339869281045753 0.011642156862745098
0 0.7312091503267973 0.6377144607843137 0.027777777777777776 0.018688725490196078
1 0.45016339869281047 0.28599877450980393 0.03104575163398693 0.023590686274509803
0 0.429125816993464 0.3939950980392157 0.02246732026143791 0.014705882352941176
1 0.2653186274509804 0.2107843137254902 0.03390522875816993 0.02267156862745098
1 0.3641973039215686 0.09509497549019608 0.04293709150326797 0.028425245098039217
1 0.21620710784313724 0.17056372549019608 0.04434232026143791 0.024338235294117647
1 0.14501633986928106 0.3509497549019608 0.03104575163398693 0.02297794117647059
0 0.8549836601307189 0.5119485294117647 0.024509803921568627 0.015931372549019607
1 0.9183006535947712 0.25612745098039214 0.035130718954248366 0.02389705882352941
1 0.6313316993464052 0.02971813725490196 0.03553921568627451 0.024509803921568627
1 0.36008986928104575 0.25934436274509803 0.03227124183006536 0.02665441176470588
1 0.5612745098039216 0.09037990196078431 0.041666666666666664 0.025735294117647058
1 0.48366013071895425 0.03354779411764706 0.04330065359477124 0.026041666666666668
0 0.8792892156862745 0.6873468137254902 0.03227124183006536 0.02297794117647059
1 0.8180147058823529 0.20389093137254902 0.02900326797385621 0.022365196078431373
0 0.16584967320261437 0.6813725490196079 0.04003267973856209 0.026348039215686275
1 0.18788398692810457 0.17931372549019606 0.03834967320261438 0.02590686274509804
1 0.44546568627450983 0.10094975490196079 0.039624183006535946 0.02542892156862745
1 0.6842320261437909 0.2705269607843137 0.041666666666666664 0.02696078431372549
1 0.6027369281045751 0.14981617647058823 0.0363562091503268 0.024509803921568627
1 0.8517156862745098 0.35462622549019607 0.029411764705882353 0.020526960784313725
1 0.24836601307189543 0.33088235294117646 0.031862745098039214 0.023284313725490197
1 0.17892156862745098 0.3232230392156863 0.03104575163398693 0.02144607843137255
1 0.5898692810457516 0.0585171568627451 0.042483660130718956 0.03308823529411765
0 0.3909313725490196 0.36580882352941174 0.018790849673202614 0.012867647058823529
1 0.672998366013072 0.15150122549019607 0.037173202614379085 0.02420343137254902
1 0.9581290849673203 0.38066789215686275 0.02900326797385621 0.020526960784313725
1 0.21997549019607843 0.34620098039215685 0.03308823529411765 0.02389705882352941
1 0.9158496732026143 0.4290747549019608 0.03431372549019608 0.024816176470588234
1 0.21200980392156862 0.27910539215686275 0.03431372549019608 0.022058823529411766
1 0.8590686274509803 0.08639705882352941 0.03758169934640523 0.025735294117647058
1 0.20159313725490197 0.14736519607843138 0.03227124183006536 0.023284313725490197
1 0.061683006535947715 0.3244485294117647 0.0661764705882353 0.04718137254901961
1 0.6309232026143791 0.06418504901960784 0.037173202614379085 0.029105392156862746
0 0.32373366013071897 0.3779105392156863 0.017565359477124183 0.011948529411764705
1 0.2881944444444444 0.2890625 0.02900326797385621 0.018688725490196078
1 0.8782679738562091 0.025122549019607844 0.042483660130718956 0.03002450980392157
1 0.49019607843137253 0.2855392156862745 0.032679738562091505 0.025735294117647058
1 0.16380718954248366 0.10355392156862746 0.0727124183006536 0.05024509803921569
0 0.40625 0.3671875 0.017565359477124183 0.011948529411764705
1 0.8214869281045751 0.13909313725490197 0.03594771241830065 0.023284313725490197
1 0.3276143790849673 0.3396139705882353 0.028594771241830064 0.020526960784313725
1 0.9217728758169934 0.2264093137254902 0.046977124183006536 0.03308823529411765
0 0.7199754901960784 0.5049019607843137 0.03390522875816993 0.02144607843137255
1 0.7401960784313726 0.3414522058823529 0.03104575163398693 0.022365196078431373
0 0.7064950980392157 0.6557904411764706 0.03880718954248366 0.029105392156862746
1 0.04125816993464052 0.38817401960784315 0.042483660130718956 0.028186274509803922
1 0.5494281045751634 0.35860906862745096 0.03431372549019608 0.02542892156862745
1 0.6709558823529411 0.04243259803921569 0.03880718954248366 0.0272671568627451
1 0.6527777777777778 0.2581188725490196 0.03839869281045752 0.02849264705882353
1 0.5549428104575164 0.29181985294117646 0.03553921568627451 0.02665441176470588
1 0.6813725490196079 0.10661764705882353 0.04003267973856209 0.028799019607843136
0 0.8073937908496732 0.514859068627451 0.03308823529411765 0.021139705882352942
0 0.9201388888888888 0.6893382352941176 0.05024509803921569 0.030637254901960783
1 0.18218954248366012 0.36534926470588236 0.031862745098039214 0.024816176470588234