1 0.5553513071895425 0.3089767156862745 0.03227124183006536 0.019301470588235295
1 0.90625 0.3229166666666667 0.010212418300653595 0.007352941176470588
1 0.9712009803921569 0.33517156862745096 0.012663398692810458 0.00980392156862745
1 0.8674428104575164 0.34160539215686275 0.013480392156862746 0.010416666666666666
1 0.8443627450980392 0.34375 0.014705882352941176 0.00857843137254902
1 0.897671568627451 0.3478860294117647 0.011029411764705883 0.01011029411764706
1 0.5102124183006536 0.3524816176470588 0.028594771241830064 0.016237745098039217
1 0.8500816993464052 0.3628982843137255 0.018790849673202614 0.0070465686274509805
1 0.9252450980392157 0.36443014705882354 0.014705882352941176 0.008272058823529412
1 0.6946486928104575 0.36519607843137253 0.03308823529411765 0.022058823529411766
1 0.869281045751634 0.3743872549019608 0.014705882352941176 0.00857843137254902
1 0.8776552287581699 0.3746936274509804 0.011029411764705883 0.011642156862745098
1 0.39869281045751637 0.37653186274509803 0.01715686274509804 0.015318627450980392
1 0.8302696078431373 0.38786764705882354 0.013480392156862746 0.00980392156862745
1 0.0835375816993464 0.38985906862745096 0.012663398692810458 0.009497549019607842
1 0.8688725490196079 0.39108455882352944 0.0196078431372549 0.010723039215686275
1 0.09027777777777778 0.3929227941176471 0.013071895424836602 0.011948529411764705
1 0.815359477124183 0.39338235294117646 0.016339869281045753 0.00980392156862745
1 0.8257761437908496 0.4028799019607843 0.013480392156862746 0.011642156862745098
1 0.8588643790849673 0.40425857843137253 0.012663398692810458 0.01133578431372549
1 0.26429738562091504 0.4489889705882353 0.02287581699346405 0.021752450980392156
1 0.8098447712418301 0.45266544117647056 0.02165032679738562 0.016237745098039217
1 0.2757352941176471 0.4568014705882353 0.02287581699346405 0.023284313725490197
1 0.2861519607843137 0.4647671568627451 0.024918300653594773 0.027573529411764705
0 0.9569035947712419 0.47089460784313725 0.010212418300653595 0.009191176470588236
1 0.10804738562091504 0.4739583333333333 0.03390522875816993 0.02389705882352941
1 0.3306781045751634 0.4753370098039216 0.0363562091503268 0.023590686274509803
0 0.8645833333333334 0.4810049019607843 0.009395424836601307 0.007352941176470588
1 0.5629084967320261 0.48131127450980393 0.03349673202614379 0.02389705882352941
0 0.8688725490196079 0.4886642156862745 0.00980392156862745 0.006740196078431373
0 0.8946078431372549 0.4918811274509804 0.008986928104575163 0.009497549019607842
0 0.8786764705882353 0.49325980392156865 0.00980392156862745 0.00857843137254902
1 0.9046160130718954 0.49785539215686275 0.01919934640522876 0.011642156862745098
1 0.9219771241830066 0.524203431372549 0.015522875816993464 0.010416666666666666
1 0.18443627450980393 0.5274203431372549 0.030637254901960783 0.030943627450980393
1 0.2514297385620915 0.5315563725490197 0.0298202614379085 0.017769607843137254
1 0.974468954248366 0.5854779411764706 0.01511437908496732 0.011642156862745098
1 0.14562908496732027 0.5905330882352942 0.026552287581699346 0.013786764705882353
1 0.05106209150326797 0.5932904411764706 0.02696078431372549 0.016237745098039217
1 0.7945261437908496 0.600796568627451 0.03022875816993464 0.027573529411764705
1 0.3176062091503268 0.6024816176470589 0.025735294117647058 0.01685049019607843
0 0.9564950980392157 0.6204044117647058 0.025735294117647058 0.014093137254901961
0 0.494281045751634 0.6315870098039216 0.01715686274509804 0.015625
1 0.7438725490196079 0.6424632352941176 0.035130718954248366 0.029411764705882353
0 0.8837826797385621 0.6767769607843137 0.016748366013071895 0.014705882352941176
1 0.2763480392156863 0.6772365196078431 0.03145424836601307 0.02297794117647059
1 0.35804738562091504 0.6835171568627451 0.03799019607843137 0.028186274509803922
0 0.2493872549019608 0.6847426470588235 0.020016339869281044 0.012254901960784314
0 0.48999183006535946 0.7051164215686274 0.030637254901960783 0.021139705882352942
0 0.1431781045751634 0.7077205882352942 0.011029411764705883 0.00980392156862745
0 0.22630718954248366 0.7124693627450981 0.02042483660130719 0.01685049019607843
0 0.2426470588235294 0.7296262254901961 0.013888888888888888 0.012561274509803922
0 0.31433823529411764 0.7354473039215687 0.020833333333333332 0.015625
0 0.4207516339869281 0.7359068627450981 0.018790849673202614 0.014705882352941176
0 0.7066993464052288 0.7438725490196079 0.02287581699346405 0.02144607843137255
0 0.2881944444444444 0.7440257352941176 0.020016339869281044 0.018075980392156864
0 0.43566176470588236 0.7463235294117647 0.012663398692810458 0.014093137254901961
0 0.3396650326797386 0.7506127450980392 0.015931372549019607 0.012254901960784314
0 0.36233660130718953 0.750765931372549 0.014705882352941176 0.01685049019607843
0 0.5663807189542484 0.7561274509803921 0.020833333333333332 0.02022058823529412
0 0.6162173202614379 0.7561274509803921 0.020833333333333332 0.015318627450980392
0 0.19321895424836602 0.7588848039215687 0.021241830065359478 0.018995098039215685
0 0.04084967320261438 0.7651654411764706 0.0196078431372549 0.017463235294117647
0 0.13868464052287582 0.7743566176470589 0.025735294117647058 0.014399509803921568
0 0.7849264705882353 0.7775735294117647 0.03145424836601307 0.03002450980392157
0 0.369281045751634 0.7823223039215687 0.018790849673202614 0.015625
0 0.6397058823529411 0.7904411764705882 0.02287581699346405 0.020833333333333332
0 0.24142156862745098 0.7912071078431373 0.026143790849673203 0.02420343137254902
0 0.44955065359477125 0.8002450980392157 0.020016339869281044 0.014705882352941176
0 0.04370915032679738 0.8036151960784313 0.017973856209150325 0.017769607843137254
0 0.153390522875817 0.8036151960784313 0.0298202614379085 0.014093137254901961
0 0.23080065359477125 0.8083639705882353 0.03104575163398693 0.019301470588235295
0 0.31495098039215685 0.8106617647058824 0.015522875816993464 0.014093137254901961
0 0.514297385620915 0.8147977941176471 0.03349673202614379 0.027879901960784315
0 0.47610294117647056 0.8158700980392157 0.024101307189542485 0.022058823529411766
0 0.2506127450980392 0.8158700980392157 0.024101307189542485 0.015318627450980392
0 0.05555555555555555 0.8235294117647058 0.026143790849673203 0.02022058823529412
0 0.2679738562091503 0.8246017156862745 0.022058823529411766 0.01685049019607843
0 0.5533088235294118 0.8463541666666666 0.02246732026143791 0.022365196078431373
0 0.5014297385620915 0.8550857843137255 0.02246732026143791 0.01715686274509804