1 0.45669934640522875 0.32598039215686275 0.02369281045751634 0.015318627450980392
1 0.20383986928104575 0.6311274509803921 0.02696078431372549 0.02022058823529412
0 0.35500612745098037 0.466078431372549 0.017201797385620915 0.013651960784313726
1 0.8733660130718954 0.29059436274509803 0.02287581699346405 0.016237745098039217
0 0.5941584967320261 0.882046568627451 0.01838235294117647 0.014093137254901961
1 0.8078022875816994 0.0934436274509804 0.027369281045751634 0.0196078431372549
0 0.05718954248366013 0.7470894607843137 0.02369281045751634 0.014399509803921568
1 0.7001633986928104 0.11427696078431372 0.022058823529411766 0.016544117647058824
1 0.5827205882352942 0.47472426470588236 0.03145424836601307 0.021139705882352942
1 0.8488562091503268 0.07720588235294118 0.02696078431372549 0.018995098039215685
0 0.9662990196078431 0.7104779411764706 0.016748366013071895 0.012254901960784314
0 0.9093137254901961 0.6435355392156863 0.014705882352941176 0.010723039215686275
1 0.8353758169934641 0.20833333333333334 0.022058823529411766 0.015931372549019607
1 0.7265114379084967 0.2725183823529412 0.024101307189542485 0.017463235294117647
1 0.3382352941176471 0.5347732843137255 0.032679738562091505 0.021752450980392156
0 0.9618055555555556 0.6999080882352942 0.016748366013071895 0.011948529411764705
1 0.9115604575163399 0.29764093137254904 0.026552287581699346 0.01991421568627451
1 0.883578431372549 0.5326286764705882 0.02696078431372549 0.018688725490196078
1 0.9642565359477124 0.5191482843137255 0.025735294117647058 0.018688725490196078
1 0.31433823529411764 0.6311274509803921 0.0298202614379085 0.020833333333333332
1 0.6597222222222222 0.5026041666666666 0.027777777777777776 0.020526960784313725
0 0.05494281045751634 0.9008884803921569 0.026552287581699346 0.020526960784313725
0 0.8833741830065359 0.6634497549019608 0.01511437908496732 0.01011029411764706
0 0.9485294117647058 0.7319240196078431 0.021241830065359478 0.014093137254901961
0 0.6895424836601307 0.6507352941176471 0.014705882352941176 0.011029411764705883
1 0.6981209150326797 0.14430147058823528 0.024509803921568627 0.01715686274509804
0 0.8905228758169934 0.6614583333333334 0.016339869281045753 0.010416666666666666
1 0.7109885620915033 0.16115196078431374 0.02246732026143791 0.014705882352941176
0 0.8609068627450981 0.6574754901960784 0.016748366013071895 0.010416666666666666
1 0.9295343137254902 0.13357843137254902 0.02165032679738562 0.015931372549019607
1 0.6262254901960784 0.4303002450980392 0.024509803921568627 0.017463235294117647
1 0.44750816993464054 0.4255514705882353 0.02900326797385621 0.020833333333333332
1 0.6235702614379085 0.4097732843137255 0.02246732026143791 0.015625
1 0.31699346405228757 0.29733455882352944 0.032679738562091505 0.02297794117647059
0 0.6117238562091504 0.6616115196078431 0.016748366013071895 0.012561274509803922
1 0.4244281045751634 0.5572916666666666 0.03594771241830065 0.025122549019607844
0 0.7691993464052288 0.9306066176470589 0.02042483660130719 0.015012254901960785
1 0.5923202614379085 0.5435049019607843 0.028594771241830064 0.02022058823529412
1 0.27941176470588236 0.5568321078431373 0.03104575163398693 0.020526960784313725
0 0.9117647058823529 0.6905637254901961 0.017973856209150325 0.012867647058823529
0 0.8986928104575164 0.7562806372549019 0.021241830065359478 0.013786764705882353
1 0.8623366013071896 0.5211397058823529 0.028594771241830064 0.020833333333333332
1 0.8880718954248366 0.3226102941176471 0.028594771241830064 0.02022058823529412
0 0.9450571895424836 0.6295955882352942 0.01838235294117647 0.011642156862745098
0 0.5449346405228758 0.8258272058823529 0.02369281045751634 0.018688725490196078
0 0.7352941176470589 0.6527267156862745 0.01715686274509804 0.012561274509803922
0 0.7612336601307189 0.6683517156862745 0.015931372549019607 0.01133578431372549
1 0.9842728758169934 0.19944852941176472 0.03145424836601307 0.023284313725490197
0 0.5712826797385621 0.6688112745098039 0.016748366013071895 0.012254901960784314
1 0.19791666666666666 0.45879289215686275 0.03145424836601307 0.022365196078431373
0 0.7984068627450981 0.7366727941176471 0.020016339869281044 0.015625
1 0.8272058823529411 0.14568014705882354 0.027777777777777776 0.01991421568627451
0 0.7759395424836601 0.6735600490196079 0.016748366013071895 0.011948529411764705
1 0.22589869281045752 0.6245404411764706 0.03431372549019608 0.02420343137254902
1 0.6842320261437909 0.14414828431372548 0.025326797385620915 0.018688725490196078
1 0.5463643790849673 0.28890931372549017 0.03145424836601307 0.02144607843137255
1 0.9434232026143791 0.5073529411764706 0.0298202614379085 0.022058823529411766
0 0.8057598039215687 0.6545649509803921 0.01838235294117647 0.012561274509803922
1 0.5173611111111112 0.5816482843137255 0.030637254901960783 0.020526960784313725
0 0.4209558823529412 0.8518688725490197 0.023284313725490197 0.018075980392156864
1 0.5161356209150327 0.5006127450980392 0.030637254901960783 0.02022058823529412
0 0.24816176470588236 0.8504901960784313 0.024918300653594773 0.01838235294117647
1 0.7963643790849673 0.09129901960784313 0.02900326797385621 0.020833333333333332
0 0.9662990196078431 0.7297794117647058 0.020833333333333332 0.014093137254901961
1 0.6662581699346405 0.13970588235294118 0.024509803921568627 0.01838235294117647
1 0.6511437908496732 0.6539522058823529 0.027777777777777776 0.019301470588235295
1 0.755718954248366 0.592984068627451 0.029411764705882353 0.019301470588235295
0 0.5578022875816994 0.7931985294117647 0.02246732026143791 0.015931372549019607
1 0.7058823529411765 0.21308210784313725 0.028594771241830064 0.021139705882352942
1 0.9536356209150327 0.17539828431372548 0.0298202614379085 0.021752450980392156
1 0.5992647058823529 0.4375 0.031862745098039214 0.022058823529411766
1 0.24428104575163398 0.7074142156862745 0.03758169934640523 0.027573529411764705
0 0.9385212418300654 0.7601102941176471 0.023284313725490197 0.015931372549019607
0 0.5863970588235294 0.789828431372549 0.02246732026143791 0.017769607843137254
1 0.9575163398692811 0.5738357843137255 0.03104575163398693 0.02267156862745098
0 0.7375408496732027 0.7565870098039216 0.023284313725490197 0.01685049019607843
0 0.497140522875817 0.9018075980392157 0.026143790849673203 0.021752450980392156
0 0.9203431372549019 0.7889093137254902 0.025326797385620915 0.01838235294117647
0 0.7265114379084967 0.7207414215686274 0.02246732026143791 0.01685049019607843
1 0.6437908496732027 0.5712316176470589 0.03104575163398693 0.02297794117647059
1 0.7318218954248366 0.36642156862745096 0.03145424836601307 0.020833333333333332
0 0.9793709150326797 0.7827818627450981 0.024101307189542485 0.01715686274509804
0 0.36202818627450983 0.4889031862745098 0.010821078431372548 0.007830882352941175
0 0.3764133986928105 0.4936688112745098 0.012630718954248367 0.008170955882352941
0 0.3814971405228758 0.488391544117647 0.012177287581699345 0.006807598039215686
0 0.3979248366013072 0.48948069852941173 0.009901960784313725 0.00714767156862745
0 0.9228247549019607 0.6495772058823529 0.01395016339869281 0.010551470588235294
0 0.6468055555555556 0.6361994485294117 0.01583333333333333 0.00953125
0 0.6175796568627451 0.6113158700980392 0.015388071895424838 0.008170955882352941
0 0.8084150326797386 0.682564338235294 0.01715686274509804 0.008511029411764705