1 0.215890522875817 0.5876225490196079 0.05759803921568627 0.03308823529411765
1 0.4223856209150327 0.5911458333333334 0.049836601307189546 0.02665441176470588
0 0.8202614379084967 0.6495098039215687 0.016339869281045753 0.012254901960784314
1 0.04554738562091503 0.6501225490196079 0.04044117647058824 0.028799019607843136
0 0.8382352941176471 0.6501225490196079 0.017973856209150325 0.010416666666666666
0 0.31576797385620914 0.6723345588235294 0.022058823529411766 0.010723039215686275
0 0.590890522875817 0.6986825980392157 0.025735294117647058 0.015012254901960785
0 0.9556781045751634 0.7041973039215687 0.039624183006535946 0.022365196078431373
0 0.2563316993464052 0.7048100490196079 0.026552287581699346 0.013174019607843137
0 0.27062908496732024 0.7317708333333334 0.03145424836601307 0.01685049019607843
0 0.27798202614379086 0.7539828431372549 0.03308823529411765 0.029411764705882353
0 0.8525326797385621 0.7717524509803921 0.035130718954248366 0.025122549019607844
0 0.11397058823529412 0.7752757352941176 0.041666666666666664 0.026041666666666668
0 0.8707107843137255 0.8071384803921569 0.03553921568627451 0.02420343137254902
0 0.29064542483660133 0.8322610294117647 0.04125816993464052 0.03952205882352941
0 0.1830065359477124 0.8520220588235294 0.049836601307189546 0.03370098039215686
0 0.9109477124183006 0.859375 0.05473856209150327 0.03431372549019608
0 0.01491013071895425 0.8716299019607843 0.0298202614379085 0.029411764705882353
0 0.04718137254901961 0.9638480392156863 0.0559640522875817 0.04044117647058824