1 0.21772875816993464 0.3466605392156863 0.03022875816993464 0.020526960784313725
1 0.14583333333333334 0.35324754901960786 0.02696078431372549 0.016544117647058824
1 0.18423202614379086 0.35799632352941174 0.017973856209150325 0.013174019607843137
1 0.14276960784313725 0.37653186274509803 0.03308823529411765 0.02022058823529412
1 0.4959150326797386 0.37699142156862747 0.027777777777777776 0.02420343137254902
1 0.4446486928104575 0.3831188725490196 0.04125816993464052 0.027879901960784315
1 0.19076797385620914 0.41942401960784315 0.02287581699346405 0.018995098039215685
1 0.25183823529411764 0.44638480392156865 0.05106209150326797 0.027573529411764705
1 0.011029411764705883 0.4733455882352941 0.022058823529411766 0.018995098039215685
1 0.034722222222222224 0.48621323529411764 0.035130718954248366 0.02144607843137255
1 0.4027777777777778 0.4882046568627451 0.02696078431372549 0.017463235294117647
1 0.7559232026143791 0.5016850490196079 0.03799019607843137 0.020526960784313725
1 0.7542892156862745 0.5159313725490197 0.01838235294117647 0.011029411764705883
1 0.5635212418300654 0.5162377450980392 0.026552287581699346 0.017769607843137254
1 0.4375 0.5171568627450981 0.042483660130718956 0.022058823529411766
1 0.3735702614379085 0.5174632352941176 0.04861111111111111 0.03125
1 0.45812908496732024 0.524203431372549 0.023284313725490197 0.02144607843137255
1 0.027573529411764705 0.5359987745098039 0.03308823529411765 0.022365196078431373
1 0.7502042483660131 0.5409007352941176 0.015931372549019607 0.008884803921568627
1 0.8410947712418301 0.5419730392156863 0.02369281045751634 0.015931372549019607
1 0.20404411764705882 0.5497855392156863 0.025735294117647058 0.017463235294117647
1 0.6825980392156863 0.5540747549019608 0.031862745098039214 0.01991421568627451
1 0.23835784313725492 0.5560661764705882 0.046977124183006536 0.04044117647058824
1 0.08619281045751634 0.5608149509803921 0.0392156862745098 0.023590686274509803
1 0.5400326797385621 0.5981924019607843 0.05473856209150327 0.0389093137254902
1 0.06311274509803921 0.5997242647058824 0.03799019607843137 0.019301470588235295
1 0.6446078431372549 0.6050857843137255 0.04411764705882353 0.029411764705882353
1 0.03370098039215686 0.6106004901960784 0.015931372549019607 0.012254901960784314
1 0.052083333333333336 0.6308210784313726 0.020833333333333332 0.015318627450980392
1 0.1213235294117647 0.6478247549019608 0.024509803921568627 0.013174019607843137
1 0.17116013071895425 0.6524203431372549 0.0457516339869281 0.030330882352941176
0 0.7538807189542484 0.6617647058823529 0.012663398692810458 0.00980392156862745
0 0.7890114379084967 0.6654411764705882 0.014297385620915032 0.00980392156862745
0 0.9693627450980392 0.6691176470588235 0.01715686274509804 0.014705882352941176
0 0.7540849673202614 0.6764705882352942 0.013888888888888888 0.013480392156862746
0 0.9652777777777778 0.6862745098039216 0.018790849673202614 0.013480392156862746
0 0.9526143790849673 0.7008272058823529 0.02369281045751634 0.008884803921568627
0 0.9458741830065359 0.7113970588235294 0.017565359477124183 0.009191176470588236
0 0.7209967320261438 0.7161458333333334 0.027777777777777776 0.018075980392156864
0 0.9779411764705882 0.7242647058823529 0.016339869281045753 0.015931372549019607
0 0.7865604575163399 0.7306985294117647 0.015931372549019607 0.007965686274509803
0 0.9503676470588235 0.7310049019607843 0.020016339869281044 0.011029411764705883
0 0.9803921568627451 0.7431066176470589 0.03431372549019608 0.022365196078431373
1 0.07741013071895425 0.7432598039215687 0.05106209150326797 0.03860294117647059
0 0.7994281045751634 0.7565870098039216 0.018790849673202614 0.013174019607843137
0 0.8776552287581699 0.7565870098039216 0.023284313725490197 0.012561274509803922
0 0.9562908496732027 0.7581188725490197 0.02369281045751634 0.013174019607843137
0 0.21895424836601307 0.7720588235294118 0.02369281045751634 0.01838235294117647
0 0.5465686274509803 0.7737438725490197 0.03839869281045752 0.02542892156862745
0 0.8453839869281046 0.7774203431372549 0.020016339869281044 0.013786764705882353
0 0.8406862745098039 0.7824754901960784 0.018790849673202614 0.012254901960784314
0 0.8747957516339869 0.7941176470588235 0.0428921568627451 0.03002450980392157
0 0.7224264705882353 0.7944240196078431 0.01919934640522876 0.015931372549019607
0 0.17790032679738563 0.7979473039215687 0.04125816993464052 0.02542892156862745
0 0.4415849673202614 0.8056066176470589 0.04820261437908497 0.0352328431372549
0 0.07352941176470588 0.8174019607843137 0.04411764705882353 0.03125
0 0.6170343137254902 0.8181678921568627 0.04534313725490196 0.03707107843137255
0 0.7436683006535948 0.8704044117647058 0.051879084967320264 0.032475490196078434
0 0.7741013071895425 0.8831188725490197 0.056372549019607844 0.04197303921568627