1 0.5055147058823529 0.31142769607843135 0.034722222222222224 0.024816176470588234
1 0.5451388888888888 0.31786151960784315 0.01919934640522876 0.018075980392156864
1 0.21568627450980393 0.35263480392156865 0.021241830065359478 0.015931372549019607
1 0.6725898692810458 0.37316176470588236 0.02165032679738562 0.017769607843137254
1 0.8629493464052288 0.3799019607843137 0.028186274509803922 0.01838235294117647
1 0.335375816993464 0.41605392156862747 0.021241830065359478 0.014705882352941176
1 0.02900326797385621 0.4247855392156863 0.022058823529411766 0.013786764705882353
1 0.4266748366013072 0.4348958333333333 0.030637254901960783 0.018075980392156864
1 0.44955065359477125 0.4416360294117647 0.02900326797385621 0.017463235294117647
1 0.8666258169934641 0.4655330882352941 0.024101307189542485 0.014399509803921568
1 0.40645424836601307 0.47120098039215685 0.026143790849673203 0.016544117647058824
1 0.222718545751634 0.4723177083333333 0.024685457516339868 0.01939031862745098
1 0.6072303921568627 0.47579656862745096 0.024918300653594773 0.02389705882352941
1 0.0872140522875817 0.49065563725490197 0.024101307189542485 0.017463235294117647
1 0.8545751633986928 0.4996936274509804 0.03022875816993464 0.0196078431372549
1 0.338031045751634 0.5047487745098039 0.028186274509803922 0.024816176470588234
1 0.1517565359477124 0.5150122549019608 0.03308823529411765 0.02267156862745098
1 0.8709150326797386 0.5366115196078431 0.029411764705882353 0.0272671568627451
1 0.09558823529411764 0.5373774509803921 0.022058823529411766 0.015931372549019607
1 0.00980392156862745 0.5473345588235294 0.0196078431372549 0.017463235294117647
1 0.39419934640522875 0.5597426470588235 0.025326797385620915 0.015931372549019607
1 0.39285743464052286 0.5825674019607843 0.021825980392156864 0.022365196078431373
1 0.7340686274509803 0.5920649509803921 0.025326797385620915 0.018688725490196078
1 0.7436683006535948 0.5980392156862745 0.025735294117647058 0.015318627450980392
1 0.8560049019607843 0.5986519607843137 0.02165032679738562 0.015931372549019607
1 0.8986928104575164 0.6156556372549019 0.027777777777777776 0.020526960784313725
1 0.017361111111111112 0.6302083333333334 0.025735294117647058 0.020833333333333332
1 0.8470179738562091 0.6364889705882353 0.024918300653594773 0.020526960784313725
1 0.18484477124183007 0.6346507352941176 0.023284313725490197 0.020526960784313725
1 0.8404820261437909 0.6744791666666666 0.028186274509803922 0.01991421568627451
1 0.8024918300653595 0.6810661764705882 0.02246732026143791 0.014093137254901961
1 0.6607434640522876 0.7107843137254902 0.027369281045751634 0.02144607843137255
0 0.25531045751633985 0.7127757352941176 0.014705882352941176 0.013174019607843137
0 0.9622140522875817 0.7152267156862745 0.014297385620915032 0.012561274509803922
1 0.22977941176470587 0.71875 0.017565359477124183 0.014705882352941176
1 0.6875 0.7199754901960784 0.03594771241830065 0.024509803921568627
0 0.8088235294117647 0.734375 0.014705882352941176 0.011642156862745098
0 0.3055555555555556 0.7362132352941176 0.02287581699346405 0.017769607843137254
0 0.8637663398692811 0.7372855392156863 0.01184640522875817 0.010723039215686275
1 0.5921160130718954 0.7428002450980392 0.01511437908496732 0.013786764705882353
0 0.7538807189542484 0.7486213235294118 0.01838235294117647 0.013786764705882353
1 0.7026143790849673 0.7493872549019608 0.029411764705882353 0.020833333333333332
1 0.5177696078431373 0.7558210784313726 0.013480392156862746 0.011642156862745098
0 0.9138071895424836 0.7614889705882353 0.013071895424836602 0.011948529411764705
0 0.9411764705882353 0.7645526960784313 0.013071895424836602 0.011948529411764705
0 0.07128267973856209 0.7651654411764706 0.017565359477124183 0.015625
0 0.15134803921568626 0.7694546568627451 0.02900326797385621 0.017463235294117647
0 0.9875408496732027 0.7755821078431373 0.020016339869281044 0.015012254901960785
0 0.8643790849673203 0.7766544117647058 0.012254901960784314 0.011642156862745098
0 0.7579656862745098 0.7913602941176471 0.028186274509803922 0.0196078431372549
0 0.060866013071895424 0.8036151960784313 0.024509803921568627 0.020833333333333332
0 0.801062091503268 0.8042279411764706 0.0196078431372549 0.01715686274509804
0 0.7046568627450981 0.8192401960784313 0.022058823529411766 0.01838235294117647
0 0.7908496732026143 0.8242953431372549 0.02696078431372549 0.020526960784313725
0 0.7432598039215687 0.8265931372549019 0.01919934640522876 0.01715686274509804
0 0.678921568627451 0.8305759803921569 0.02287581699346405 0.02022058823529412
0 0.6548202614379085 0.8327205882352942 0.02287581699346405 0.01838235294117647
0 0.9468954248366013 0.8390012254901961 0.02042483660130719 0.01685049019607843
0 0.16952614379084968 0.8566176470588235 0.029411764705882353 0.026348039215686275
0 0.40727124183006536 0.8702512254901961 0.026143790849673203 0.02297794117647059
0 0.23304738562091504 0.8728553921568627 0.03145424836601307 0.02696078431372549
0 0.007965686274509803 0.8921568627450981 0.015931372549019607 0.016544117647058824
0 0.010212418300653595 0.8962928921568627 0.017973856209150325 0.018688725490196078
1 0.22406045751633988 0.2619485294117647 0.015931372549019607 0.014093137254901961
1 0.5051062091503268 0.27910539215686275 0.02246732026143791 0.01838235294117647
1 0.3660130718954248 0.3043811274509804 0.025326797385620915 0.015012254901960785
1 0.5582107843137255 0.3046875 0.017565359477124183 0.01685049019607843
1 0.8038643790849673 0.4551378676470588 0.028480392156862745 0.01750612745098039
1 0.8466932189542483 0.4491865808823529 0.014464869281045751 0.013569240196078431
1 0.9369607843137254 0.4284405637254902 0.01852941176470588 0.013131127450980391
1 0.9823223039215686 0.509891237745098 0.03572303921568627 0.027135416666666665
1 0.9016768790849673 0.36121323529411764 0.02639297385620915 0.015318627450980392