1 0.052753267973856204 0.40709252450980393 0.0540359477124183 0.03599877450980392
1 0.13056372549019607 0.6416207107843137 0.04380718954248366 0.028339460784313725
1 0.5936376633986927 0.39345894607843135 0.034497549019607845 0.025275735294117647
1 0.46038194444444447 0.40877757352941174 0.03350898692810458 0.02221200980392157
1 0.7636540032679738 0.6201746323529411 0.03547794117647059 0.0314031862745098
1 0.2690747549019608 0.4856004901960784 0.03161356209150327 0.02144607843137255
0 0.1969342320261438 0.5214077818627451 0.018868464052287582 0.010340073529411764
1 0.07922794117647058 0.4458486519607843 0.028553921568627454 0.01914828431372549
1 0.12145220588235293 0.40410539215686275 0.019865196078431374 0.012254901960784314
1 0.13641135620915032 0.41015625 0.017920751633986928 0.011488970588235295
1 0.13380718954248366 0.41965379901960786 0.016797385620915033 0.011488970588235295
1 0.1473406862745098 0.4198452818627451 0.016903594771241832 0.011871936274509803