1 0.15318627450980393 0.5972732843137255 0.01715686274509804 0.013174019607843137
1 0.22181372549019607 0.5981924019607843 0.016339869281045753 0.012561274509803922
0 0.21466503267973855 0.8238357843137255 0.014297385620915032 0.009191176470588236
0 0.26633986928104575 0.8365502450980392 0.016339869281045753 0.010723039215686275
0 0.22651143790849673 0.8604473039215687 0.020016339869281044 0.015625
0 0.06719771241830065 0.9016544117647058 0.024101307189542485 0.020833333333333332
0 0.015318627450980392 0.9607843137254902 0.026552287581699346 0.025735294117647058
0 0.1447140522875817 0.7875306372549019 0.010833333333333334 0.010723039215686275
0 0.3954166666666667 0.8616727941176471 0.02122549019607843 0.01991421568627451
0 0.3736478758169935 0.8574862132352942 0.016903594771241832 0.015830269607843138
0 0.3875857843137255 0.8505407475490196 0.025988562091503267 0.020934436274509804
0 0.5379309640522876 0.8170955882352942 0.017855392156862746 0.015318627450980392
0 0.572453022875817 0.8169929534313726 0.019906045751633985 0.016338848039215686
0 0.4866584967320261 0.7830376838235295 0.02397058823529412 0.018893995098039216
0 0.3809313725490196 0.8009083946078431 0.01758169934640523 0.014806985294117647
0 0.3110191993464052 0.7865088848039216 0.018280228758169936 0.014806985294117647
0 0.3717197712418301 0.7745098039215687 0.021217320261437907 0.015318627450980392
0 0.3307291666666667 0.7859482230392157 0.018484477124183007 0.01736213235294118
0 0.19726919934640524 0.8031050857843137 0.021172385620915033 0.014298406862745099
0 0.19815563725490196 0.787734375 0.020494281045751635 0.014806985294117647
0 0.20748366013071895 0.7761443014705882 0.025261437908496734 0.01736213235294118
0 0.3062152777777778 0.7607230392156863 0.018476307189542483 0.012254901960784314
0 0.6515767973856209 0.814594056372549 0.017205882352941175 0.01276654411764706
0 0.34968545751633984 0.8556479779411765 0.019632352941176472 0.015830269607843138
0 0.3202083333333333 0.8079549632352941 0.02440359477124183 0.011743259803921569
0 0.3213664215686275 0.8170955882352942 0.02508578431372549 0.015318627450980392
0 0.35029820261437905 0.8432904411764706 0.02167483660130719 0.01685049019607843
0 0.4061192810457516 0.8068826593137255 0.018937908496732027 0.016338848039215686
0 0.4951593137254902 0.7284007352941176 0.014828431372549019 0.013786764705882353
0 0.2846752450980392 0.724060968137255 0.020330882352941178 0.014298406862745099
0 0.31973243464052287 0.7328431372549019 0.016915849673202612 0.012254901960784314
0 0.34080678104575163 0.728656556372549 0.019848856209150327 0.014298406862745099
0 0.32905841503267974 0.6838740808823529 0.013508986928104575 0.00867953431372549
0 0.30489174836601307 0.6876531862745098 0.018280228758169936 0.010723039215686275
0 0.36479779411764707 0.6557398897058824 0.01554330065359477 0.011234681372549021
0 0.4099203431372549 0.6462928921568627 0.015102124183006535 0.010723039215686275
0 0.40074142156862746 0.6611519607843137 0.015535130718954248 0.009191176470588236
0 0.3573100490196079 0.672640931372549 0.016907679738562092 0.01685049019607843
0 0.5481209150326797 0.724060968137255 0.016176470588235296 0.014298406862745099
0 0.5871956699346405 0.7159926470588235 0.021613562091503266 0.01838235294117647
0 0.7604452614379085 0.6964874387254902 0.016805555555555556 0.014298406862745099
0 0.7073468137254902 0.6670235906862745 0.01681781045751634 0.011743259803921569
0 0.7795057189542484 0.6778492647058824 0.014076797385620916 0.010723039215686275
0 0.8046936274509804 0.6790242034313726 0.015433006535947712 0.011234681372549021
0 0.7041482843137256 0.7428002450980392 0.01613970588235294 0.013786764705882353
0 0.7118402777777778 0.7672074142156863 0.012732843137254903 0.011743259803921569
0 0.4799795751633987 0.8255208333333334 0.023684640522875815 0.01685049019607843
0 0.47406045751633985 0.8186274509803921 0.023284313725490197 0.01838235294117647
0 0.9399979575163397 0.790798100490196 0.02133578431372549 0.017870710784313727
0 0.26715073529411765 0.6686580882352942 0.013059640522875816 0.01011029411764706
0 0.3400592320261438 0.6522671568627451 0.014268790849673203 0.009191176470588236
0 0.724609885620915 0.6544117647058824 0.009677287581699346 0.007352941176470588
0 0.5508169934640523 0.696078431372549 0.010947712418300655 0.007352941176470588
0 0.8226368464052288 0.6735600490196079 0.010469771241830066 0.008272058823529412
1 0.3674591503267974 0.633578431372549 0.02576797385620915 0.016544117647058824
1 0.40381944444444445 0.6052389705882353 0.018423202614379085 0.015012254901960785
1 0.35826593137254903 0.6024816176470589 0.016368464052287583 0.014399509803921568
1 0.43813725490196076 0.5606617647058824 0.018431372549019606 0.014705882352941176
1 0.5629493464052288 0.546875 0.01723856209150327 0.012867647058823529
1 0.38604779411764706 0.5490196078431373 0.018827614379084968 0.012254901960784314
1 0.3723263888888889 0.5413602941176471 0.018345588235294117 0.012254901960784314
1 0.2918627450980392 0.5425857843137255 0.019183006535947712 0.013480392156862746
1 0.6755964052287581 0.7268688725490197 0.02276143790849673 0.019301470588235295
1 0.6549693627450981 0.6738664215686274 0.015821078431372548 0.012561274509803922
1 0.20722017973856208 0.6579350490196079 0.02718545751633987 0.01991421568627451
1 0.15058210784313725 0.7331495098039216 0.029922385620915034 0.02144607843137255
1 0.09571486928104575 0.7330989583333334 0.0272140522875817 0.021957720588235294
1 0.09305759803921569 0.7134911151960784 0.03333741830065359 0.018893995098039216
1 0.08380106209150327 0.6941896446078432 0.0319812091503268 0.018893995098039216
1 0.17399918300653594 0.7277374387254902 0.028553921568627454 0.020425857843137257
1 0.1307720588235294 0.5507046568627451 0.019714052287581697 0.013786764705882353
1 0.17922385620915032 0.5950520833333334 0.023480392156862744 0.01608455882352941
1 0.18540236928104575 0.586703431372549 0.017863562091503266 0.015318627450980392
1 0.21368668300653595 0.5643765318627451 0.022961601307189543 0.014169730392156863
1 0.20837622549019608 0.5020680147058824 0.018876633986928106 0.011488970588235295
1 0.40393178104575167 0.5009191176470589 0.02763480392156863 0.02144607843137255
1 0.3834456699346405 0.5049402573529411 0.023427287581699346 0.017233455882352942
1 0.372469362745098 0.49191942401960786 0.025984477124183007 0.021829044117647058
1 0.4724142156862745 0.5013020833333334 0.019991830065359477 0.013020833333333334
1 0.5255249183006535 0.5111443014705882 0.02000408496732026 0.014935661764705883
1 0.48380310457516335 0.4830729166666667 0.021527777777777778 0.014552696078431373
1 0.4525490196078431 0.4432827818627451 0.019477124183006535 0.013403799019607842
1 0.5152614379084967 0.4326363357843137 0.0215359477124183 0.017233455882352942
1 0.5366074346405229 0.41884957107843135 0.018476307189542483 0.014169730392156863
1 0.6659129901960784 0.4818857230392157 0.024636437908496733 0.016467524509803922
1 0.7007414215686274 0.45354626225490197 0.025665849673202613 0.01799938725490196
1 0.6591196895424837 0.44060202205882354 0.02820669934640523 0.017233455882352942
1 0.7727471405228757 0.45615042892156865 0.026703431372549023 0.01953125
1 0.7956270424836601 0.46989889705882354 0.026711601307189543 0.02068014705882353
1 0.8537928921568627 0.4232919730392157 0.02621323529411765 0.01876531862745098
1 0.8394424019607842 0.4094286151960784 0.027741013071895422 0.01799938725490196
1 0.8351021241830066 0.4384191176470588 0.023145424836601307 0.012254901960784314
1 0.789701797385621 0.4189644607843137 0.024665032679738564 0.02297794117647059
1 0.756968954248366 0.40441176470588236 0.02537581699346405 0.01838235294117647
1 0.9189685457516341 0.5116804534313726 0.02176062091503268 0.017233455882352942
1 0.8950571895424836 0.4361979166666667 0.026225490196078432 0.02068014705882353
1 0.887314133986928 0.6470205269607843 0.02381127450980392 0.01953125
1 0.7294934640522875 0.4921109068627451 0.029248366013071892 0.02221200980392157
1 0.3761458333333333 0.4651884191176471 0.025984477124183007 0.014935661764705883
1 0.36680147058823526 0.44979319852941174 0.024452614379084966 0.017233455882352942
1 0.3490849673202614 0.4879748774509804 0.02088235294117647 0.014552696078431373
1 0.3368790849673202 0.48062193627450983 0.016895424836601308 0.01761642156862745
1 0.309671160130719 0.48441329656862747 0.018852124183006535 0.014169730392156863
1 0.2563684640522876 0.4428232230392157 0.0168218954248366 0.011871936274509803
1 0.2599938725490196 0.4510952818627451 0.01835375816993464 0.011871936274509803
1 0.3176858660130719 0.44806985294117646 0.019358660130718953 0.013786764705882353
1 0.29889910130718955 0.42137714460784315 0.019366830065359476 0.01799938725490196
1 0.23165849673202615 0.42160692401960786 0.014787581699346406 0.014169730392156863
1 0.3976899509803921 0.41042432598039214 0.01678513071895425 0.012637867647058824
1 0.40917892156862745 0.39725030637254904 0.01933823529411765 0.012637867647058824
1 0.4337357026143791 0.3596813725490196 0.017798202614379085 0.015318627450980392
1 0.4541074346405229 0.33700980392156865 0.019325980392156862 0.012254901960784314
1 0.44897467320261436 0.35757506127450983 0.016413398692810457 0.011106004901960785
1 0.379468954248366 0.3723192401960784 0.01792483660130719 0.013020833333333334
1 0.354906045751634 0.3675321691176471 0.019452614379084965 0.0157015931372549
1 0.35419117647058823 0.4030330882352941 0.020473856209150324 0.013786764705882353
1 0.20051470588235296 0.34918811274509803 0.021944444444444444 0.014552696078431373
1 0.3392320261437909 0.3477328431372549 0.018333333333333333 0.012254901960784314
1 0.2854697712418301 0.39732689950980393 0.021919934640522873 0.016467524509803922
1 0.3972977941176471 0.47337316176470584 0.020085784313725492 0.017824754901960786
1 0.4998937908496732 0.5077144607843137 0.013676470588235293 0.01113970588235294
1 0.6458803104575164 0.32670496323529413 0.020518790849673202 0.016155024509803922
1 0.6820179738562091 0.3375949754901961 0.020898692810457514 0.01587622549019608
1 0.7106924019607843 0.33010263480392155 0.019424019607843138 0.015597426470588234
1 0.7650285947712419 0.35115808823529415 0.027606209150326796 0.020330882352941178
1 0.7044873366013072 0.3644163602941176 0.022536764705882353 0.015597426470588234
1 0.7099468954248366 0.3518550857843137 0.019566993464052287 0.012533700980392156
1 0.012630718954248367 0.36803002450980393 0.02035947712418301 0.01608455882352941
1 0.11249591503267974 0.44309129901960786 0.030547385620915034 0.01914828431372549
1 0.1421078431372549 0.47028186274509803 0.028496732026143792 0.01838235294117647
1 0.7764767156862745 0.5799908088235294 0.03334558823529411 0.020888480392156863
1 0.8133925653594771 0.5818014705882353 0.03609885620915033 0.024509803921568627
1 0.8017299836601307 0.5490196078431373 0.03238153594771242 0.02144607843137255
1 0.9524795751633988 0.6781694240196079 0.025874183006535947 0.021167279411764706
1 0.9834477124183006 0.47192555147058823 0.027352941176470587 0.016155024509803922
1 0.8665420751633988 0.39204503676470587 0.027201797385620917 0.017545955882352943
1 0.6927471405228758 0.6291222426470588 0.02520016339869281 0.018661151960784314
1 0.7052593954248365 0.6893658088235295 0.024080882352941178 0.020888480392156863
1 0.04658496732026143 0.5998774509803921 0.02290849673202614 0.01838235294117647
1 0.05644812091503268 0.42394914215686275 0.021392973856209148 0.015790441176470587
1 0.2146834150326797 0.3140793504901961 0.019236111111111114 0.016026348039215686
1 0.17018178104575163 0.39698835784313724 0.021736111111111112 0.012726715686274509
1 0.31147875816993464 0.5493259803921569 0.01184640522875817 0.009191176470588236
0 0.06669321895424836 0.7850214460784314 0.018190359477124184 0.010606617647058822
0 0.23139093137254904 0.7200704656862745 0.01343545751633987 0.007542892156862746
0 0.09767361111111111 0.7976056985294119 0.013157679738562092 0.009427083333333332
0 0.585265522875817 0.6588189338235295 0.012034313725490197 0.009427083333333332
0 0.5618852124183006 0.6551424632352942 0.008574346405228757 0.0063633578431372545
0 0.543531454248366 0.6568397671568628 0.011082516339869281 0.007306985294117647
0 0.35860702614379086 0.8653844975490196 0.01786764705882353 0.012018995098039215
0 0.32712622549019604 0.6679151348039215 0.01127859477124183 0.008011642156862744
0 0.341203022875817 0.6755744485294117 0.010020424836601307 0.008011642156862744