1 0.20976307189542484 0.35049019607843135 0.0363562091503268 0.028186274509803922
1 0.3368055555555556 0.3642769607843137 0.02900326797385621 0.017769607843137254
1 0.04595588235294118 0.38465073529411764 0.016748366013071895 0.01133578431372549
1 0.02144607843137255 0.4019607843137255 0.01184640522875817 0.00980392156862745
0 0.03349673202614379 0.4329044117647059 0.013071895424836602 0.007352941176470588
0 0.06964869281045752 0.43734681372549017 0.010212418300653595 0.008272058823529412
0 0.07945261437908496 0.4378063725490196 0.013480392156862746 0.009191176470588236
0 0.013071895424836602 0.4384191176470588 0.008986928104575163 0.007352941176470588
0 0.02389705882352941 0.43995098039215685 0.010212418300653595 0.006740196078431373
0 0.0026552287581699347 0.4401041666666667 0.0053104575163398695 0.007659313725490196
0 0.041666666666666664 0.4411764705882353 0.013071895424836602 0.010416666666666666
1 0.6203022875816994 0.44806985294117646 0.028186274509803922 0.023590686274509803
1 0.2167075163398693 0.4557291666666667 0.03308823529411765 0.02849264705882353
1 0.19301470588235295 0.4967830882352941 0.020833333333333332 0.018688725490196078
1 0.4479166666666667 0.5030637254901961 0.028186274509803922 0.028799019607843136
1 0.39338235294117646 0.5621936274509803 0.02287581699346405 0.02144607843137255
0 0.16911764705882354 0.5965073529411765 0.0196078431372549 0.017769607843137254
0 0.6750408496732027 0.6141237745098039 0.025735294117647058 0.024816176470588234
0 0.7638888888888888 0.6256127450980392 0.026143790849673203 0.02267156862745098
1 0.9777369281045751 0.6337316176470589 0.042075163398692814 0.0389093137254902
0 0.5102124183006536 0.6922487745098039 0.025326797385620915 0.02297794117647059