1 0.8353758169934641 0.2340686274509804 0.021241830065359478 0.015931372549019607
0 0.6934232026143791 0.45297181372549017 0.012663398692810458 0.008272058823529412
1 0.7234477124183006 0.21185661764705882 0.014705882352941176 0.010723039215686275
1 0.7992238562091504 0.20741421568627452 0.016748366013071895 0.012254901960784314
0 0.8680555555555556 0.38296568627450983 0.012254901960784314 0.007965686274509803
0 0.7449305555555555 0.35760569852941176 0.014370915032679739 0.008103553921568626
1 0.7728758169934641 0.1055453431372549 0.02369281045751634 0.017463235294117647
0 0.4675245098039216 0.3713235294117647 0.016748366013071895 0.011029411764705883
1 0.4675245098039216 0.3711703431372549 0.01838235294117647 0.01133578431372549
1 0.3298611111111111 0.3391544117647059 0.01838235294117647 0.012254901960784314
1 0.9891748366013072 0.22104779411764705 0.01919934640522876 0.015012254901960785
0 0.8939950980392157 0.5364583333333334 0.020016339869281044 0.014093137254901961
0 0.3533496732026144 0.3805147058823529 0.013071895424836602 0.009191176470588236
1 0.429125816993464 0.3353247549019608 0.024101307189542485 0.017463235294117647
1 0.886437908496732 0.2668504901960784 0.016339869281045753 0.014705882352941176
0 0.6750408496732027 0.5143995098039216 0.01511437908496732 0.012254901960784314
1 0.528390522875817 0.10447303921568628 0.02246732026143791 0.01838235294117647
0 0.1474673202614379 0.5107230392156863 0.018790849673202614 0.011029411764705883
0 0.4007352941176471 0.5127144607843137 0.018790849673202614 0.011948529411764705
0 0.784109477124183 0.38848039215686275 0.014297385620915032 0.011029411764705883
1 0.2994281045751634 0.2945772058823529 0.025326797385620915 0.017463235294117647
0 0.556781045751634 0.4571078431372549 0.017973856209150325 0.010416666666666666
0 0.7440767973856209 0.42202818627450983 0.01511437908496732 0.01011029411764706
1 0.5014297385620915 0.2780330882352941 0.026552287581699346 0.01685049019607843
0 0.5287990196078431 0.41681985294117646 0.017565359477124183 0.013174019607843137
0 0.71875 0.3710171568627451 0.01511437908496732 0.00857843137254902
0 0.7775735294117647 0.36550245098039214 0.015931372549019607 0.011642156862745098
1 0.5416666666666666 0.40150122549019607 0.02696078431372549 0.018075980392156864
1 0.1627859477124183 0.15962009803921567 0.02165032679738562 0.014705882352941176
1 0.9640522875816994 0.29794730392156865 0.018790849673202614 0.014399509803921568
1 0.5439133986928104 0.07735906862745098 0.020016339869281044 0.015625
1 0.747140522875817 0.23759191176470587 0.02042483660130719 0.014399509803921568
1 0.13255718954248366 0.18382352941176472 0.024918300653594773 0.016544117647058824
0 0.28574346405228757 0.41237745098039214 0.016748366013071895 0.010416666666666666
0 0.8029003267973857 0.42401960784313725 0.016748366013071895 0.011029411764705883
0 0.6891339869281046 0.36825980392156865 0.013888888888888888 0.009191176470588236
0 0.5983190359477124 0.37828584558823525 0.011997549019607843 0.00902267156862745
1 0.5228758169934641 0.3268995098039216 0.025326797385620915 0.015931372549019607
1 0.23386437908496732 0.12806372549019607 0.03227124183006536 0.02389705882352941
1 0.596609477124183 0.2697610294117647 0.02165032679738562 0.015625
1 0.7730800653594772 0.2878370098039216 0.02165032679738562 0.013786764705882353
0 0.3858251633986928 0.38128063725490197 0.020833333333333332 0.014399509803921568
1 0.45955882352941174 0.04059436274509804 0.028594771241830064 0.01991421568627451
1 0.10743464052287582 0.35881280637254903 0.035130718954248366 0.02706188725490196
1 0.14501633986928106 0.12040441176470588 0.024509803921568627 0.01715686274509804
0 0.5702614379084967 0.6139705882352942 0.018790849673202614 0.014093137254901961
1 0.2289624183006536 0.0857843137254902 0.042075163398692814 0.03002450980392157
1 0.9871323529411765 0.08547794117647059 0.024918300653594773 0.02267156862745098
0 0.4699754901960784 0.5061274509803921 0.02246732026143791 0.015931372549019607
1 0.028594771241830064 0.10508578431372549 0.031862745098039214 0.02022058823529412
0 0.7011846405228758 0.36443014705882354 0.013480392156862746 0.009497549019607842
0 0.7888071895424836 0.38556985294117646 0.014705882352941176 0.01133578431372549
0 0.9193218954248366 0.7683823529411765 0.03308823529411765 0.028186274509803922
1 0.9246323529411765 0.15977328431372548 0.025735294117647058 0.017463235294117647
1 0.8417075163398693 0.2856924019607843 0.024101307189542485 0.01685049019607843
1 0.3055555555555556 0.11657475490196079 0.03104575163398693 0.023590686274509803
0 0.6609477124183006 0.37515318627450983 0.013888888888888888 0.009497549019607842
0 0.7195669934640523 0.39659926470588236 0.01511437908496732 0.010723039215686275
1 0.6311274509803921 0.29074754901960786 0.024509803921568627 0.01715686274509804
0 0.1823937908496732 0.5094975490196079 0.020833333333333332 0.012867647058823529
0 0.6725898692810458 0.38296568627450983 0.012663398692810458 0.00857843137254902
1 0.8717320261437909 0.2697610294117647 0.0196078431372549 0.015012254901960785
0 0.7377450980392157 0.4381127450980392 0.01715686274509804 0.010416666666666666
0 0.46017156862745096 0.4241727941176471 0.01838235294117647 0.013174019607843137
0 0.061070261437908495 0.47380514705882354 0.020016339869281044 0.013786764705882353
1 0.32169117647058826 0.32169117647058826 0.024918300653594773 0.017769607843137254
1 0.3854166666666667 0.38204656862745096 0.020833333333333332 0.014705882352941176
0 0.5884395424836601 0.5096507352941176 0.02165032679738562 0.013786764705882353
0 0.7984068627450981 0.38955269607843135 0.015931372549019607 0.01133578431372549
0 0.08231209150326797 0.5071997549019608 0.020016339869281044 0.012561274509803922
1 0.3588643790849673 0.30637254901960786 0.020016339869281044 0.01838235294117647
1 0.5128676470588235 0.29733455882352944 0.027369281045751634 0.013786764705882353
1 0.30249183006535946 0.14261642156862744 0.03145424836601307 0.023590686274509803
0 0.9009395424836601 0.4065563725490196 0.01919934640522876 0.012867647058823529
0 0.7293709150326797 0.4990808823529412 0.02246732026143791 0.015931372549019607
0 0.4861111111111111 0.5186887254901961 0.0196078431372549 0.014705882352941176
0 0.5081699346405228 0.49234068627450983 0.0196078431372549 0.012254901960784314
1 0.5124591503267973 0.30683210784313725 0.027369281045751634 0.01685049019607843
1 0.13909313725490197 0.35294117647058826 0.028186274509803922 0.01838235294117647
0 0.6905637254901961 0.5159313725490197 0.024101307189542485 0.016544117647058824
0 0.340890522875817 0.5269607843137255 0.02165032679738562 0.014093137254901961
1 0.641952614379085 0.32215073529411764 0.020833333333333332 0.015625
0 0.6415441176470589 0.3874080882352941 0.01511437908496732 0.009497549019607842
1 0.9867238562091504 0.2928921568627451 0.024918300653594773 0.01838235294117647
0 0.8907271241830066 0.42984068627450983 0.01838235294117647 0.012867647058823529
0 0.516952614379085 0.5004595588235294 0.020016339869281044 0.012561274509803922
1 0.21486928104575165 0.33455882352941174 0.035130718954248366 0.025735294117647058
0 0.09048202614379085 0.5254289215686274 0.020016339869281044 0.014093137254901961
1 0.14869281045751634 0.03278186274509804 0.03839869281045752 0.02696078431372549
0 0.44138071895424835 0.4497549019607843 0.015931372549019607 0.010416666666666666
0 0.11172385620915033 0.5353860294117647 0.01838235294117647 0.01133578431372549
1 0.49387254901960786 0.39797794117647056 0.028594771241830064 0.0196078431372549
1 0.17524509803921567 0.23146446078431374 0.03022875816993464 0.020526960784313725
1 0.0428921568627451 0.33455882352941174 0.04003267973856209 0.027573529411764705
1 0.9871323529411765 0.023131127450980393 0.024918300653594773 0.0272671568627451
1 0.37826797385620914 0.30162377450980393 0.03022875816993464 0.021752450980392156
0 0.8433415032679739 0.47487745098039214 0.020016339869281044 0.014093137254901961
0 0.18055555555555555 0.4814644607843137 0.02287581699346405 0.014399509803921568
1 0.31638071895424835 0.18612132352941177 0.025735294117647058 0.021139705882352942
0 0.6883169934640523 0.3818933823529412 0.014705882352941176 0.01011029411764706
0 0.4877450980392157 0.4569546568627451 0.018790849673202614 0.013786764705882353
0 0.9189133986928104 0.38817401960784315 0.017565359477124183 0.010416666666666666
0 0.13174019607843138 0.5254289215686274 0.024918300653594773 0.015318627450980392
1 0.08639705882352941 0.033854166666666664 0.04861111111111111 0.03707107843137255
0 0.19383169934640523 0.4684436274509804 0.020833333333333332 0.014705882352941176
1 0.38909313725490197 0.020526960784313725 0.0298202614379085 0.02267156862745098
0 0.4170751633986928 0.41452205882352944 0.028594771241830064 0.0196078431372549
1 0.8092320261437909 0.33731617647058826 0.022058823529411766 0.014705882352941176
0 0.6850490196078431 0.5306372549019608 0.02287581699346405 0.014093137254901961
0 0.32005718954248363 0.585171568627451 0.025735294117647058 0.01715686274509804
0 0.3500816993464052 0.5338541666666666 0.02369281045751634 0.015012254901960785
0 0.15134803921568626 0.48284313725490197 0.024918300653594773 0.015931372549019607
0 0.7238562091503268 0.41973039215686275 0.0196078431372549 0.012867647058823529
0 0.5635212418300654 0.6348039215686274 0.0298202614379085 0.015318627450980392
0 0.8576388888888888 0.49754901960784315 0.023284313725490197 0.014705882352941176
0 0.6200980392156863 0.3795955882352941 0.016339869281045753 0.010416666666666666
0 0.42626633986928103 0.4528186274509804 0.016748366013071895 0.010416666666666666
0 0.8817401960784313 0.4716605392156863 0.025735294117647058 0.01685049019607843
0 0.7810457516339869 0.5545343137254902 0.024509803921568627 0.017769607843137254
1 0.12254901960784313 0.27527573529411764 0.032679738562091505 0.02297794117647059
1 0.5861928104575164 0.4106924019607843 0.025326797385620915 0.017463235294117647
0 0.5388071895424836 0.5185355392156863 0.025326797385620915 0.016237745098039217
1 0.2963643790849673 0.09375 0.034722222222222224 0.025735294117647058
0 0.07005718954248366 0.5222120098039216 0.02246732026143791 0.014399509803921568
1 0.7600081699346405 0.3674938725490196 0.025735294117647058 0.020526960784313725
0 0.25183823529411764 0.44730392156862747 0.020016339869281044 0.013480392156862746
0 0.9393382352941176 0.5310968137254902 0.024101307189542485 0.01685049019607843
1 0.6096813725490197 0.2824754901960784 0.024101307189542485 0.018995098039215685
0 0.2963643790849673 0.45955882352941174 0.02246732026143791 0.015318627450980392
0 0.08292483660130719 0.5865502450980392 0.027777777777777776 0.019301470588235295
1 0.35580065359477125 0.12806372549019607 0.028594771241830064 0.02144607843137255
0 0.9354575163398693 0.3792892156862745 0.014705882352941176 0.00980392156862745
0 0.35314542483660133 0.5108762254901961 0.025735294117647058 0.016237745098039217
0 0.403390522875817 0.42892156862745096 0.02165032679738562 0.014093137254901961
0 0.33619281045751637 0.5997242647058824 0.02287581699346405 0.015625
0 0.09558823529411764 0.45174632352941174 0.02369281045751634 0.015012254901960785
0 0.26143790849673204 0.5076593137254902 0.02287581699346405 0.018995098039215685
0 0.9693627450980392 0.43014705882352944 0.02287581699346405 0.015931372549019607
1 0.3035130718954248 0.2549019607843137 0.026143790849673203 0.01838235294117647
1 0.13214869281045752 0.38296568627450983 0.03308823529411765 0.023284313725490197
0 0.821078431372549 0.4963235294117647 0.03022875816993464 0.0196078431372549
1 0.8719362745098039 0.24402573529411764 0.024101307189542485 0.017463235294117647
0 0.24183006535947713 0.5130208333333334 0.02369281045751634 0.016237745098039217
1 0.03431372549019608 0.36963848039215685 0.03676470588235294 0.02420343137254902
1 0.07904411764705882 0.3431372549019608 0.039624183006535946 0.02696078431372549
0 0.5067401960784313 0.5346200980392157 0.024918300653594773 0.017769607843137254
0 0.4750816993464052 0.5905330882352942 0.029411764705882353 0.022365196078431373
1 0.769812091503268 0.0314031862745098 0.03390522875816993 0.026041666666666668
0 0.012663398692810458 0.539828431372549 0.025326797385620915 0.018995098039215685
0 0.863562091503268 0.6901041666666666 0.03594771241830065 0.02849264705882353
0 0.9315767973856209 0.6061580882352942 0.03880718954248366 0.027879901960784315
0 0.29411764705882354 0.5600490196078431 0.028594771241830064 0.018995098039215685
1 0.3805147058823529 0.3347120098039216 0.02900326797385621 0.022365196078431373
0 0.590406454248366 0.3758639705882353 0.013329248366013072 0.00724264705882353
1 0.8183292483660131 0.29035692401960783 0.021462418300653593 0.016988357843137257