1 0.9029820261437909 0.3158700980392157 0.024101307189542485 0.015931372549019607
1 0.27798202614379086 0.03216911764705882 0.026552287581699346 0.017769607843137254
1 0.10089869281045752 0.3258272058823529 0.02287581699346405 0.011948529411764705
1 0.8513071895424836 0.3324142156862745 0.03839869281045752 0.024509803921568627
1 0.21854575163398693 0.03400735294117647 0.03022875816993464 0.01838235294117647
0 0.6119281045751634 0.34298406862745096 0.014705882352941176 0.008884803921568627
1 0.32802287581699346 0.034466911764705885 0.029411764705882353 0.021752450980392156
1 0.6785130718954249 0.35232843137254904 0.028594771241830064 0.024509803921568627
1 0.8035130718954249 0.035845588235294115 0.032679738562091505 0.02696078431372549
1 0.7406045751633987 0.3805147058823529 0.01715686274509804 0.014093137254901961
0 0.6076388888888888 0.40058210784313725 0.009395424836601307 0.005821078431372549
0 0.36825980392156865 0.40088848039215685 0.012663398692810458 0.006433823529411764
0 0.6376633986928104 0.4013480392156863 0.011437908496732025 0.009191176470588236
1 0.7922794117647058 0.4024203431372549 0.037173202614379085 0.023590686274509803
0 0.9334150326797386 0.40318627450980393 0.013071895424836602 0.00857843137254902
0 0.9385212418300654 0.40517769607843135 0.012663398692810458 0.007659313725490196
0 0.40931372549019607 0.4053308823529412 0.011437908496732025 0.007352941176470588
0 0.6270424836601307 0.4074754901960784 0.013071895424836602 0.007965686274509803
0 0.49387254901960786 0.41161151960784315 0.012254901960784314 0.006433823529411764
0 0.6290849673202614 0.41161151960784315 0.011437908496732025 0.007659313725490196
0 0.9411764705882353 0.41161151960784315 0.012254901960784314 0.006433823529411764
0 0.5310457516339869 0.41207107843137253 0.006535947712418301 0.007965686274509803
0 0.5361519607843137 0.4137561274509804 0.004493464052287581 0.006433823529411764
0 0.6942401960784313 0.4140625 0.01184640522875817 0.01011029411764706
0 0.35314542483660133 0.4143688725490196 0.015931372549019607 0.010723039215686275
0 0.6879084967320261 0.4149816176470588 0.013888888888888888 0.007659313725490196
0 0.8831699346405228 0.4152879901960784 0.014705882352941176 0.01011029411764706
0 0.9183006535947712 0.41574754901960786 0.015522875816993464 0.009191176470588236
1 0.010008169934640522 0.41651348039215685 0.020016339869281044 0.02297794117647059
0 0.7600081699346405 0.4206495098039216 0.012663398692810458 0.009191176470588236
0 0.7792075163398693 0.42172181372549017 0.01511437908496732 0.010723039215686275
0 0.31576797385620914 0.42202818627450983 0.013071895424836602 0.008272058823529412
0 0.286968954248366 0.42356004901960786 0.01184640522875817 0.008884803921568627
0 0.7694035947712419 0.4264705882352941 0.012663398692810458 0.00980392156862745
0 0.8674428104575164 0.42784926470588236 0.01511437908496732 0.01011029411764706
0 0.7022058823529411 0.42922794117647056 0.016339869281045753 0.009191176470588236
0 0.5949754901960784 0.43106617647058826 0.013480392156862746 0.006127450980392157
0 0.7506127450980392 0.43167892156862747 0.015931372549019607 0.007965686274509803
0 0.34538398692810457 0.4413296568627451 0.017565359477124183 0.008272058823529412
0 0.12091503267973856 0.4488357843137255 0.017973856209150325 0.011642156862745098
0 0.6429738562091504 0.4489889705882353 0.018790849673202614 0.010723039215686275
0 0.5637254901960784 0.4497549019607843 0.016339869281045753 0.00980392156862745
0 0.18423202614379086 0.4525122549019608 0.014705882352941176 0.00857843137254902
0 0.5902777777777778 0.45588235294117646 0.014705882352941176 0.00857843137254902
0 0.25245098039215685 0.4563419117647059 0.017973856209150325 0.010723039215686275
0 0.5925245098039216 0.4566482843137255 0.013480392156862746 0.008272058823529412
0 0.5220588235294118 0.46017156862745096 0.01715686274509804 0.012254901960784314
0 0.32230392156862747 0.46078431372549017 0.02042483660130719 0.012867647058823529
0 0.29473039215686275 0.4658394607843137 0.020016339869281044 0.008884803921568627
0 0.801062091503268 0.47181372549019607 0.022058823529411766 0.011029411764705883
0 0.24142156862745098 0.47549019607843135 0.015522875816993464 0.00857843137254902
0 0.12888071895424835 0.4811580882352941 0.01919934640522876 0.008884803921568627
0 0.4522058823529412 0.4814644607843137 0.014705882352941176 0.01011029411764706
0 0.4667075163398693 0.4817708333333333 0.01511437908496732 0.01011029411764706
0 0.13214869281045752 0.48330269607843135 0.01919934640522876 0.009497549019607842
0 0.9246323529411765 0.484375 0.017565359477124183 0.011029411764705883
0 0.26981209150326796 0.4895833333333333 0.01919934640522876 0.012254901960784314
0 0.8194444444444444 0.49463848039215685 0.02369281045751634 0.011948529411764705
0 0.35437091503267976 0.5030637254901961 0.020833333333333332 0.014705882352941176
0 0.13459967320261437 0.5038296568627451 0.025735294117647058 0.015625
0 0.14522058823529413 0.5087316176470589 0.01838235294117647 0.007659313725490196
0 0.5073529411764706 0.5099571078431373 0.024509803921568627 0.01685049019607843
0 0.29820261437908496 0.5124080882352942 0.021241830065359478 0.013174019607843137
0 0.11866830065359477 0.514859068627451 0.025735294117647058 0.01685049019607843
0 0.27001633986928103 0.5151654411764706 0.02287581699346405 0.013786764705882353
0 0.04779411764705882 0.5153186274509803 0.016339869281045753 0.00980392156862745
1 0.42749183006535946 0.05193014705882353 0.02165032679738562 0.017463235294117647
0 0.3633578431372549 0.5301776960784313 0.025735294117647058 0.015625
0 0.11172385620915033 0.5323223039215687 0.0298202614379085 0.013174019607843137
0 0.39624183006535946 0.5355392156862745 0.02369281045751634 0.018995098039215685
0 0.27736928104575165 0.5369178921568627 0.025326797385620915 0.013786764705882353
0 0.7375408496732027 0.5405943627450981 0.02246732026143791 0.013174019607843137
0 0.29963235294117646 0.5433517156862745 0.01919934640522876 0.008272058823529412
0 0.6270424836601307 0.5438112745098039 0.0196078431372549 0.015318627450980392
0 0.27450980392156865 0.5441176470588235 0.021241830065359478 0.011642156862745098
0 0.5796568627450981 0.5450367647058824 0.024509803921568627 0.012867647058823529
0 0.4891748366013072 0.5465686274509803 0.025735294117647058 0.015931372549019607
0 0.22120098039215685 0.5465686274509803 0.020833333333333332 0.010416666666666666
0 0.12765522875816993 0.5507046568627451 0.016748366013071895 0.009497549019607842
0 0.4957107843137255 0.5551470588235294 0.024101307189542485 0.018995098039215685
0 0.1090686274509804 0.5569852941176471 0.017973856209150325 0.012254901960784314
0 0.5459558823529411 0.5582107843137255 0.020833333333333332 0.012254901960784314
0 0.1227532679738562 0.5602022058823529 0.015931372549019607 0.012561274509803922
0 0.14072712418300654 0.5603553921568627 0.023284313725490197 0.010416666666666666
0 0.1744281045751634 0.5621936274509803 0.021241830065359478 0.011029411764705883
0 0.1926062091503268 0.5641850490196079 0.025735294117647058 0.016237745098039217
0 0.30923202614379086 0.5732230392156863 0.02696078431372549 0.017769607843137254
0 0.3611111111111111 0.5793504901960784 0.028594771241830064 0.018995098039215685
0 0.30780228758169936 0.5868566176470589 0.027369281045751634 0.013174019607843137
0 0.6102941176470589 0.5876225490196079 0.02042483660130719 0.015318627450980392
0 0.33925653594771243 0.5882352941176471 0.027369281045751634 0.017769607843137254
0 0.12928921568627452 0.5900735294117647 0.03145424836601307 0.02144607843137255
0 0.37030228758169936 0.5903799019607843 0.030637254901960783 0.02267156862745098
1 0.3662173202614379 0.059283088235294115 0.03145424836601307 0.026041666666666668
0 0.3159722222222222 0.5957414215686274 0.027369281045751634 0.01685049019607843
0 0.03839869281045752 0.6731004901960784 0.03104575163398693 0.018995098039215685
1 0.24366830065359477 0.0070465686274509805 0.03308823529411765 0.013480392156862746
1 0.13664215686274508 0.07506127450980392 0.0298202614379085 0.015318627450980392
1 0.47998366013071897 0.07965686274509803 0.025326797385620915 0.01838235294117647
1 0.3604983660130719 0.07996323529411764 0.0298202614379085 0.022058823529411766
1 0.5643382352941176 0.08149509803921569 0.027369281045751634 0.018995098039215685
1 0.14624183006535948 0.008731617647058824 0.02696078431372549 0.017463235294117647
1 0.4401552287581699 0.09436274509803921 0.027369281045751634 0.02022058823529412
1 0.0872140522875817 0.10110294117647059 0.023284313725490197 0.015931372549019607
1 0.6703431372549019 0.10768995098039216 0.02287581699346405 0.015012254901960785
1 0.3214869281045752 0.12454044117647059 0.026143790849673203 0.01991421568627451
1 0.25674019607843135 0.01332720588235294 0.03227124183006536 0.023590686274509803
1 0.1968954248366013 0.13204656862745098 0.02696078431372549 0.0196078431372549
1 0.6260212418300654 0.13465073529411764 0.027369281045751634 0.020526960784313725
1 0.7561274509803921 0.13602941176470587 0.031862745098039214 0.02267156862745098
1 0.40236928104575165 0.1403186274509804 0.024509803921568627 0.01715686274509804
1 0.34395424836601307 0.14169730392156862 0.02287581699346405 0.018075980392156864
1 0.9783496732026143 0.17080269607843138 0.042483660130718956 0.03155637254901961
1 0.5512663398692811 0.17417279411764705 0.027369281045751634 0.02297794117647059
1 0.43361928104575165 0.18964460784313725 0.027369281045751634 0.02022058823529412
1 0.06066176470588235 0.18964460784313725 0.020833333333333332 0.015318627450980392
1 0.6223447712418301 0.19607843137254902 0.01919934640522876 0.011642156862745098
1 0.2847222222222222 0.20098039215686275 0.016339869281045753 0.010416666666666666
1 0.3104575163398693 0.02022058823529412 0.035130718954248366 0.031862745098039214
1 0.034926470588235295 0.20511642156862744 0.030637254901960783 0.018075980392156864
1 0.5498366013071896 0.20726102941176472 0.02369281045751634 0.015625
1 0.11723856209150327 0.20741421568627452 0.018790849673202614 0.011642156862745098
1 0.0428921568627451 0.22303921568627452 0.029411764705882353 0.018995098039215685
1 0.30269607843137253 0.22441789215686275 0.02369281045751634 0.016237745098039217
1 0.10089869281045752 0.23207720588235295 0.02696078431372549 0.01991421568627451
1 0.17034313725490197 0.24080882352941177 0.02287581699346405 0.014093137254901961
1 0.4266748366013072 0.24693627450980393 0.01919934640522876 0.014093137254901961
1 0.37888071895424835 0.24877450980392157 0.025735294117647058 0.01838235294117647
1 0.006331699346405229 0.25183823529411764 0.012663398692810458 0.02144607843137255
1 0.8274101307189542 0.26577818627450983 0.03880718954248366 0.024816176470588234
1 0.1766748366013072 0.2780330882352941 0.020016339869281044 0.012561274509803922
1 0.3235294117647059 0.2824754901960784 0.032679738562091505 0.018995098039215685
1 0.4950980392156863 0.029105392156862746 0.02369281045751634 0.018995098039215685
1 0.3641748366013072 0.2930453431372549 0.01919934640522876 0.015012254901960785
1 0.0727124183006536 0.3037683823529412 0.04084967320261438 0.030330882352941176