1 0.5367647058823529 0.32766544117647056 0.01715686274509804 0.014399509803921568
1 0.599468954248366 0.3602941176470588 0.02165032679738562 0.015318627450980392
1 0.5273692810457516 0.36734068627450983 0.021241830065359478 0.015931372549019607
1 0.32945261437908496 0.3681066176470588 0.015931372549019607 0.014399509803921568
1 0.28921568627450983 0.37484681372549017 0.017973856209150325 0.012561274509803922
1 0.4789624183006536 0.37974877450980393 0.020016339869281044 0.013786764705882353
1 0.37050653594771243 0.3805147058823529 0.017973856209150325 0.012867647058823529
1 0.5259395424836601 0.38296568627450983 0.020016339869281044 0.012867647058823529
1 0.5412581699346405 0.3863357843137255 0.021241830065359478 0.012254901960784314
1 0.582312091503268 0.38878676470588236 0.015931372549019607 0.014705882352941176
1 0.568218954248366 0.3900122549019608 0.015522875816993464 0.016544117647058824
1 0.460375816993464 0.3903186274509804 0.021241830065359478 0.012254901960784314
1 0.5067401960784313 0.3912377450980392 0.01838235294117647 0.014705882352941176
1 0.8149509803921569 0.4024203431372549 0.010620915032679739 0.009497549019607842
1 0.5876225490196079 0.40517769607843135 0.016748366013071895 0.015012254901960785
1 0.5700571895424836 0.4094669117647059 0.015931372549019607 0.015012254901960785
1 0.855187908496732 0.4106924019607843 0.012663398692810458 0.008884803921568627
1 0.8988970588235294 0.41161151960784315 0.013480392156862746 0.009497549019607842
1 0.8098447712418301 0.41191789215686275 0.014297385620915032 0.008884803921568627
1 0.7553104575163399 0.41299019607843135 0.0196078431372549 0.011642156862745098
1 0.19158496732026145 0.4140625 0.021241830065359478 0.013786764705882353
1 0.21017156862745098 0.41681985294117646 0.020833333333333332 0.014399509803921568
1 0.6176470588235294 0.4181985294117647 0.018790849673202614 0.014705882352941176
1 0.6615604575163399 0.4189644607843137 0.017565359477124183 0.012561274509803922
1 0.8801062091503268 0.4192708333333333 0.011029411764705883 0.008272058823529412
1 0.9162581699346405 0.4209558823529412 0.013071895424836602 0.009191176470588236
1 0.9291258169934641 0.42172181372549017 0.014297385620915032 0.010723039215686275
1 0.2785947712418301 0.4224877450980392 0.0196078431372549 0.013480392156862746
1 0.6264297385620915 0.43183210784313725 0.020833333333333332 0.010723039215686275
1 0.16625816993464052 0.4335171568627451 0.0196078431372549 0.012867647058823529
1 0.27798202614379086 0.43550857843137253 0.020016339869281044 0.012561274509803922
1 0.18341503267973855 0.43704044117647056 0.0196078431372549 0.015012254901960785
1 0.6823937908496732 0.4543504901960784 0.016748366013071895 0.015318627450980392
1 0.766952614379085 0.4563419117647059 0.017565359477124183 0.014399509803921568
1 0.7363153594771242 0.46369485294117646 0.024101307189542485 0.018688725490196078
1 0.9848856209150327 0.4652267156862745 0.015522875816993464 0.010723039215686275
1 0.49244281045751637 0.4721200980392157 0.016748366013071895 0.011029411764705883
1 0.2928921568627451 0.4794730392156863 0.01715686274509804 0.014705882352941176
1 0.5161356209150327 0.4817708333333333 0.01838235294117647 0.01133578431372549
1 0.9924428104575164 0.4817708333333333 0.01511437908496732 0.011948529411764705
1 0.3790849673202614 0.48299632352941174 0.018790849673202614 0.013786764705882353
1 0.30453431372549017 0.48330269607843135 0.024101307189542485 0.018075980392156864
1 0.1454248366013072 0.48483455882352944 0.022058823529411766 0.017463235294117647
1 0.9456699346405228 0.4886642156862745 0.01715686274509804 0.011029411764705883
1 0.3631535947712418 0.49234068627450983 0.0196078431372549 0.015931372549019607
1 0.7465277777777778 0.4993872549019608 0.020833333333333332 0.015931372549019607
1 0.7616421568627451 0.5137867647058824 0.024918300653594773 0.015931372549019607
1 0.7310049019607843 0.5147058823529411 0.020833333333333332 0.01715686274509804
1 0.16176470588235295 0.5147058823529411 0.0196078431372549 0.012867647058823529
1 0.9897875816993464 0.514859068627451 0.016339869281045753 0.015625
1 0.4485294117647059 0.5150122549019608 0.022058823529411766 0.020833333333333332
1 0.5020424836601307 0.5154718137254902 0.018790849673202614 0.014399509803921568
1 0.5631127450980392 0.5165441176470589 0.01919934640522876 0.016544117647058824
1 0.47875816993464054 0.5179227941176471 0.0196078431372549 0.014399509803921568
1 0.34538398692810457 0.5318627450980392 0.01838235294117647 0.012254901960784314
1 0.5424836601307189 0.5321691176470589 0.026143790849673203 0.01838235294117647
1 0.7326388888888888 0.5333946078431373 0.028186274509803922 0.01715686274509804
1 0.4944852941176471 0.5337009803921569 0.020833333333333332 0.015318627450980392
1 0.42463235294117646 0.5346200980392157 0.020016339869281044 0.015931372549019607
1 0.36008986928104575 0.5412071078431373 0.020833333333333332 0.014399509803921568
1 0.9808006535947712 0.5465686274509803 0.01715686274509804 0.014093137254901961
1 0.3368055555555556 0.5477941176470589 0.024101307189542485 0.015318627450980392
1 0.27879901960784315 0.5560661764705882 0.02246732026143791 0.014705882352941176
1 0.2193627450980392 0.5574448529411765 0.017973856209150325 0.012561274509803922
1 0.5396241830065359 0.5629595588235294 0.018790849673202614 0.01685049019607843
1 0.2312091503267974 0.5654105392156863 0.021241830065359478 0.015012254901960785
1 0.08108660130718955 0.5700061274509803 0.015931372549019607 0.01685049019607843
1 0.6272467320261438 0.5724571078431373 0.027369281045751634 0.018075980392156864
1 0.7265114379084967 0.5726102941176471 0.02165032679738562 0.020833333333333332
1 0.7551062091503268 0.5741421568627451 0.020833333333333332 0.014705882352941176
1 0.19281045751633988 0.5756740196078431 0.022058823529411766 0.015931372549019607
1 0.579452614379085 0.5761335784313726 0.01838235294117647 0.014399509803921568
1 0.2863562091503268 0.5761335784313726 0.026143790849673203 0.014399509803921568
1 0.4187091503267974 0.5775122549019608 0.022058823529411766 0.013480392156862746
1 0.443218954248366 0.5776654411764706 0.021241830065359478 0.013786764705882353
1 0.5412581699346405 0.578890931372549 0.02369281045751634 0.015625
1 0.3333333333333333 0.5801164215686274 0.022058823529411766 0.013786764705882353
1 0.7432598039215687 0.5844056372549019 0.01838235294117647 0.016237745098039217
1 0.6687091503267973 0.585171568627451 0.0196078431372549 0.018995098039215685
1 0.4397467320261438 0.5932904411764706 0.020833333333333332 0.020526960784313725
1 0.5416666666666666 0.594515931372549 0.022058823529411766 0.016237745098039217
1 0.5912990196078431 0.5971200980392157 0.025735294117647058 0.015931372549019607
1 0.9750816993464052 0.6001838235294118 0.02287581699346405 0.015318627450980392
1 0.33455882352941174 0.6011029411764706 0.018790849673202614 0.013480392156862746
1 0.1968954248366013 0.6012561274509803 0.018790849673202614 0.015625
1 0.7600081699346405 0.6015625 0.028186274509803922 0.016237745098039217
1 0.07026143790849673 0.6040134803921569 0.017973856209150325 0.016237745098039217
1 0.23080065359477125 0.6043198529411765 0.017973856209150325 0.015625
1 0.24285130718954248 0.6121323529411765 0.01919934640522876 0.014705882352941176
1 0.7573529411764706 0.6142769607843137 0.022058823529411766 0.015931372549019607
1 0.6764705882352942 0.6144301470588235 0.018790849673202614 0.015625
1 0.7894199346405228 0.6155024509803921 0.017565359477124183 0.015318627450980392
1 0.29697712418300654 0.624234068627451 0.02287581699346405 0.017463235294117647
1 0.4505718954248366 0.6265318627450981 0.01715686274509804 0.015318627450980392
1 0.4877450980392157 0.6291360294117647 0.01715686274509804 0.012561274509803922
1 0.3298611111111111 0.633578431372549 0.020833333333333332 0.016544117647058824
1 0.37193627450980393 0.6381740196078431 0.020833333333333332 0.013480392156862746
1 0.6599264705882353 0.6482843137254902 0.01838235294117647 0.016544117647058824
1 0.6987336601307189 0.6482843137254902 0.017565359477124183 0.016544117647058824
1 0.30718954248366015 0.6499693627450981 0.021241830065359478 0.01685049019607843
1 0.7122140522875817 0.6539522058823529 0.015931372549019607 0.013786764705882353
1 0.9620098039215687 0.6626838235294118 0.0196078431372549 0.013480392156862746
1 0.9587418300653595 0.680453431372549 0.021241830065359478 0.015318627450980392
1 0.35947712418300654 0.6813725490196079 0.021241830065359478 0.022058823529411766
1 0.5161356209150327 0.6830575980392157 0.020016339869281044 0.014399509803921568
1 0.8198529411764706 0.6937806372549019 0.018790849673202614 0.018688725490196078
1 0.1840277777777778 0.6962316176470589 0.020833333333333332 0.013786764705882353
1 0.8453839869281046 0.7048100490196079 0.017565359477124183 0.012561274509803922
1 0.21241830065359477 0.7095588235294118 0.017973856209150325 0.01715686274509804
1 0.5324754901960784 0.7098651960784313 0.020833333333333332 0.015931372549019607
1 0.8525326797385621 0.7198223039215687 0.02042483660130719 0.014399509803921568
1 0.2638888888888889 0.7254901960784313 0.022058823529411766 0.014705882352941176
1 0.6200980392156863 0.7290134803921569 0.021241830065359478 0.015625
0 0.9628267973856209 0.7316176470588235 0.022058823529411766 0.016544117647058824
0 0.8956290849673203 0.7352941176470589 0.017565359477124183 0.013480392156862746
1 0.6284722222222222 0.7354473039215687 0.024101307189542485 0.018688725490196078
1 0.27941176470588236 0.7380514705882353 0.02287581699346405 0.01838235294117647
0 0.9720179738562091 0.7411151960784313 0.02900326797385621 0.018995098039215685
1 0.3997140522875817 0.7515318627450981 0.026552287581699346 0.016544117647058824
0 0.7401960784313726 0.7689950980392157 0.015522875816993464 0.013480392156862746
0 0.23999183006535948 0.7913602941176471 0.01919934640522876 0.018995098039215685
1 0.5872140522875817 0.7922794117647058 0.020016339869281044 0.01838235294117647
0 0.10069444444444445 0.7953431372549019 0.015931372549019607 0.014705882352941176
0 0.9242238562091504 0.7981004901960784 0.02246732026143791 0.015318627450980392
0 0.14991830065359477 0.8017769607843137 0.016339869281045753 0.015318627450980392
0 0.6325571895424836 0.8019301470588235 0.020833333333333332 0.021752450980392156
1 0.5561683006535948 0.8026960784313726 0.020833333333333332 0.016544117647058824
1 0.4193218954248366 0.8135723039215687 0.020016339869281044 0.015625
0 0.11049836601307189 0.8178615196078431 0.017565359477124183 0.015625
1 0.40032679738562094 0.8192401960784313 0.02287581699346405 0.016544117647058824
0 0.5582107843137255 0.8244485294117647 0.016748366013071895 0.017769607843137254
0 0.05800653594771242 0.8567708333333334 0.017973856209150325 0.013786764705882353
0 0.35661764705882354 0.9119178921568627 0.021241830065359478 0.019301470588235295