1 0.9446486928104575 0.3893995098039216 0.01511437908496732 0.010416666666666666
0 0.9940767973856209 0.6450674019607843 0.011029411764705883 0.008884803921568627
1 0.6523692810457516 0.6420036764705882 0.027777777777777776 0.01991421568627451
1 0.7802287581699346 0.6279105392156863 0.01715686274509804 0.013174019607843137
0 0.3576388888888889 0.6427696078431373 0.016748366013071895 0.011642156862745098
0 0.9321895424836601 0.6424632352941176 0.011437908496732025 0.00857843137254902
1 0.931031454248366 0.5990349264705882 0.01892565359477124 0.014246323529411764
0 0.9017565359477124 0.6260723039215687 0.012663398692810458 0.008272058823529412
0 0.902845179738562 0.6070772058823529 0.014840686274509803 0.01011029411764706
0 0.9072712418300654 0.6429227941176471 0.011437908496732025 0.007659313725490196
0 0.8553921568627451 0.6263786764705882 0.012254901960784314 0.008272058823529412
0 0.8762254901960784 0.6484375 0.013071895424836602 0.008272058823529412
0 0.8944035947712419 0.6531862745098039 0.012663398692810458 0.007965686274509803
1 0.5735294117647058 0.6758578431372549 0.021241830065359478 0.015931372549019607
0 0.8658088235294118 0.6545649509803921 0.013480392156862746 0.008884803921568627
1 0.00959967320261438 0.40579044117647056 0.01919934640522876 0.02420343137254902
1 0.894812091503268 0.5974264705882353 0.02246732026143791 0.016544117647058824
0 0.2734885620915033 0.9103860294117647 0.025735294117647058 0.018688725490196078
0 0.9352532679738562 0.7833946078431373 0.017565359477124183 0.014093137254901961
1 0.764501633986928 0.6536458333333334 0.023284313725490197 0.01685049019607843
1 0.9834558823529411 0.3837316176470588 0.028186274509803922 0.01991421568627451
0 0.9281045751633987 0.7467830882352942 0.028594771241830064 0.019301470588235295
0 0.9640645424836602 0.6434849877450981 0.011462418300653594 0.008170955882352941
0 0.9787683823529412 0.6473651960784313 0.011458333333333334 0.006127450980392157
0 0.918688725490196 0.6489231004901961 0.013031045751633986 0.007405024509803922
0 0.8884211601307189 0.6335278799019608 0.011319444444444444 0.006639093137254902