0 0.9938725490196079 0.22273284313725492 0.010620915032679739 0.010416666666666666
0 0.920751633986928 0.5592830882352942 0.026143790849673203 0.01685049019607843
0 0.13194444444444445 0.5715379901960784 0.0457516339869281 0.027879901960784315
0 0.03165849673202614 0.6125919117647058 0.05514705882352941 0.03829656862745098
1 0.6325571895424836 0.030330882352941176 0.0494281045751634 0.03370098039215686
1 0.610702614379085 0.14476102941176472 0.03676470588235294 0.027879901960784315
0 0.8598856209150327 0.5436580882352942 0.03349673202614379 0.02297794117647059
1 0.27655228758169936 0.042279411764705885 0.04820261437908497 0.03615196078431373
1 0.5821078431372549 0.034926470588235295 0.049836601307189546 0.03860294117647059
0 0.6552287581699346 0.6493566176470589 0.0457516339869281 0.030330882352941176
1 0.8261846405228758 0.09129901960784313 0.044526143790849675 0.03125
0 0.4462826797385621 0.5588235294117647 0.037173202614379085 0.029411764705882353
0 0.8061683006535948 0.6067708333333334 0.05024509803921569 0.03707107843137255
1 0.2949346405228758 0.02144607843137255 0.05718954248366013 0.04105392156862745