0 0.7497957516339869 0.3944546568627451 0.024101307189542485 0.01991421568627451
0 0.7175245098039216 0.39675245098039214 0.02900326797385621 0.01838235294117647
0 0.9491421568627451 0.40471813725490197 0.02900326797385621 0.018995098039215685
0 0.917687908496732 0.4071691176470588 0.020833333333333332 0.015931372549019607
0 0.06924019607843138 0.41299019607843135 0.02165032679738562 0.013480392156862746
0 0.20547385620915032 0.41513480392156865 0.026143790849673203 0.01838235294117647
0 0.02022058823529412 0.4172794117647059 0.020016339869281044 0.015931372549019607
0 0.4667075163398693 0.43704044117647056 0.024101307189542485 0.017463235294117647
0 0.7291666666666666 0.45986519607843135 0.042483660130718956 0.028186274509803922
0 0.3069852941176471 0.4918811274509804 0.027369281045751634 0.01685049019607843
0 0.4948937908496732 0.4958639705882353 0.03553921568627451 0.020526960784313725
0 0.8764297385620915 0.49816176470588236 0.0363562091503268 0.022058823529411766
0 0.8568218954248366 0.5165441176470589 0.04044117647058824 0.025122549019607844
0 0.12622549019607843 0.6397058823529411 0.0457516339869281 0.027573529411764705
0 0.6869873366013072 0.6433823529411765 0.04472630718954248 0.024509803921568627
0 0.42721609477124184 0.7984068627450981 0.04642565359477124 0.028186274509803922
1 0.7645915032679739 0.17034313725490197 0.04633986928104575 0.030637254901960783