1 0.24509803921568626 0.33746936274509803 0.022058823529411766 0.017463235294117647
0 0.6832107843137255 0.7625612745098039 0.0298202614379085 0.015931372549019607
1 0.07475490196078431 0.34987745098039214 0.017973856209150325 0.013480392156862746
1 0.3545751633986928 0.4799325980392157 0.0196078431372549 0.014399509803921568
0 0.9144199346405228 0.6953125 0.023284313725490197 0.014399509803921568
1 0.7855392156862745 0.6390931372549019 0.0196078431372549 0.013480392156862746
1 0.727328431372549 0.3633578431372549 0.023284313725490197 0.01838235294117647
1 0.7542892156862745 0.2622549019607843 0.025735294117647058 0.015931372549019607
1 0.1556372549019608 0.4502144607843137 0.014705882352941176 0.01133578431372549
1 0.14460784313725492 0.4419424019607843 0.02042483660130719 0.012561274509803922
1 0.08476307189542484 0.46369485294117646 0.024918300653594773 0.015012254901960785
1 0.36070261437908496 0.3255208333333333 0.024509803921568627 0.016237745098039217
0 0.24632352941176472 0.6274509803921569 0.02042483660130719 0.015318627450980392
1 0.32679738562091504 0.5755208333333334 0.03022875816993464 0.021752450980392156
1 0.17177287581699346 0.4678308823529412 0.015931372549019607 0.011642156862745098
1 0.19321895424836602 0.3996629901960784 0.018790849673202614 0.014399509803921568
1 0.26123366013071897 0.6564031862745098 0.020016339869281044 0.014399509803921568
0 0.48999183006535946 0.7055759803921569 0.015931372549019607 0.012867647058823529
1 0.985498366013072 0.3226102941176471 0.024101307189542485 0.018995098039215685
1 0.7910539215686274 0.5839460784313726 0.02165032679738562 0.015318627450980392
1 0.7663398692810458 0.5032169117647058 0.022058823529411766 0.015625
1 0.6909722222222222 0.6156556372549019 0.020016339869281044 0.015012254901960785
1 0.15727124183006536 0.3776041666666667 0.02042483660130719 0.014399509803921568
1 0.7475490196078431 0.35079656862745096 0.021241830065359478 0.015318627450980392
1 0.44362745098039214 0.42784926470588236 0.026143790849673203 0.018688725490196078
0 0.5496323529411765 0.8849571078431373 0.037173202614379085 0.026041666666666668
1 0.9681372549019608 0.3134191176470588 0.026143790849673203 0.0196078431372549
1 0.8333333333333334 0.2694546568627451 0.02696078431372549 0.019301470588235295
1 0.5004084967320261 0.4212622549019608 0.026143790849673203 0.01838235294117647
1 0.5287990196078431 0.3707107843137255 0.024101307189542485 0.01715686274509804
1 0.2900326797385621 0.23192401960784315 0.02042483660130719 0.015931372549019607
1 0.8453839869281046 0.522671568627451 0.023284313725490197 0.016544117647058824
1 0.36887254901960786 0.5975796568627451 0.026143790849673203 0.01991421568627451
1 0.7228349673202614 0.5211397058823529 0.02246732026143791 0.016544117647058824
1 0.5363562091503268 0.3232230392156863 0.026143790849673203 0.017769607843137254
1 0.215890522875817 0.5335477941176471 0.025735294117647058 0.019301470588235295
1 0.8674428104575164 0.38357843137254904 0.023284313725490197 0.01715686274509804
1 0.05943627450980392 0.4810049019607843 0.02165032679738562 0.015318627450980392
1 0.18035130718954248 0.4430147058823529 0.02165032679738562 0.01715686274509804
1 0.35355392156862747 0.6723345588235294 0.026552287581699346 0.019301470588235295
1 0.6862745098039216 0.35692401960784315 0.02369281045751634 0.01715686274509804
1 0.24285130718954248 0.6697303921568627 0.024101307189542485 0.01838235294117647
1 0.6468545751633987 0.2771139705882353 0.02165032679738562 0.016237745098039217
1 0.4534313725490196 0.6332720588235294 0.024509803921568627 0.01838235294117647
1 0.46200980392156865 0.3710171568627451 0.02287581699346405 0.015931372549019607
0 0.7720588235294118 0.6977634803921569 0.02287581699346405 0.018075980392156864
0 0.144812091503268 0.7124693627450981 0.024918300653594773 0.01685049019607843
1 0.7822712418300654 0.5412071078431373 0.02287581699346405 0.016237745098039217
1 0.5095996732026143 0.5165441176470589 0.023284313725490197 0.01715686274509804
1 0.7773692810457516 0.29151348039215685 0.026143790849673203 0.019301470588235295
1 0.4229983660130719 0.5997242647058824 0.026552287581699346 0.019301470588235295
1 0.7536764705882353 0.2930453431372549 0.026143790849673203 0.018688725490196078
1 0.7743055555555556 0.5549938725490197 0.023284313725490197 0.016237745098039217
1 0.8208741830065359 0.3636642156862745 0.026552287581699346 0.018995098039215685
1 0.7230392156862745 0.33869485294117646 0.025326797385620915 0.017463235294117647
1 0.2826797385620915 0.6885723039215687 0.026143790849673203 0.019301470588235295
1 0.6303880718954249 0.5519561887254902 0.017312091503267974 0.01200061274509804
1 0.7910110294117647 0.5933670343137255 0.022381535947712417 0.014552696078431373