1 0.39624183006535946 0.5047487745098039 0.021241830065359478 0.013786764705882353
1 0.775531045751634 0.38526348039215685 0.020833333333333332 0.015012254901960785
1 0.02287581699346405 0.29151348039215685 0.017973856209150325 0.013786764705882353
1 0.5396241830065359 0.6196384803921569 0.02042483660130719 0.014399509803921568
1 0.4417892156862745 0.5209865196078431 0.01919934640522876 0.012561274509803922
0 0.06719771241830065 0.6378676470588235 0.01838235294117647 0.011642156862745098
0 0.6662581699346405 0.5920649509803921 0.0196078431372549 0.01133578431372549
0 0.8223039215686274 0.5968137254901961 0.01715686274509804 0.012867647058823529
1 0.5629084967320261 0.5615808823529411 0.021241830065359478 0.014705882352941176
0 0.13214869281045752 0.6260723039215687 0.01511437908496732 0.010723039215686275
0 0.21019607843137253 0.5678170955882353 0.015163398692810456 0.011246936274509805
0 0.6427696078431373 0.6907169117647058 0.01838235294117647 0.013174019607843137
1 0.7064950980392157 0.4799325980392157 0.01919934640522876 0.015012254901960785
1 0.17769607843137256 0.48284313725490197 0.01715686274509804 0.012254901960784314
1 0.2003329248366013 0.41723498774509804 0.015861928104575162 0.012778799019607844
0 0.2520424836601307 0.7074142156862745 0.026143790849673203 0.015318627450980392
1 0.5361519607843137 0.5041360294117647 0.01919934640522876 0.014399509803921568
1 0.015318627450980392 0.3939950980392157 0.02165032679738562 0.014093137254901961
1 0.5334967320261438 0.5453431372549019 0.02042483660130719 0.014705882352941176
1 0.37342728758169935 0.513984375 0.018913398692810456 0.01510110294117647
0 0.7299836601307189 0.5857843137254902 0.016339869281045753 0.011642156862745098
1 0.13133169934640523 0.3984375 0.020016339869281044 0.013786764705882353
0 0.6215277777777778 0.6253063725490197 0.015931372549019607 0.011029411764705883
1 0.45859885620915036 0.29219822303921567 0.014419934640522875 0.010254289215686274
1 0.5878145424836602 0.31618566176470586 0.017949346405228758 0.013498774509803923
1 0.5541258169934641 0.5337009803921569 0.020016339869281044 0.014093137254901961
1 0.6066176470588235 0.3639705882352941 0.02287581699346405 0.015318627450980392
1 0.18995098039215685 0.6534926470588235 0.01715686274509804 0.014705882352941176
1 0.9616013071895425 0.5776654411764706 0.02369281045751634 0.01685049019607843
0 0.08680555555555555 0.6806066176470589 0.02165032679738562 0.015625
1 0.696078431372549 0.5750612745098039 0.016339869281045753 0.012254901960784314
1 0.44873366013071897 0.5096507352941176 0.020833333333333332 0.014399509803921568
1 0.23590686274509803 0.35799632352941174 0.015931372549019607 0.01133578431372549
1 0.2704248366013072 0.3287377450980392 0.016339869281045753 0.011642156862745098
0 0.9405637254901961 0.6081495098039216 0.01919934640522876 0.011642156862745098
1 0.44281045751633985 0.5419730392156863 0.02042483660130719 0.013480392156862746
1 0.5629084967320261 0.5068933823529411 0.02042483660130719 0.013786764705882353
0 0.27532679738562094 0.6735600490196079 0.018790849673202614 0.014399509803921568
1 0.1488970588235294 0.6211703431372549 0.020016339869281044 0.014399509803921568
0 0.8527369281045751 0.6106004901960784 0.027369281045751634 0.016544117647058824
1 0.6450163398692811 0.40058210784313725 0.02287581699346405 0.01685049019607843
1 0.05330882352941176 0.5174632352941176 0.02246732026143791 0.016544117647058824
1 0.6280637254901961 0.3503370098039216 0.020833333333333332 0.015012254901960785
0 0.8037173202614379 0.8633578431372549 0.03390522875816993 0.022058823529411766
1 0.5696486928104575 0.6178002450980392 0.020833333333333332 0.015625
1 0.1736111111111111 0.6862745098039216 0.022058823529411766 0.016544117647058824
1 0.40990196078431373 0.5559574142156862 0.01915032679738562 0.01387561274509804
1 0.18995098039215685 0.45588235294117646 0.021241830065359478 0.014093137254901961
1 0.4375 0.3929227941176471 0.018790849673202614 0.013786764705882353
1 0.0053104575163398695 0.42493872549019607 0.010620915032679739 0.016544117647058824
0 0.9926470588235294 0.7115502450980392 0.014705882352941176 0.018075980392156864
1 0.7802287581699346 0.4172794117647059 0.021241830065359478 0.015931372549019607
1 0.3758169934640523 0.37515318627450983 0.0196078431372549 0.013786764705882353
1 0.7197712418300654 0.25857843137254904 0.0196078431372549 0.014093137254901961
0 0.40788398692810457 0.6629901960784313 0.017565359477124183 0.011642156862745098
1 0.08680555555555555 0.6809129901960784 0.02165032679738562 0.015625
1 0.7252859477124183 0.5215992647058824 0.020016339869281044 0.014399509803921568
1 0.1264297385620915 0.5727634803921569 0.024918300653594773 0.01685049019607843
1 0.28799019607843135 0.6191789215686274 0.018790849673202614 0.013480392156862746
1 0.45526960784313725 0.6377144607843137 0.020016339869281044 0.014399509803921568
1 0.07148692810457516 0.5252757352941176 0.022058823529411766 0.015625
1 0.47505718954248366 0.2781418504901961 0.016290849673202615 0.011553308823529411
0 0.5612745098039216 0.6992953431372549 0.02287581699346405 0.015012254901960785
1 0.05514705882352941 0.6004901960784313 0.025326797385620915 0.018995098039215685
0 0.8845996732026143 0.6318933823529411 0.023284313725490197 0.016237745098039217
1 0.18729575163398693 0.6976102941176471 0.023284313725490197 0.016544117647058824
1 0.8451797385620915 0.5058210784313726 0.028594771241830064 0.020833333333333332
1 0.16973039215686275 0.40487132352941174 0.02165032679738562 0.015012254901960785
1 0.7691993464052288 0.43137254901960786 0.02369281045751634 0.015931372549019607
1 0.1909722222222222 0.43612132352941174 0.020016339869281044 0.013786764705882353
1 0.641952614379085 0.45358455882352944 0.02165032679738562 0.016237745098039217
1 0.9583333333333334 0.5013786764705882 0.032679738562091505 0.022365196078431373
0 0.8427287581699346 0.6338848039215687 0.018790849673202614 0.012254901960784314
1 0.5535130718954249 0.45955882352941174 0.02287581699346405 0.016544117647058824
1 0.05984477124183007 0.6202512254901961 0.024101307189542485 0.015012254901960785
1 0.14338235294117646 0.4612438725490196 0.02042483660130719 0.013174019607843137
1 0.06045751633986928 0.5551470588235294 0.022058823529411766 0.015318627450980392
1 0.6264297385620915 0.46170343137254904 0.020833333333333332 0.015931372549019607
1 0.0951797385620915 0.32919730392156865 0.02042483660130719 0.016237745098039217
1 0.6862745098039216 0.42984068627450983 0.021241830065359478 0.015931372549019607
1 0.16727941176470587 0.6393995098039216 0.023284313725490197 0.016544117647058824
1 0.11948529411764706 0.44362745098039214 0.020016339869281044 0.014093137254901961
1 0.6758578431372549 0.4600183823529412 0.020016339869281044 0.015012254901960785
0 0.9772794117647059 0.7407904411764706 0.033807189542483664 0.022022058823529412
1 0.11499183006535947 0.6030943627450981 0.020833333333333332 0.015012254901960785
1 0.7212009803921569 0.31954656862745096 0.024918300653594773 0.016544117647058824
1 0.6691176470588235 0.41911764705882354 0.024509803921568627 0.017769607843137254
0 0.16952614379084968 0.7400428921568627 0.02369281045751634 0.01685049019607843
1 0.00959967320261438 0.5772058823529411 0.01919934640522876 0.01715686274509804
1 0.6911764705882353 0.5177696078431373 0.02042483660130719 0.014093137254901961
1 0.10580065359477124 0.5229779411764706 0.022058823529411766 0.015318627450980392
1 0.7600081699346405 0.41253063725490197 0.023284313725490197 0.018075980392156864
0 0.7293709150326797 0.6660539215686274 0.024101307189542485 0.015318627450980392
1 0.39338235294117646 0.3782169117647059 0.02042483660130719 0.013786764705882353
1 0.03329248366013072 0.5329350490196079 0.024918300653594773 0.018075980392156864
0 0.9507761437908496 0.6649816176470589 0.0298202614379085 0.018688725490196078
0 0.6919934640522876 0.6453737745098039 0.02696078431372549 0.017463235294117647
1 0.09660947712418301 0.43765318627450983 0.024101307189542485 0.017463235294117647
0 0.6656454248366013 0.7201286764705882 0.0298202614379085 0.022365196078431373
1 0.3363419117647059 0.31004901960784315 0.017455065359477124 0.012254901960784314
1 0.3577022058823529 0.31799632352941176 0.02014297385620915 0.014056372549019609