1 0.42606209150326796 0.3319546568627451 0.02287581699346405 0.013786764705882353
1 0.599468954248366 0.33578431372549017 0.026552287581699346 0.0196078431372549
1 0.6008986928104575 0.35049019607843135 0.02696078431372549 0.012254901960784314
1 0.4279003267973856 0.3779105392156863 0.024101307189542485 0.01685049019607843
1 0.31352124183006536 0.38036151960784315 0.02900326797385621 0.01991421568627451
1 0.5861928104575164 0.3825061274509804 0.027777777777777776 0.018075980392156864
1 0.8363970588235294 0.3837316176470588 0.024101307189542485 0.013786764705882353
1 0.9352532679738562 0.3893995098039216 0.023284313725490197 0.01838235294117647
1 0.5191993464052288 0.39276960784313725 0.026143790849673203 0.017769607843137254
1 0.9607843137254902 0.3932291666666667 0.02696078431372549 0.018075980392156864
1 0.6174428104575164 0.3941482843137255 0.023284313725490197 0.016237745098039217
1 0.3641748366013072 0.4007352941176471 0.0298202614379085 0.02144607843137255
1 0.6872957516339869 0.4016544117647059 0.02246732026143791 0.014093137254901961
1 0.38786764705882354 0.4227941176470588 0.02900326797385621 0.015931372549019607
1 0.5565767973856209 0.42401960784313725 0.026552287581699346 0.014093137254901961
1 0.20812908496732027 0.4485294117647059 0.020833333333333332 0.014705882352941176
1 0.6162173202614379 0.45358455882352944 0.024101307189542485 0.018688725490196078
1 0.4579248366013072 0.4575674019607843 0.022058823529411766 0.014399509803921568
1 0.9250408496732027 0.46338848039215685 0.028186274509803922 0.018688725490196078
1 0.07128267973856209 0.47411151960784315 0.024918300653594773 0.015625
1 0.5955882352941176 0.484375 0.022058823529411766 0.016544117647058824
1 0.28104575163398693 0.48621323529411764 0.022058823529411766 0.015931372549019607
1 0.4679330065359477 0.49050245098039214 0.020016339869281044 0.014705882352941176
1 0.14808006535947713 0.4964767156862745 0.023284313725490197 0.017463235294117647
1 0.22712418300653595 0.5039828431372549 0.013888888888888888 0.010416666666666666
1 0.41217320261437906 0.5170036764705882 0.026143790849673203 0.018688725490196078
1 0.44669117647058826 0.5182291666666666 0.023284313725490197 0.017463235294117647
1 0.09415849673202614 0.5289522058823529 0.023284313725490197 0.016237745098039217
1 0.4957107843137255 0.530484068627451 0.01838235294117647 0.017463235294117647
1 0.1597222222222222 0.5359987745098039 0.0196078431372549 0.013786764705882353
1 0.5287990196078431 0.547640931372549 0.02165032679738562 0.015625
1 0.07945261437908496 0.5595894607843137 0.01838235294117647 0.012561274509803922
1 0.6382761437908496 0.5840992647058824 0.024101307189542485 0.01685049019607843
1 0.6280637254901961 0.5919117647058824 0.024918300653594773 0.01715686274509804
1 0.19117647058823528 0.5943627450980392 0.024509803921568627 0.015931372549019607
1 0.18770424836601307 0.6168811274509803 0.023284313725490197 0.013786764705882353
1 0.06985294117647059 0.6246936274509803 0.021241830065359478 0.012254901960784314
1 0.3776552287581699 0.6443014705882353 0.02165032679738562 0.01715686274509804
1 0.26858660130718953 0.717984068627451 0.026552287581699346 0.01685049019607843
1 0.39133986928104575 0.7490808823529411 0.025326797385620915 0.016544117647058824
0 0.8954248366013072 0.7809436274509803 0.02042483660130719 0.00857843137254902
0 0.8570261437908496 0.7909007352941176 0.021241830065359478 0.009497549019607842
0 0.9466911764705882 0.8166360294117647 0.014297385620915032 0.011948529411764705
0 0.8382352941176471 0.8304227941176471 0.013888888888888888 0.014399509803921568
0 0.8012663398692811 0.8337928921568627 0.026552287581699346 0.018075980392156864
0 0.16033496732026145 0.842984068627451 0.020833333333333332 0.012561274509803922
0 0.7465277777777778 0.8572303921568627 0.020016339869281044 0.007352941176470588
0 0.5314542483660131 0.8828125 0.03349673202614379 0.011948529411764705
0 0.4395424836601307 0.8926164215686274 0.024509803921568627 0.020526960784313725
0 0.6219362745098039 0.8988970588235294 0.026552287581699346 0.020833333333333332
0 0.9409722222222222 0.9041053921568627 0.023284313725490197 0.009191176470588236
1 0.5247140522875817 0.24816176470588236 0.027369281045751634 0.015931372549019607
1 0.43300653594771243 0.25015318627450983 0.026143790849673203 0.018075980392156864
1 0.6372549019607843 0.2581188725490196 0.0196078431372549 0.015625
1 0.5743464052287581 0.26731004901960786 0.015522875816993464 0.010723039215686275
1 0.37949346405228757 0.2942708333333333 0.02696078431372549 0.016237745098039217