1 0.5406454248366013 0.31954656862745096 0.014297385620915032 0.00857843137254902
1 0.5089869281045751 0.3325674019607843 0.03431372549019608 0.020526960784313725
1 0.886437908496732 0.33379289215686275 0.042483660130718956 0.022365196078431373
1 0.9552696078431373 0.37300857843137253 0.034722222222222224 0.020526960784313725
1 0.5071486928104575 0.40517769607843135 0.015931372549019607 0.008272058823529412
1 0.4244281045751634 0.43106617647058826 0.05310457516339869 0.0392156862745098
1 0.35232843137254904 0.4440870098039216 0.04370915032679738 0.026041666666666668
1 0.09272875816993464 0.4921875 0.032679738562091505 0.02297794117647059
1 0.5439133986928104 0.5108762254901961 0.01184640522875817 0.007659313725490196
1 0.9883578431372549 0.5122549019607843 0.023284313725490197 0.02144607843137255
1 0.639501633986928 0.5350796568627451 0.01838235294117647 0.007659313725490196
1 0.8566176470588235 0.5499387254901961 0.03431372549019608 0.024509803921568627
1 0.23223039215686275 0.5848651960784313 0.020016339869281044 0.012254901960784314
1 0.3319035947712418 0.5871629901960784 0.05269607843137255 0.02971813725490196
1 0.9904003267973857 0.5954350490196079 0.01919934640522876 0.027879901960784315
0 0.3180147058823529 0.6056985294117647 0.011029411764705883 0.00857843137254902
0 0.3519199346405229 0.6106004901960784 0.01511437908496732 0.007352941176470588
0 0.6887254901960784 0.6109068627450981 0.018790849673202614 0.011029411764705883
0 0.3598856209150327 0.6119791666666666 0.008986928104575163 0.007659313725490196
0 0.5804738562091504 0.6202512254901961 0.011437908496732025 0.0070465686274509805
0 0.25755718954248363 0.6239276960784313 0.017565359477124183 0.009497549019607842
0 0.5345179738562091 0.6253063725490197 0.014297385620915032 0.007965686274509803
1 0.13541666666666666 0.625765931372549 0.037173202614379085 0.02849264705882353
0 0.5784313725490197 0.6259191176470589 0.013071895424836602 0.006740196078431373
0 0.6446078431372549 0.6266850490196079 0.013071895424836602 0.008272058823529412
0 0.5185866013071896 0.6268382352941176 0.010212418300653595 0.009191176470588236
1 0.07883986928104575 0.6289828431372549 0.05392156862745098 0.03308823529411765
0 0.6225490196078431 0.6305147058823529 0.02042483660130719 0.010416666666666666
0 0.3382352941176471 0.6325061274509803 0.015522875816993464 0.011948529411764705
0 0.5859885620915033 0.6374080882352942 0.015931372549019607 0.0070465686274509805
0 0.22406045751633988 0.6375612745098039 0.03308823529411765 0.018995098039215685
0 0.27675653594771243 0.6404718137254902 0.030637254901960783 0.018075980392156864
0 0.6025326797385621 0.6410845588235294 0.015522875816993464 0.007659313725490196
0 0.32598039215686275 0.6453737745098039 0.03022875816993464 0.015012254901960785
0 0.24897875816993464 0.6481311274509803 0.0298202614379085 0.020526960784313725
0 0.7591911764705882 0.6528799019607843 0.016748366013071895 0.007965686274509803
1 0.4270833333333333 0.6544117647058824 0.04534313725490196 0.034926470588235295
0 0.9213643790849673 0.6545649509803921 0.020016339869281044 0.011948529411764705
0 0.8366013071895425 0.6565563725490197 0.016339869281045753 0.010416666666666666
0 0.12009803921568628 0.6593137254901961 0.02042483660130719 0.014093137254901961
0 0.8169934640522876 0.6614583333333334 0.013071895424836602 0.00857843137254902
0 0.738562091503268 0.6634497549019608 0.014705882352941176 0.0070465686274509805
0 0.7526552287581699 0.6654411764705882 0.015931372549019607 0.00980392156862745
0 0.5990604575163399 0.6663602941176471 0.014297385620915032 0.00857843137254902
1 0.9667075163398693 0.6701899509803921 0.0298202614379085 0.018075980392156864
0 0.5604575163398693 0.6704963235294118 0.015522875816993464 0.007659313725490196
0 0.13827614379084968 0.6704963235294118 0.03553921568627451 0.018075980392156864
0 0.8016748366013072 0.6723345588235294 0.01838235294117647 0.010723039215686275
0 0.6956699346405228 0.6845894607843137 0.013888888888888888 0.01011029411764706
0 0.7900326797385621 0.6848958333333334 0.021241830065359478 0.009497549019607842
0 0.7071078431372549 0.6850490196078431 0.017973856209150325 0.011642156862745098
0 0.5684232026143791 0.6870404411764706 0.034722222222222224 0.018075980392156864
0 0.3729575163398693 0.6965379901960784 0.02042483660130719 0.01011029411764706
0 0.5273692810457516 0.6977634803921569 0.017973856209150325 0.01133578431372549
0 0.9140114379084967 0.7028186274509803 0.01838235294117647 0.012254901960784314
0 0.71875 0.7068014705882353 0.017565359477124183 0.00980392156862745
0 0.8157679738562091 0.7068014705882353 0.01715686274509804 0.011642156862745098
0 0.8576388888888888 0.7077205882352942 0.020016339869281044 0.014093137254901961
0 0.13214869281045752 0.7081801470588235 0.03227124183006536 0.019301470588235295
0 0.8848039215686274 0.7083333333333334 0.017973856209150325 0.00857843137254902
0 0.5890522875816994 0.7098651960784313 0.0196078431372549 0.013480392156862746
0 0.08680555555555555 0.7133884803921569 0.0428921568627451 0.02542892156862745
0 0.6881127450980392 0.7135416666666666 0.01919934640522876 0.015318627450980392
0 0.38991013071895425 0.7143075980392157 0.01919934640522876 0.012561274509803922
0 0.3723447712418301 0.7190563725490197 0.024101307189542485 0.010416666666666666
0 0.9722222222222222 0.7198223039215687 0.018790849673202614 0.014399509803921568
0 0.8155637254901961 0.7212009803921569 0.01919934640522876 0.010416666666666666
0 0.693218954248366 0.7222732843137255 0.021241830065359478 0.010723039215686275
0 0.8188316993464052 0.7290134803921569 0.020016339869281044 0.013174019607843137
0 0.5812908496732027 0.7299325980392157 0.028594771241830064 0.013786764705882353
0 0.3827614379084967 0.7308517156862745 0.04003267973856209 0.030943627450980393
0 0.2448937908496732 0.7339154411764706 0.02246732026143791 0.01011029411764706
0 0.8129084967320261 0.7363664215686274 0.026143790849673203 0.008884803921568627
0 0.6133578431372549 0.7411151960784313 0.02165032679738562 0.012867647058823529
0 0.6488970588235294 0.7463235294117647 0.034722222222222224 0.02389705882352941
0 0.5386029411764706 0.7469362745098039 0.024101307189542485 0.011642156862745098
0 0.08884803921568628 0.7573529411764706 0.0559640522875817 0.03002450980392157
0 0.761437908496732 0.7608762254901961 0.0196078431372549 0.012561274509803922
0 0.5970179738562091 0.7728247549019608 0.023284313725490197 0.014399509803921568
0 0.44669117647058826 0.7910539215686274 0.02165032679738562 0.02022058823529412
0 0.14501633986928106 0.8065257352941176 0.05555555555555555 0.02971813725490196
0 0.5294117647058824 0.8118872549019608 0.05228758169934641 0.030637254901960783
0 0.1517565359477124 0.8221507352941176 0.06495098039215687 0.03829656862745098
0 0.8925653594771242 0.8224571078431373 0.018790849673202614 0.015012254901960785
0 0.9099264705882353 0.8382352941176471 0.016748366013071895 0.012254901960784314
0 0.3737745098039216 0.8492647058823529 0.02042483660130719 0.013480392156862746
0 0.9097222222222222 0.8511029411764706 0.024509803921568627 0.014093137254901961
0 0.9387254901960784 0.8511029411764706 0.029411764705882353 0.016544117647058824
0 0.8098447712418301 0.852328431372549 0.03145424836601307 0.0196078431372549
0 0.9632352941176471 0.8658088235294118 0.02696078431372549 0.017769607843137254
0 0.9172794117647058 0.8671875 0.027369281045751634 0.018075980392156864
0 0.45935457516339867 0.8725490196078431 0.02900326797385621 0.022058823529411766
0 0.8314950980392157 0.8921568627450981 0.023284313725490197 0.015318627450980392
0 0.9023692810457516 0.8982843137254902 0.031862745098039214 0.016544117647058824
0 0.610498366013072 0.9183517156862745 0.020016339869281044 0.015625
0 0.9262663398692811 0.9183517156862745 0.03308823529411765 0.021752450980392156
0 0.7855392156862745 0.946078431372549 0.02696078431372549 0.01715686274509804
1 0.6809640522875817 0.2737438725490196 0.02369281045751634 0.016237745098039217
1 0.7224264705882353 0.30254289215686275 0.009395424836601307 0.009497549019607842