1 0.7310049019607843 0.6216299019607843 0.023284313725490197 0.016544117647058824
1 0.8063153594771242 0.6089813112745098 0.024395424836601308 0.016982230392156863
1 0.952001633986928 0.5298713235294118 0.02165032679738562 0.013174019607843137
1 0.9818811274509804 0.47216452205882353 0.01931781045751634 0.012956495098039216
1 0.9558823529411765 0.5678615196078431 0.02287581699346405 0.013174019607843137
1 0.5955882352941176 0.47732843137254904 0.02369281045751634 0.014705882352941176
1 0.3708558006535948 0.4930193014705882 0.03256127450980392 0.02464154411764706
1 0.8752042483660131 0.5379901960784313 0.024101307189542485 0.015931372549019607
1 0.8022875816993464 0.5116421568627451 0.027777777777777776 0.020833333333333332
1 0.8796977124183006 0.4831495098039216 0.024101307189542485 0.015931372549019607
1 0.8159722222222222 0.7072610294117647 0.024101307189542485 0.016237745098039217
1 0.7239133986928105 0.7754947916666667 0.03361111111111111 0.03199448529411765
1 0.2234763071895425 0.42758731617647056 0.029468954248366014 0.020615808823529414
0 0.4545690359477125 0.7578339460784315 0.017798202614379085 0.011378676470588236
1 0.9256535947712419 0.4574142156862745 0.022058823529411766 0.014705882352941176
1 0.47875816993464054 0.6128982843137255 0.03431372549019608 0.024816176470588234
1 0.7094709967320262 0.741530330882353 0.03740604575163398 0.035756740196078426
0 0.8247549019607843 0.8426776960784313 0.02042483660130719 0.013786764705882353
1 0.8316993464052288 0.6426164215686274 0.021241830065359478 0.015625
0 0.946078431372549 0.8048406862745098 0.01715686274509804 0.012867647058823529
1 0.9891748366013072 0.44362745098039214 0.01919934640522876 0.015318627450980392
1 0.8841911764705882 0.789828431372549 0.020833333333333332 0.016544117647058824
1 0.6031454248366013 0.5110294117647058 0.037173202614379085 0.025735294117647058
1 0.8643790849673203 0.7886029411764706 0.027777777777777776 0.0196078431372549
1 0.9442116013071895 0.4283532475490196 0.01505718954248366 0.012956495098039216
1 0.2113970588235294 0.45931832107843135 0.028186274509803922 0.02035232843137255
1 0.922998366013072 0.7510723039215687 0.023284313725490197 0.01685049019607843
1 0.8406862745098039 0.47457107843137253 0.026143790849673203 0.015931372549019607
1 0.45069035947712416 0.4558164828431373 0.014125816993464052 0.010897671568627452
1 0.32741013071895425 0.547640931372549 0.03308823529411765 0.02542892156862745
1 0.9123774509803921 0.8098958333333334 0.02246732026143791 0.014399509803921568
1 0.8537009803921569 0.5850842524509804 0.018676470588235294 0.012693014705882353
1 0.8560069444444445 0.45242493872549017 0.01838643790849673 0.011467524509803921
1 0.7452736928104575 0.7281816789215686 0.03548202614379085 0.024378063725490194
0 0.4150326797385621 0.7627144607843137 0.02042483660130719 0.015625
1 0.7716503267973857 0.5842524509803921 0.03104575163398693 0.026348039215686275
0 0.9311397058823528 0.42784926470588236 0.019142156862745098 0.015625
1 0.8421160130718954 0.5124080882352942 0.026552287581699346 0.018075980392156864
1 0.48937908496732024 0.6465992647058824 0.03104575163398693 0.021752450980392156
1 0.5729166666666666 0.5586703431372549 0.030637254901960783 0.0272671568627451
1 0.30044934640522875 0.5009191176470589 0.030637254901960783 0.025122549019607844
1 0.8529411764705882 0.5531556372549019 0.021241830065359478 0.015625
1 0.8372140522875817 0.8043811274509803 0.027369281045751634 0.021752450980392156
0 0.061274509803921566 0.9823835784313726 0.03349673202614379 0.023590686274509803
1 0.8257761437908496 0.49785539215686275 0.02900326797385621 0.01838235294117647
1 0.8137254901960784 0.5525428921568627 0.024509803921568627 0.017463235294117647
1 0.8539624183006536 0.7264093137254902 0.0298202614379085 0.02144607843137255
1 0.6893382352941176 0.5631127450980392 0.02900326797385621 0.023284313725490197
1 0.2154248366013072 0.43868106617647057 0.029705882352941176 0.02258272058823529
1 0.5018382352941176 0.5018382352941176 0.03390522875816993 0.027573529411764705
1 0.5322712418300654 0.4543504901960784 0.03676470588235294 0.032475490196078434
1 0.7877859477124183 0.8014705882352942 0.03227124183006536 0.026348039215686275
1 0.7461192810457516 0.44745710784313725 0.03880718954248366 0.02971813725490196
0 0.7389705882352942 0.8754595588235294 0.02696078431372549 0.021139705882352942
1 0.4699754901960784 0.7878370098039216 0.034722222222222224 0.027879901960784315
1 0.9393382352941176 0.5477941176470589 0.030637254901960783 0.022058823529411766
1 0.4775326797385621 0.4955575980392157 0.0392156862745098 0.033394607843137254
1 0.5106209150326797 0.6044730392156863 0.03676470588235294 0.03002450980392157
1 0.7075163398692811 0.4177389705882353 0.03839869281045752 0.027879901960784315
1 0.5584150326797386 0.44286151960784315 0.03431372549019608 0.02849264705882353
0 0.5600490196078431 0.8342524509803921 0.031862745098039214 0.025122549019607844
1 0.3762254901960784 0.7382046568627451 0.03349673202614379 0.02542892156862745
1 0.2514297385620915 0.4283532475490196 0.03390522875816993 0.026436887254901963
1 0.9826388888888888 0.6432291666666666 0.034722222222222224 0.024816176470588234
1 0.2839052287581699 0.5442708333333334 0.032679738562091505 0.024816176470588234
1 0.9475081699346405 0.7447916666666666 0.037173202614379085 0.02696078431372549
1 0.29469158496732023 0.4921875 0.02974264705882353 0.01991421568627451
0 0.4685191993464052 0.7615762867647058 0.022822712418300653 0.010284926470588235
1 0.38804330065359477 0.37259344362745095 0.02036764705882353 0.01663296568627451