0 0.7665441176470589 0.4099264705882353 0.024101307189542485 0.01715686274509804
0 0.7469362745098039 0.4231004901960784 0.03145424836601307 0.011642156862745098
0 0.6141748366013072 0.4352022058823529 0.028186274509803922 0.013174019607843137
0 0.5808823529411765 0.43673406862745096 0.021241830065359478 0.013174019607843137
0 0.13623366013071894 0.46890318627450983 0.02165032679738562 0.01011029411764706
0 0.0247140522875817 0.4739583333333333 0.01919934640522876 0.007352941176470588
0 0.4526143790849673 0.5121017156862745 0.032679738562091505 0.02665441176470588
0 0.3261846405228758 0.5180759803921569 0.044526143790849675 0.027573529411764705
0 0.9881535947712419 0.5526960784313726 0.02369281045751634 0.032475490196078434
0 0.20812908496732027 0.5591299019607843 0.04125816993464052 0.02144607843137255
0 0.32230392156862747 0.5893075980392157 0.042483660130718956 0.03462009803921569
1 0.8845996732026143 0.08363970588235294 0.03880718954248366 0.03125
1 0.8149509803921569 0.11473651960784313 0.02369281045751634 0.012561274509803922
1 0.8613153594771242 0.13802083333333334 0.020016339869281044 0.016237745098039217
1 0.9887663398692811 0.17064950980392157 0.02246732026143791 0.01715686274509804
1 0.8793647875816993 0.1090686274509804 0.02588643790849673 0.01715686274509804
1 0.9110763888888889 0.13511029411764705 0.02966911764705882 0.02267156862745098