1 0.2534722222222222 0.3180147058823529 0.037173202614379085 0.02696078431372549
1 0.28165849673202614 0.3180147058823529 0.025735294117647058 0.025735294117647058
1 0.7326388888888888 0.32230392156862747 0.03799019607843137 0.02696078431372549
1 0.7808415032679739 0.3247549019607843 0.03227124183006536 0.029411764705882353
1 0.45036764705882354 0.34681372549019607 0.03308823529411765 0.025735294117647058
1 0.26205065359477125 0.37224264705882354 0.0363562091503268 0.02389705882352941
1 0.33026960784313725 0.37254901960784315 0.030637254901960783 0.02696078431372549
1 0.06433823529411764 0.3756127450980392 0.039624183006535946 0.029411764705882353
1 0.8457924836601307 0.37775735294117646 0.03308823529411765 0.028799019607843136
1 0.8837826797385621 0.3912377450980392 0.037173202614379085 0.03125
1 0.7077205882352942 0.39629289215686275 0.034722222222222224 0.03216911764705882
1 0.3604983660130719 0.40318627450980393 0.03308823529411765 0.02696078431372549
1 0.5243055555555556 0.44424019607843135 0.03308823529411765 0.025735294117647058
1 0.5606617647058824 0.4647671568627451 0.0363562091503268 0.026348039215686275
1 0.6917892156862745 0.46660539215686275 0.03390522875816993 0.027573529411764705
1 0.8952205882352942 0.4690563725490196 0.03880718954248366 0.03002450980392157
1 0.6141748366013072 0.4727328431372549 0.03227124183006536 0.025122549019607844
1 0.41299019607843135 0.47901348039215685 0.03594771241830065 0.02849264705882353
1 0.8621323529411765 0.4800857843137255 0.037173202614379085 0.028799019607843136
1 0.3196486928104575 0.4856004901960784 0.0428921568627451 0.034926470588235295
1 0.35661764705882354 0.4883578431372549 0.02287581699346405 0.017769607843137254
1 0.08925653594771242 0.4944852941176471 0.03880718954248366 0.029411764705882353
1 0.6605392156862745 0.4967830882352941 0.028594771241830064 0.02542892156862745
1 0.9287173202614379 0.4996936274509804 0.03880718954248366 0.027573529411764705
1 0.37459150326797386 0.5035232843137255 0.03431372549019608 0.018075980392156864
1 0.7060866013071896 0.5340073529411765 0.03799019607843137 0.028799019607843136
1 0.13133169934640523 0.5352328431372549 0.039624183006535946 0.027573529411764705
1 0.29105392156862747 0.5401348039215687 0.034722222222222224 0.02144607843137255
1 0.18852124183006536 0.5808823529411765 0.03799019607843137 0.029411764705882353
1 0.7761437908496732 0.5981924019607843 0.03758169934640523 0.03278186274509804
1 0.5059232026143791 0.6115196078431373 0.04616013071895425 0.03431372549019608
1 0.6092728758169934 0.6403186274509803 0.04044117647058824 0.022058823529411766
1 0.2935049019607843 0.6590073529411765 0.03880718954248366 0.026348039215686275
1 0.14767156862745098 0.6645220588235294 0.03880718954248366 0.03125
1 0.20077614379084968 0.6841299019607843 0.03799019607843137 0.034926470588235295
1 0.9850898692810458 0.6924019607843137 0.02165032679738562 0.015931372549019607
1 0.6390931372549019 0.7046568627450981 0.0298202614379085 0.025735294117647058
1 0.6791258169934641 0.7135416666666666 0.020833333333333332 0.016544117647058824
1 0.9897875816993464 0.7156862745098039 0.02042483660130719 0.01715686274509804
1 0.2661356209150327 0.7218137254901961 0.028186274509803922 0.020833333333333332
1 0.2028186274509804 0.7303921568627451 0.042075163398692814 0.029411764705882353
1 0.39072712418300654 0.7536764705882353 0.024918300653594773 0.01715686274509804
1 0.8090277777777778 0.7588848039215687 0.0298202614379085 0.02389705882352941
1 0.6523692810457516 0.7604166666666666 0.03104575163398693 0.020833333333333332
0 0.9530228758169934 0.7621017156862745 0.01715686274509804 0.01133578431372549
1 0.5855800653594772 0.7643995098039216 0.03553921568627451 0.02022058823529412
0 0.10355392156862746 0.7694546568627451 0.01511437908496732 0.013786764705882353
0 0.11274509803921569 0.7743566176470589 0.013071895424836602 0.013174019607843137
0 0.07005718954248366 0.7772671568627451 0.01919934640522876 0.011642156862745098
1 0.36499183006535946 0.7784926470588235 0.02900326797385621 0.017769607843137254
0 0.29554738562091504 0.782015931372549 0.01919934640522876 0.012561274509803922
0 0.11274509803921569 0.7844669117647058 0.013071895424836602 0.013174019607843137
0 0.2747140522875817 0.7895220588235294 0.012663398692810458 0.011029411764705883
0 0.35927287581699346 0.8020833333333334 0.020016339869281044 0.011642156862745098
0 0.10457516339869281 0.8046875 0.013888888888888888 0.01133578431372549
0 0.3241421568627451 0.8223039215686274 0.034722222222222224 0.024509803921568627
1 0.19955065359477125 0.8241421568627451 0.042075163398692814 0.031862745098039214
0 0.07230392156862746 0.8285845588235294 0.018790849673202614 0.014399509803921568
0 0.03901143790849673 0.8360906862745098 0.012663398692810458 0.015318627450980392
0 0.07598039215686274 0.8374693627450981 0.022058823529411766 0.01133578431372549
0 0.08619281045751634 0.8426776960784313 0.02287581699346405 0.01133578431372549
0 0.4131944444444444 0.8587622549019608 0.024918300653594773 0.02144607843137255
0 0.13174019607843138 0.8648897058823529 0.020833333333333332 0.016544117647058824
0 0.07128267973856209 0.8661151960784313 0.03390522875816993 0.02389705882352941
0 0.26776960784313725 0.882046568627451 0.0428921568627451 0.025122549019607844
0 0.05371732026143791 0.8838848039215687 0.03390522875816993 0.025122549019607844
0 0.897671568627451 0.9301470588235294 0.024101307189542485 0.014705882352941176
0 0.02920751633986928 0.9433210784313726 0.04044117647058824 0.028799019607843136
0 0.8696895424836601 0.9499080882352942 0.029411764705882353 0.016237745098039217
0 0.022263071895424837 0.977328431372549 0.039624183006535946 0.023284313725490197
0 0.4493464052287582 0.9917279411764706 0.04084967320261438 0.016544117647058824
1 0.35518790849673204 0.2619485294117647 0.037173202614379085 0.03002450980392157
1 0.4070669934640523 0.27144607843137253 0.039624183006535946 0.031862745098039214