1 0.5912990196078431 0.3318014705882353 0.027369281045751634 0.02267156862745098
1 0.3429330065359477 0.3636642156862745 0.030637254901960783 0.020833333333333332
1 0.40808823529411764 0.4518995098039216 0.02369281045751634 0.018995098039215685
1 0.12928921568627452 0.4885110294117647 0.030637254901960783 0.018075980392156864
1 0.5915032679738562 0.5012254901960784 0.04084967320261438 0.028186274509803922
1 0.5095996732026143 0.5488664215686274 0.03553921568627451 0.029105392156862746
1 0.5459558823529411 0.5491727941176471 0.03553921568627451 0.021752450980392156
1 0.13909313725490197 0.5703125 0.04044117647058824 0.02665441176470588
1 0.1977124183006536 0.6066176470588235 0.02696078431372549 0.0196078431372549
1 0.6785130718954249 0.6390931372549019 0.03839869281045752 0.028799019607843136
1 0.10498366013071896 0.7084865196078431 0.02042483660130719 0.020526960784313725
1 0.7220179738562091 0.7222732843137255 0.04044117647058824 0.030330882352941176
0 0.17544934640522875 0.7274816176470589 0.014297385620915032 0.012561274509803922
0 0.19587418300653595 0.7333026960784313 0.01919934640522876 0.011948529411764705
0 0.18913398692810457 0.7487745098039216 0.022058823529411766 0.012254901960784314
0 0.5422794117647058 0.7550551470588235 0.023284313725490197 0.021139705882352942
0 0.4571078431372549 0.7582720588235294 0.025326797385620915 0.01838235294117647
1 0.7212009803921569 0.7598039215686274 0.04616013071895425 0.032475490196078434
0 0.02022058823529412 0.7631740196078431 0.01919934640522876 0.015931372549019607
0 0.14726307189542484 0.8192401960784313 0.039624183006535946 0.02022058823529412
0 0.7450980392156863 0.8762254901960784 0.049019607843137254 0.03002450980392157
0 0.6260212418300654 0.8952205882352942 0.034722222222222224 0.03002450980392157
0 0.5375816993464052 0.8959865196078431 0.03104575163398693 0.0272671568627451
0 0.10232843137254902 0.9430147058823529 0.026552287581699346 0.015931372549019607
0 0.4397467320261438 0.9572610294117647 0.03145424836601307 0.030330882352941176