1 0.36151960784313725 0.28324142156862747 0.025326797385620915 0.020526960784313725
1 0.5931372549019608 0.45511642156862747 0.02042483660130719 0.014399509803921568
1 0.3504554738562091 0.5693673406862745 0.023623366013071894 0.018636642156862743
1 0.6721813725490197 0.5600490196078431 0.017565359477124183 0.012254901960784314
1 0.12540849673202614 0.4261642156862745 0.02042483660130719 0.014705882352941176
0 0.3110702614379085 0.5814950980392157 0.01511437908496732 0.010416666666666666
0 0.15441176470588236 0.5840992647058824 0.01715686274509804 0.013174019607843137
1 0.7469035947712419 0.4996675857843137 0.019950980392156863 0.014041053921568626
1 0.44669117647058826 0.3020833333333333 0.024918300653594773 0.01838235294117647
1 0.3576388888888889 0.4534313725490196 0.02246732026143791 0.015931372549019607
1 0.40005514705882356 0.40801164215686275 0.021515522875816994 0.01639093137254902
0 0.38562091503267976 0.5784313725490197 0.016339869281045753 0.011642156862745098
1 0.023488562091503268 0.5425857843137255 0.024101307189542485 0.01715686274509804
1 0.14562908496732027 0.5212928921568627 0.023284313725490197 0.01685049019607843
1 0.5088500816993464 0.5957414215686274 0.021785130718954247 0.016237745098039217
1 0.23284313725490197 0.5939031862745098 0.02369281045751634 0.01685049019607843
1 0.25245098039215685 0.5176164215686274 0.02696078431372549 0.019301470588235295
0 0.8609068627450981 0.6645220588235294 0.030637254901960783 0.02267156862745098
1 0.538188316993464 0.5966865808823529 0.015919117647058823 0.01200061274509804
1 0.5429983660130719 0.6021752450980392 0.019820261437908496 0.013786764705882353
1 0.6117422385620915 0.559155943627451 0.017602124183006537 0.013532475490196079
1 0.36482434640522876 0.31737591911764707 0.01559640522875817 0.010977328431372549
1 0.516123366013072 0.4309895833333333 0.01590686274509804 0.011488970588235295
1 0.5962704248366013 0.3717325367647059 0.01933823529411765 0.014298406862745099
1 0.6128799019607842 0.4004028799019608 0.020694444444444442 0.014041053921568626
1 0.6119607843137255 0.416640625 0.02049019607843137 0.014041053921568626