1 0.7845179738562091 0.3304227941176471 0.023284313725490197 0.02420343137254902
0 0.647671568627451 0.3684129901960784 0.01511437908496732 0.012561274509803922
0 0.5290032679738562 0.37025122549019607 0.013071895424836602 0.007659313725490196
0 0.5161356209150327 0.37224264705882354 0.009395424836601307 0.007352941176470588
0 0.5214460784313726 0.37346813725490197 0.009395424836601307 0.006127450980392157
0 0.9107434640522876 0.3783700980392157 0.028186274509803922 0.015931372549019607
0 0.12888071895424835 0.3828125 0.01919934640522876 0.013174019607843137
0 0.9370915032679739 0.3834252450980392 0.031862745098039214 0.013786764705882353
0 0.5089869281045751 0.38388480392156865 0.013888888888888888 0.012254901960784314
0 0.5467728758169934 0.38556985294117646 0.020016339869281044 0.012561274509803922
0 0.6055964052287581 0.39246323529411764 0.02246732026143791 0.012254901960784314
0 0.12295751633986927 0.40027573529411764 0.01715686274509804 0.01133578431372549
0 0.9620098039215687 0.4019607843137255 0.03431372549019608 0.02389705882352941
0 0.6002859477124183 0.4221813725490196 0.024918300653594773 0.014705882352941176
0 0.7984068627450981 0.42401960784313725 0.023284313725490197 0.014093137254901961
0 0.7167075163398693 0.4339767156862745 0.020016339869281044 0.01991421568627451
0 0.6958741830065359 0.43903186274509803 0.020016339869281044 0.013480392156862746
1 0.47549019607843135 0.4407169117647059 0.028594771241830064 0.023590686274509803
1 0.10457516339869281 0.45419730392156865 0.03676470588235294 0.02297794117647059
0 0.9042075163398693 0.4560355392156863 0.024101307189542485 0.014399509803921568
0 0.8255718954248366 0.4606311274509804 0.022058823529411766 0.01011029411764706
0 0.8131127450980392 0.4716605392156863 0.03308823529411765 0.02420343137254902
0 0.8570261437908496 0.4774816176470588 0.0196078431372549 0.015012254901960785
0 0.5002042483660131 0.47840073529411764 0.02900326797385621 0.018075980392156864
0 0.6901552287581699 0.48192401960784315 0.03145424836601307 0.017769607843137254
0 0.8735702614379085 0.48299632352941174 0.020016339869281044 0.014399509803921568
0 0.6119281045751634 0.4852941176470588 0.035130718954248366 0.022058823529411766
0 0.9262663398692811 0.4892769607843137 0.02246732026143791 0.020833333333333332
1 0.4013480392156863 0.49111519607843135 0.0298202614379085 0.025735294117647058
1 0.17381535947712418 0.49693627450980393 0.03390522875816993 0.01838235294117647
0 0.6781045751633987 0.4970894607843137 0.029411764705882353 0.018075980392156864
0 0.858047385620915 0.4977022058823529 0.03145424836601307 0.015012254901960785
0 0.5904820261437909 0.49862132352941174 0.024101307189542485 0.01685049019607843
1 0.19158496732026145 0.5091911764705882 0.03431372549019608 0.028186274509803922
0 0.7013888888888888 0.5197610294117647 0.03349673202614379 0.024816176470588234
0 0.4366830065359477 0.5410539215686274 0.03349673202614379 0.022058823529411766
0 0.6270424836601307 0.5525428921568627 0.032679738562091505 0.02542892156862745
1 0.22263071895424835 0.05652573529411765 0.017973856209150325 0.014399509803921568
0 0.6774918300653595 0.5641850490196079 0.04370915032679738 0.023590686274509803
0 0.29554738562091504 0.5643382352941176 0.02900326797385621 0.015318627450980392
0 0.6076388888888888 0.5764399509803921 0.028186274509803922 0.02420343137254902
0 0.6956699346405228 0.5968137254901961 0.028594771241830064 0.01838235294117647
0 0.6245915032679739 0.5972732843137255 0.0392156862745098 0.024816176470588234
0 0.1315359477124183 0.6732536764705882 0.05228758169934641 0.03216911764705882
0 0.5437091503267973 0.7527573529411765 0.0392156862745098 0.03431372549019608
1 0.00959967320261438 0.07766544117647059 0.017565359477124183 0.021139705882352942
1 0.11825980392156862 0.08103553921568628 0.014297385620915032 0.014399509803921568
1 0.16850490196078433 0.010569852941176471 0.042075163398692814 0.021139705882352942
1 0.12071078431372549 0.011642156862745098 0.02246732026143791 0.017769607843137254
1 0.19812091503267973 0.014399509803921568 0.0457516339869281 0.028799019607843136
1 0.2589869281045752 0.1803002450980392 0.0392156862745098 0.03400735294117647
1 0.04840686274509804 0.01884191176470588 0.024101307189542485 0.01685049019607843
1 0.030841503267973858 0.02068014705882353 0.027369281045751634 0.018075980392156864
1 0.16156045751633988 0.2578125 0.037173202614379085 0.029105392156862746
0 0.10046160130718955 0.2545955882352941 0.012197712418300654 0.009191176470588236
0 0.0776388888888889 0.24877450980392157 0.012303921568627451 0.007352941176470588
0 0.10664624183006535 0.24754901960784315 0.011495098039215687 0.006127450980392157
0 0.6200040849673203 0.2622549019607843 0.012066993464052288 0.011029411764705883