0 0.9227941176470589 0.7510723039215687 0.01715686274509804 0.011948529411764705
0 0.9199346405228758 0.9508272058823529 0.028594771241830064 0.016237745098039217
1 0.2238562091503268 0.3746936274509804 0.03022875816993464 0.02144607843137255
1 0.2222222222222222 0.5326286764705882 0.027777777777777776 0.019301470588235295
1 0.17994281045751634 0.5814950980392157 0.02246732026143791 0.015931372549019607
0 0.9234068627450981 0.7418811274509803 0.014297385620915032 0.01011029411764706
0 0.018790849673202614 0.8377757352941176 0.0196078431372549 0.012561274509803922
0 0.5776143790849673 0.8805147058823529 0.016339869281045753 0.011642156862745098
1 0.7275326797385621 0.5536151960784313 0.027777777777777776 0.017769607843137254
0 0.3944035947712418 0.8051470588235294 0.020016339869281044 0.013480392156862746
0 0.7375408496732027 0.9606311274509803 0.02246732026143791 0.01685049019607843
1 0.5224673202614379 0.24111519607843138 0.025326797385620915 0.0196078431372549
1 0.678921568627451 0.4810049019607843 0.02696078431372549 0.020833333333333332
0 0.06924019607843138 0.7378982843137255 0.016748366013071895 0.010723039215686275
1 0.7296303104575164 0.33408547794117643 0.025437091503267974 0.018048406862745097
1 0.6460191993464052 0.6735186887254901 0.025698529411764703 0.018606004901960783
0 0.5302287581699346 0.7173713235294118 0.016339869281045753 0.01133578431372549
1 0.7305964052287581 0.624234068627451 0.020833333333333332 0.017463235294117647
1 0.24571078431372548 0.5370710784313726 0.030637254901960783 0.02144607843137255
1 0.25939542483660133 0.3590686274509804 0.03839869281045752 0.025122549019607844
1 0.5647467320261438 0.36550245098039214 0.037173202614379085 0.025735294117647058
1 0.7277369281045751 0.5091911764705882 0.025735294117647058 0.020833333333333332
1 0.7475490196078431 0.6240808823529411 0.02696078431372549 0.0196078431372549
1 0.35804738562091504 0.2578125 0.025735294117647058 0.018688725490196078
0 0.8100490196078431 0.6997549019607843 0.015522875816993464 0.010416666666666666
0 0.33088235294117646 0.7340686274509803 0.02287581699346405 0.014705882352941176
0 0.23243464052287582 0.7112438725490197 0.0196078431372549 0.013786764705882353
1 0.12888071895424835 0.5255821078431373 0.034722222222222224 0.026041666666666668
0 0.9865196078431373 0.7772671568627451 0.024509803921568627 0.01715686274509804
1 0.7506127450980392 0.5099571078431373 0.030637254901960783 0.022365196078431373
1 0.5496323529411765 0.2542892156862745 0.03553921568627451 0.025122549019607844
0 0.9023692810457516 0.7090992647058824 0.02042483660130719 0.013786764705882353
1 0.28104575163398693 0.3293504901960784 0.0392156862745098 0.028799019607843136
1 0.5855800653594772 0.4497549019607843 0.03880718954248366 0.026348039215686275
1 0.3819444444444444 0.33777573529411764 0.03104575163398693 0.02297794117647059
1 0.3613153594771242 0.5176164215686274 0.03308823529411765 0.022365196078431373
1 0.7120098039215687 0.48544730392156865 0.041666666666666664 0.02849264705882353
1 0.6823937908496732 0.3549325980392157 0.03390522875816993 0.021752450980392156
1 0.4180964052287582 0.6030943627450981 0.03880718954248366 0.02542892156862745
1 0.2881944444444444 0.6069240196078431 0.034722222222222224 0.025122549019607844
1 0.1934232026143791 0.49724264705882354 0.04616013071895425 0.03615196078431373
1 0.3727532679738562 0.3863357843137255 0.03227124183006536 0.024509803921568627
1 0.636437908496732 0.6403186274509803 0.03104575163398693 0.024509803921568627
1 0.34048202614379086 0.49954044117647056 0.03880718954248366 0.02665441176470588
1 0.22104166666666666 0.36399816176470584 0.03113562091503268 0.020888480392156863
1 0.2759517973856209 0.3472870710784314 0.033112745098039215 0.021167279411764706
0 0.8626184640522876 0.8170404411764707 0.021805555555555557 0.013370098039215687