1 0.8393464052287581 0.24776960784313726 0.03 0.01821078431372549
1 0.23815359477124182 0.33486519607843135 0.026143790849673203 0.017769607843137254
1 0.00959967320261438 0.23100490196078433 0.01919934640522876 0.026348039215686275
1 0.5294117647058824 0.4609375 0.027777777777777776 0.01685049019607843
0 0.9930555555555556 0.5761335784313726 0.013888888888888888 0.019301470588235295
0 0.9056372549019608 0.43903186274509803 0.01715686274509804 0.00980392156862745
1 0.5461601307189542 0.4325980392156863 0.024509803921568627 0.015931372549019607
1 0.06801470588235294 0.4505208333333333 0.037173202614379085 0.02297794117647059
1 0.9407230392156862 0.014160539215686274 0.034223856209150326 0.020355392156862745
1 0.19178921568627452 0.12224264705882353 0.0298202614379085 0.0196078431372549
1 0.2971813725490196 0.5098039215686274 0.03390522875816993 0.025122549019607844
1 0.7904411764705882 0.3570772058823529 0.027777777777777776 0.018075980392156864
0 0.6736111111111112 0.4419424019607843 0.013888888888888888 0.009497549019607842
0 0.9656862745098039 0.46139705882352944 0.01715686274509804 0.010416666666666666
0 0.2986111111111111 0.4618566176470588 0.025326797385620915 0.018075980392156864
1 0.9279003267973857 0.05744485294117647 0.03308823529411765 0.021139705882352942
1 0.6668709150326797 0.4137561274509804 0.020016339869281044 0.014399509803921568
1 0.42626633986928103 0.29120710784313725 0.020833333333333332 0.015012254901960785
1 0.2630718954248366 0.19623161764705882 0.02696078431372549 0.015012254901960785
1 0.7034313725490197 0.4325980392156863 0.022058823529411766 0.015318627450980392
1 0.8747957516339869 0.23897058823529413 0.0298202614379085 0.02144607843137255
1 0.5751633986928104 0.23988970588235295 0.031862745098039214 0.024509803921568627
1 0.7052696078431373 0.29702818627450983 0.0363562091503268 0.024816176470588234
0 0.9093137254901961 0.4814644607843137 0.022058823529411766 0.014399509803921568
1 0.07434640522875817 0.27588848039215685 0.025326797385620915 0.01685049019607843
1 0.7397875816993464 0.19240196078431374 0.028594771241830064 0.0196078431372549
0 0.9330065359477124 0.5755208333333334 0.02696078431372549 0.01685049019607843
1 0.7371323529411765 0.37454044117647056 0.02900326797385621 0.020526960784313725
1 0.6633986928104575 0.3400735294117647 0.026143790849673203 0.01838235294117647
1 0.40461601307189543 0.42432598039215685 0.01838235294117647 0.012867647058823529
1 0.25592320261437906 0.18060661764705882 0.03227124183006536 0.021752450980392156
1 0.9550653594771242 0.20986519607843138 0.02696078431372549 0.018995098039215685
1 0.5471813725490197 0.25 0.037173202614379085 0.02696078431372549
1 0.9824346405228758 0.24708946078431374 0.03104575163398693 0.021752450980392156
0 0.858251633986928 0.5534620098039216 0.029411764705882353 0.017463235294117647
0 0.9444444444444444 0.4724264705882353 0.021241830065359478 0.012254901960784314
0 0.9078839869281046 0.507046568627451 0.025735294117647058 0.015318627450980392
1 0.061070261437908495 0.2613357843137255 0.027369281045751634 0.017769607843137254
0 0.8815359477124183 0.49785539215686275 0.027777777777777776 0.01715686274509804
1 0.022058823529411766 0.2348345588235294 0.042483660130718956 0.030330882352941176
1 0.37520424836601307 0.18596813725490197 0.042075163398692814 0.02696078431372549
0 0.7291666666666666 0.4574142156862745 0.0196078431372549 0.012867647058823529
1 0.21854575163398693 0.3102022058823529 0.03022875816993464 0.021139705882352942
0 0.5610702614379085 0.49494485294117646 0.020833333333333332 0.013786764705882353
0 0.889501633986928 0.5513174019607843 0.0298202614379085 0.020526960784313725
1 0.38031045751633985 0.40732230392156865 0.025326797385620915 0.018075980392156864
0 0.9852941176470589 0.6254595588235294 0.029411764705882353 0.02297794117647059
0 0.8020833333333334 0.48636642156862747 0.02246732026143791 0.015625
1 0.9385212418300654 0.2931985294117647 0.0298202614379085 0.018995098039215685
1 0.07250816993464053 0.15134803921568626 0.034722222222222224 0.024509803921568627
1 0.258374183006536 0.03615196078431373 0.037173202614379085 0.024509803921568627
1 0.4389297385620915 0.26409313725490197 0.027369281045751634 0.022058823529411766
1 0.9301470588235294 0.04381127450980392 0.03431372549019608 0.02267156862745098
1 0.26919934640522875 0.21277573529411764 0.032679738562091505 0.021752450980392156
0 0.7401960784313726 0.48330269607843135 0.021241830065359478 0.014399509803921568
1 0.7996323529411765 0.2190563725490196 0.03553921568627451 0.024509803921568627
1 0.07393790849673203 0.22564338235294118 0.03104575163398693 0.02420343137254902
1 0.8249591503267973 0.28125 0.030637254901960783 0.02144607843137255
1 0.9709967320261438 0.044730392156862746 0.041666666666666664 0.03002450980392157
1 0.5081699346405228 0.30330882352941174 0.031862745098039214 0.025122549019607844
1 0.11744281045751634 0.5575980392156863 0.042075163398692814 0.028799019607843136
1 0.7344771241830066 0.13618259803921567 0.03676470588235294 0.027879901960784315
1 0.735498366013072 0.09237132352941177 0.03799019607843137 0.023590686274509803
1 0.2375408496732026 0.10462622549019608 0.03308823529411765 0.02420343137254902
1 0.36376633986928103 0.16881127450980393 0.03799019607843137 0.02696078431372549
1 0.4681372549019608 0.24080882352941177 0.03431372549019608 0.025122549019607844
1 0.6407271241830066 0.14935661764705882 0.0428921568627451 0.03155637254901961
1 0.445874183006536 0.43566176470588236 0.025735294117647058 0.01838235294117647
1 0.7453022875816994 0.2568933823529412 0.03227124183006536 0.02420343137254902
0 0.9767156862745098 0.5643382352941176 0.03104575163398693 0.02144607843137255
1 0.5433006535947712 0.35263480392156865 0.03839869281045752 0.026348039215686275
0 0.11968954248366014 0.6420036764705882 0.031862745098039214 0.022365196078431373
1 0.7775735294117647 0.4013480392156863 0.04044117647058824 0.029411764705882353
1 0.6531862745098039 0.3010110294117647 0.03676470588235294 0.027879901960784315
0 0.9793709150326797 0.6677389705882353 0.03553921568627451 0.020526960784313725
0 0.7777777777777778 0.5696997549019608 0.029411764705882353 0.021139705882352942
1 0.8860294117647058 0.29381127450980393 0.03839869281045752 0.025735294117647058
1 0.7254901960784313 0.24402573529411764 0.031862745098039214 0.02297794117647059