0 0.9605800653594772 0.5723039215686274 0.01919934640522876 0.011642156862745098
1 0.6211192810457516 0.5344669117647058 0.023284313725490197 0.016237745098039217
0 0.12336601307189543 0.6141237745098039 0.024509803921568627 0.017463235294117647
1 0.026348039215686275 0.3463541666666667 0.03553921568627451 0.02420343137254902
1 0.39624183006535946 0.47457107843137253 0.027777777777777776 0.0196078431372549
1 0.5343137254901961 0.5234375 0.028594771241830064 0.02297794117647059
0 0.6529820261437909 0.7135416666666666 0.02900326797385621 0.02144607843137255
1 0.1999591503267974 0.5450367647058824 0.03390522875816993 0.02267156862745098
1 0.6830065359477124 0.5177696078431373 0.026143790849673203 0.0196078431372549
1 0.9867238562091504 0.5416666666666666 0.026552287581699346 0.028186274509803922
1 0.43361928104575165 0.5407475490196079 0.03308823529411765 0.020833333333333332
1 0.346609477124183 0.43765318627450983 0.02900326797385621 0.01991421568627451
1 0.3645833333333333 0.5778186274509803 0.027369281045751634 0.0196078431372549
0 0.32169117647058826 0.9004289215686274 0.03799019607843137 0.030637254901960783
1 0.3588643790849673 0.45450367647058826 0.024101307189542485 0.017463235294117647
1 0.7015931372549019 0.3978247549019608 0.028186274509803922 0.01991421568627451
0 0.28288398692810457 0.6118259803921569 0.026552287581699346 0.017769607843137254
0 0.24754901960784315 0.657015931372549 0.03022875816993464 0.021752450980392156
1 0.6217320261437909 0.5059742647058824 0.029411764705882353 0.022365196078431373
0 0.25159926470588234 0.5948223039215687 0.019538398692810457 0.011948529411764705