1 0.6065727124183007 0.6741390931372548 0.015433006535947712 0.011268382352941177
1 0.7914624183006536 0.45358455882352944 0.016748366013071895 0.01011029411764706
0 0.7483660130718954 0.7103247549019608 0.013071895424836602 0.008272058823529412
1 0.2777777777777778 0.5834865196078431 0.013888888888888888 0.01011029411764706
1 0.8986928104575164 0.5153186274509803 0.00980392156862745 0.007965686274509803
1 0.8433415032679739 0.40042892156862747 0.01184640522875817 0.007965686274509803
1 0.8278186274509803 0.40119485294117646 0.01184640522875817 0.007659313725490196
1 0.18852124183006536 0.44332107843137253 0.02165032679738562 0.014705882352941176
1 0.8858251633986928 0.4647671568627451 0.010212418300653595 0.007965686274509803
0 0.9718137254901961 0.7178308823529411 0.012254901960784314 0.007352941176470588
0 0.20220588235294118 0.8092830882352942 0.015522875816993464 0.009497549019607842
0 0.8024918300653595 0.7316176470588235 0.012663398692810458 0.007965686274509803
1 0.9656862745098039 0.5038296568627451 0.012254901960784314 0.008884803921568627
1 0.9611928104575164 0.4261642156862745 0.011437908496732025 0.007965686274509803
0 0.8417075163398693 0.7411151960784313 0.012663398692810458 0.007965686274509803
1 0.7305964052287581 0.6596200980392157 0.015931372549019607 0.010416666666666666
0 0.024305555555555556 0.7392769607843137 0.01511437908496732 0.00980392156862745
0 0.7638888888888888 0.7731311274509803 0.016339869281045753 0.01011029411764706
0 0.26695261437908496 0.7873774509803921 0.01511437908496732 0.010416666666666666
0 0.24183006535947713 0.7866115196078431 0.014705882352941176 0.009497549019607842
1 0.26776960784313725 0.6041666666666666 0.016748366013071895 0.012867647058823529
1 0.8954248366013072 0.5209865196078431 0.011437908496732025 0.008884803921568627
0 0.4795751633986928 0.7161458333333334 0.012254901960784314 0.007659313725490196
0 0.037173202614379085 0.6611519607843137 0.013888888888888888 0.009191176470588236
0 0.16891339869281047 0.8022365196078431 0.013480392156862746 0.010723039215686275
1 0.9732434640522876 0.43106617647058826 0.01184640522875817 0.007965686274509803
1 0.13459967320261437 0.5870098039215687 0.01919934640522876 0.014705882352941176
0 0.7618464052287581 0.7149203431372549 0.011437908496732025 0.008272058823529412
0 0.7908496732026143 0.7048100490196079 0.012254901960784314 0.008272058823529412
0 0.3084150326797386 0.8085171568627451 0.015522875816993464 0.010416666666666666
0 0.7777777777777778 0.7408088235294118 0.013888888888888888 0.00857843137254902
0 0.6717728758169934 0.7777267156862745 0.01184640522875817 0.008884803921568627
0 0.19362745098039216 0.8010110294117647 0.016339869281045753 0.01133578431372549
1 0.40379901960784315 0.6436887254901961 0.02165032679738562 0.014705882352941176
1 0.7832924836601307 0.5977328431372549 0.01919934640522876 0.013480392156862746
1 0.9125816993464052 0.49142156862745096 0.013888888888888888 0.00980392156862745
0 0.5261437908496732 0.6692708333333334 0.013071895424836602 0.008884803921568627
0 0.5592320261437909 0.672640931372549 0.013071895424836602 0.009497549019607842
1 0.1948529411764706 0.5536151960784313 0.02287581699346405 0.015931372549019607
0 0.11376633986928104 0.7169117647058824 0.016748366013071895 0.011642156862745098
0 0.44342320261437906 0.7470894607843137 0.017565359477124183 0.010723039215686275
0 0.3255718954248366 0.8069852941176471 0.018790849673202614 0.011029411764705883
0 0.6828022875816994 0.6666666666666666 0.014297385620915032 0.00980392156862745
0 0.46387050653594775 0.8429335171568627 0.019244281045751634 0.012460171568627451
0 0.48284313725490197 0.7786458333333334 0.016339869281045753 0.01133578431372549
0 0.6015114379084967 0.7591911764705882 0.013480392156862746 0.009191176470588236
0 0.5065359477124183 0.7918198529411765 0.013888888888888888 0.01011029411764706
1 0.8764297385620915 0.6288296568627451 0.01838235294117647 0.013174019607843137
0 0.4993872549019608 0.8390012254901961 0.017565359477124183 0.011948529411764705
1 0.9450571895424836 0.5981924019607843 0.01511437908496732 0.010723039215686275
0 0.5712826797385621 0.7902879901960784 0.017565359477124183 0.011948529411764705
0 0.792687908496732 0.7512254901960784 0.01511437908496732 0.00980392156862745
0 0.6092728758169934 0.7484681372549019 0.014297385620915032 0.00980392156862745
0 0.2861519607843137 0.7964154411764706 0.01919934640522876 0.012561274509803922
1 0.7636846405228758 0.5905330882352942 0.02246732026143791 0.015625
0 0.5259395424836601 0.7604166666666666 0.015931372549019607 0.011642156862745098
0 0.20404411764705882 0.7320772058823529 0.016748366013071895 0.011948529411764705
0 0.6750408496732027 0.725796568627451 0.015931372549019607 0.010416666666666666
0 0.7383578431372549 0.7284007352941176 0.01511437908496732 0.01011029411764706
0 0.4490747549019608 0.8161764705882353 0.014979575163398694 0.012254901960784314
0 0.40870098039215685 0.7777267156862745 0.01511437908496732 0.010723039215686275
0 0.4624183006535948 0.8189338235294118 0.01715686274509804 0.013480392156862746
1 0.21691789215686275 0.5704993872549019 0.022888071895424838 0.01599877450980392