1 0.42830882352941174 0.3075980392156863 0.03390522875816993 0.023284313725490197
1 0.3276143790849673 0.30775122549019607 0.027777777777777776 0.020526960784313725
1 0.5151143790849673 0.3134191176470588 0.0196078431372549 0.011642156862745098
1 0.9726307189542484 0.31449142156862747 0.01715686274509804 0.007659313725490196
1 0.7132352941176471 0.31464460784313725 0.021241830065359478 0.014705882352941176
1 0.2704248366013072 0.31816789215686275 0.028594771241830064 0.01991421568627451
1 0.5571895424836601 0.32015931372549017 0.01715686274509804 0.012867647058823529
1 0.7796160130718954 0.32337622549019607 0.024101307189542485 0.015625
1 0.6948529411764706 0.32981004901960786 0.022058823529411766 0.016237745098039217
1 0.39276960784313725 0.3400735294117647 0.028186274509803922 0.016544117647058824
1 0.4848856209150327 0.3414522058823529 0.02696078431372549 0.017463235294117647
1 0.4229983660130719 0.34375 0.03145424836601307 0.023284313725490197
1 0.9505718954248366 0.3515625 0.018790849673202614 0.015012254901960785
1 0.9264705882352942 0.03553921568627451 0.02287581699346405 0.013480392156862746
1 0.45526960784313725 0.3558517156862745 0.026552287581699346 0.018688725490196078
1 0.13868464052287582 0.35784313725490197 0.0298202614379085 0.013480392156862746
1 0.4074754901960784 0.3616727941176471 0.01838235294117647 0.015625
1 0.0923202614379085 0.3638174019607843 0.015522875816993464 0.011948529411764705
1 0.9836601307189542 0.36917892156862747 0.012254901960784314 0.011642156862745098
1 0.8255718954248366 0.3788296568627451 0.026143790849673203 0.021752450980392156
1 0.5671977124183006 0.38449754901960786 0.023284313725490197 0.015931372549019607
1 0.19015522875816993 0.3984375 0.026552287581699346 0.016237745098039217
1 0.09293300653594772 0.4050245098039216 0.01838235294117647 0.014093137254901961
1 0.9064542483660131 0.4071691176470588 0.017973856209150325 0.014705882352941176
1 0.7220179738562091 0.40900735294117646 0.01919934640522876 0.014705882352941176
1 0.9969362745098039 0.4149816176470588 0.006127450980392157 0.017463235294117647
1 0.5345179738562091 0.41973039215686275 0.01919934640522876 0.011642156862745098
1 0.6672794117647058 0.42141544117647056 0.024101307189542485 0.015625
1 0.7281454248366013 0.4241727941176471 0.020016339869281044 0.01011029411764706
1 0.44546568627450983 0.4255514705882353 0.030637254901960783 0.018995098039215685
1 0.7794117647058824 0.42953431372549017 0.025326797385620915 0.017769607843137254
1 0.3278186274509804 0.43137254901960786 0.02900326797385621 0.01838235294117647
1 0.3553921568627451 0.43612132352941174 0.03022875816993464 0.018075980392156864
1 0.04125816993464052 0.43734681372549017 0.017973856209150325 0.010723039215686275
1 0.14726307189542484 0.43903186274509803 0.024918300653594773 0.014705882352941176
1 0.11540032679738563 0.44485294117647056 0.026552287581699346 0.017769607843137254
1 0.18668300653594772 0.4492953431372549 0.031862745098039214 0.019301470588235295
1 0.5471813725490197 0.4518995098039216 0.024101307189542485 0.01838235294117647
1 0.6319444444444444 0.4675245098039216 0.021241830065359478 0.013480392156862746
1 0.9377042483660131 0.4684436274509804 0.027369281045751634 0.018995098039215685
1 0.9946895424836601 0.47074142156862747 0.010620915032679739 0.018688725490196078
1 0.7459150326797386 0.47441789215686275 0.0196078431372549 0.013786764705882353
0 0.0778186274509804 0.4788602941176471 0.016748366013071895 0.00857843137254902
0 0.12520424836601307 0.4799325980392157 0.01511437908496732 0.008884803921568627
1 0.4258578431372549 0.48238357843137253 0.028186274509803922 0.018075980392156864
0 0.2963643790849673 0.4834558823529412 0.012663398692810458 0.007352941176470588
1 0.5165441176470589 0.48391544117647056 0.025735294117647058 0.016237745098039217
1 0.8560049019607843 0.4924938725490196 0.030637254901960783 0.019301470588235295
0 0.6033496732026143 0.4954044117647059 0.014705882352941176 0.007965686274509803
1 0.47324346405228757 0.4958639705882353 0.020833333333333332 0.014399509803921568
0 0.3227124183006536 0.4961703431372549 0.013071895424836602 0.006433823529411764
0 0.9775326797385621 0.49785539215686275 0.008986928104575163 0.007965686274509803
0 0.9824346405228758 0.49800857843137253 0.015522875816993464 0.008884803921568627
1 0.9236111111111112 0.5058210784313726 0.026143790849673203 0.02022058823529412
0 0.37397875816993464 0.5150122549019608 0.017565359477124183 0.011642156862745098
0 0.31842320261437906 0.515625 0.015931372549019607 0.00980392156862745
1 0.8084150326797386 0.5228247549019608 0.029411764705882353 0.018688725490196078
0 0.9209558823529411 0.5370710784313726 0.02165032679738562 0.00857843137254902
0 0.9938725490196079 0.5407475490196079 0.012254901960784314 0.010416666666666666
0 0.9550653594771242 0.5448835784313726 0.018790849673202614 0.01133578431372549
1 0.8020833333333334 0.0055147058823529415 0.02165032679738562 0.011029411764705883
0 0.8560049019607843 0.5597426470588235 0.01838235294117647 0.011642156862745098
0 0.28574346405228757 0.5612745098039216 0.02165032679738562 0.013480392156862746
0 0.7214052287581699 0.5625 0.0196078431372549 0.012254901960784314
0 0.9191176470588235 0.5726102941176471 0.02042483660130719 0.012867647058823529
0 0.8386437908496732 0.5791973039215687 0.013888888888888888 0.01133578431372549
0 0.2826797385620915 0.5825674019607843 0.018790849673202614 0.010723039215686275
0 0.7265114379084967 0.5836397058823529 0.01919934640522876 0.011029411764705883
0 0.8504901960784313 0.5911458333333334 0.01715686274509804 0.01133578431372549
0 0.827001633986928 0.5925245098039216 0.020016339869281044 0.013480392156862746
0 0.6235702614379085 0.6061580882352942 0.017565359477124183 0.013174019607843137
0 0.9699754901960784 0.6115196078431373 0.02165032679738562 0.010416666666666666
0 0.335375816993464 0.6121323529411765 0.017973856209150325 0.012867647058823529
0 0.6703431372549019 0.6128982843137255 0.018790849673202614 0.013174019607843137
0 0.809640522875817 0.6130514705882353 0.016339869281045753 0.010416666666666666
0 0.9066584967320261 0.6173406862745098 0.015931372549019607 0.00980392156862745
0 0.8754084967320261 0.6184129901960784 0.01715686274509804 0.008884803921568627
0 0.9848856209150327 0.6202512254901961 0.014705882352941176 0.01011029411764706
0 0.9701797385620915 0.6227022058823529 0.02042483660130719 0.014399509803921568
0 0.5680147058823529 0.6265318627450981 0.016748366013071895 0.00980392156862745
0 0.8259803921568627 0.6277573529411765 0.015522875816993464 0.010416666666666666
0 0.8519199346405228 0.6318933823529411 0.01511437908496732 0.012561274509803922
0 0.8886846405228758 0.6318933823529411 0.02246732026143791 0.012561274509803922
0 0.4013480392156863 0.6361825980392157 0.011029411764705883 0.008272058823529412
0 0.8946078431372549 0.641390931372549 0.01715686274509804 0.007659313725490196
0 0.8092320261437909 0.6430759803921569 0.02287581699346405 0.015318627450980392
0 0.24040032679738563 0.6481311274509803 0.016748366013071895 0.013786764705882353
0 0.5095996732026143 0.6508884803921569 0.010212418300653595 0.008272058823529412
0 0.5465686274509803 0.6515012254901961 0.024509803921568627 0.018688725490196078
0 0.8274101307189542 0.6642156862745098 0.013480392156862746 0.00857843137254902
0 0.1294934640522876 0.6651348039215687 0.02287581699346405 0.011029411764705883
0 0.4054330065359477 0.6714154411764706 0.015931372549019607 0.009497549019607842
0 0.9703839869281046 0.6884191176470589 0.02246732026143791 0.017769607843137254
0 0.7716503267973857 0.6891850490196079 0.02287581699346405 0.015625
0 0.8237336601307189 0.7005208333333334 0.020016339869281044 0.011948529411764705
0 0.5006127450980392 0.7303921568627451 0.0298202614379085 0.016544117647058824
1 0.7712418300653595 0.009191176470588236 0.025326797385620915 0.016544117647058824
1 0.9932598039215687 0.0935968137254902 0.013480392156862746 0.013786764705882353
1 0.9550653594771242 0.10799632352941177 0.02369281045751634 0.013786764705882353
1 0.8511029411764706 0.10876225490196079 0.01919934640522876 0.012867647058823529
1 0.9272875816993464 0.1208639705882353 0.021241830065359478 0.014399509803921568
1 0.866421568627451 0.14353553921568626 0.025326797385620915 0.018688725490196078
1 0.922998366013072 0.15257352941176472 0.03227124183006536 0.023284313725490197
1 0.6962826797385621 0.1642156862745098 0.02246732026143791 0.01715686274509804
1 0.7203839869281046 0.17401960784313725 0.017565359477124183 0.009191176470588236
1 0.7048611111111112 0.19837622549019607 0.02246732026143791 0.01685049019607843
1 0.7048611111111112 0.22135416666666666 0.02246732026143791 0.016237745098039217
1 0.8353758169934641 0.22319240196078433 0.022058823529411766 0.013786764705882353
1 0.7461192810457516 0.23039215686274508 0.024918300653594773 0.02022058823529412
1 0.7818627450980392 0.23360906862745098 0.021241830065359478 0.016237745098039217
1 0.8149509803921569 0.23560049019607843 0.022058823529411766 0.015931372549019607
1 0.4409722222222222 0.23697916666666666 0.024918300653594773 0.018075980392156864
1 0.9495506535947712 0.23789828431372548 0.017565359477124183 0.01133578431372549
1 0.7992238562091504 0.23912377450980393 0.01184640522875817 0.008884803921568627
1 0.20383986928104575 0.24387254901960784 0.027777777777777776 0.02022058823529412
1 0.8780637254901961 0.24540441176470587 0.024101307189542485 0.015931372549019607
1 0.37806372549019607 0.24862132352941177 0.013480392156862746 0.007659313725490196
1 0.4922385620915033 0.2581188725490196 0.02042483660130719 0.014399509803921568
1 0.5976307189542484 0.25919117647058826 0.0196078431372549 0.015931372549019607
1 0.8112745098039216 0.2607230392156863 0.021241830065359478 0.015931372549019607
1 0.8329248366013072 0.2685355392156863 0.02042483660130719 0.015625
1 0.2181372549019608 0.2702205882352941 0.01715686274509804 0.011029411764705883
1 0.23447712418300654 0.2725183823529412 0.02287581699346405 0.014399509803921568
1 0.852328431372549 0.2786458333333333 0.013480392156862746 0.01011029411764706
1 0.33762254901960786 0.28201593137254904 0.025735294117647058 0.019301470588235295
1 0.1301062091503268 0.28232230392156865 0.012663398692810458 0.014399509803921568
1 0.4805964052287582 0.2896752450980392 0.0298202614379085 0.018075980392156864
1 0.9389297385620915 0.29090073529411764 0.00857843137254902 0.005208333333333333
1 0.6529820261437909 0.3011642156862745 0.016748366013071895 0.012254901960784314
1 0.39215686274509803 0.30514705882352944 0.03104575163398693 0.023284313725490197
0 0.8877083333333334 0.48932751225490195 0.013161764705882352 0.011743259803921569