0 0.34844771241830064 0.7017463235294118 0.013888888888888888 0.009497549019607842
1 0.40778186274509803 0.3648897058823529 0.01491013071895425 0.012867647058823529
1 0.5353349673202614 0.46859681372549017 0.01838235294117647 0.013174019607843137
0 0.6568627450980392 0.7789522058823529 0.022058823529411766 0.01685049019607843
1 0.5649509803921569 0.3394607843137255 0.014705882352941176 0.012254901960784314
1 0.6354166666666666 0.6167279411764706 0.02165032679738562 0.015931372549019607
1 0.2085375816993464 0.2270220588235294 0.01838235294117647 0.011642156862745098
0 0.27389705882352944 0.7147671568627451 0.017565359477124183 0.00980392156862745
1 0.3698937908496732 0.6490502450980392 0.01511437908496732 0.011948529411764705
1 0.25418709150326796 0.18022365196078433 0.013276143790849673 0.010569852941176471
0 0.44056372549019607 0.7503063725490197 0.012663398692810458 0.010416666666666666
1 0.505718954248366 0.3079044117647059 0.015522875816993464 0.011642156862745098
0 0.29411764705882354 0.7712928921568627 0.015522875816993464 0.009497549019607842
1 0.27655228758169936 0.5088848039215687 0.017973856209150325 0.013480392156862746
1 0.3880718954248366 0.29580269607843135 0.015522875816993464 0.010723039215686275
1 0.5352328431372549 0.27121629901960786 0.01491013071895425 0.011182598039215686
0 0.7736928104575164 0.8743872549019608 0.022058823529411766 0.012867647058823529
0 0.33374183006535946 0.8961397058823529 0.0196078431372549 0.013480392156862746
1 0.5381944444444444 0.5283394607843137 0.028186274509803922 0.017463235294117647
0 0.3349673202614379 0.9034926470588235 0.016339869281045753 0.010416666666666666
0 0.6444035947712419 0.8412990196078431 0.015931372549019607 0.011029411764705883
1 0.3678513071895425 0.41191789215686275 0.020016339869281044 0.015012254901960785
1 0.7565359477124183 0.8242953431372549 0.022058823529411766 0.016237745098039217
1 0.5557598039215687 0.3671875 0.02165032679738562 0.013786764705882353
1 0.24530228758169934 0.49080882352941174 0.01919934640522876 0.011642156862745098
0 0.45608660130718953 0.7447916666666666 0.016748366013071895 0.011029411764705883
0 0.6425653594771242 0.7991727941176471 0.01715686274509804 0.011948529411764705
0 0.3858251633986928 0.7619485294117647 0.01511437908496732 0.011029411764705883
0 0.6693218954248366 0.6908700980392157 0.024101307189542485 0.015931372549019607
0 0.46486928104575165 0.7555147058823529 0.017973856209150325 0.011642156862745098
1 0.6025326797385621 0.28661151960784315 0.0196078431372549 0.013786764705882353
1 0.4948937908496732 0.24816176470588236 0.020833333333333332 0.014705882352941176
1 0.4244281045751634 0.4381127450980392 0.021241830065359478 0.012867647058823529
1 0.43586601307189543 0.727328431372549 0.02042483660130719 0.015318627450980392
1 0.47344771241830064 0.3864889705882353 0.021241830065359478 0.016237745098039217
1 0.255718954248366 0.25827205882352944 0.021241830065359478 0.014705882352941176
0 0.5898692810457516 0.8685661764705882 0.017973856209150325 0.012254901960784314
0 0.24754901960784315 0.7284007352941176 0.018790849673202614 0.01133578431372549
1 0.4199346405228758 0.35309436274509803 0.017973856209150325 0.013174019607843137
0 0.4550653594771242 0.7737438725490197 0.014705882352941176 0.010723039215686275
1 0.13276143790849673 0.35171568627450983 0.02042483660130719 0.014705882352941176
1 0.15584150326797386 0.33731617647058826 0.02165032679738562 0.014093137254901961
1 0.26062091503267976 0.22395833333333334 0.02042483660130719 0.014705882352941176
0 0.00428921568627451 0.7418811274509803 0.00857843137254902 0.01991421568627451
0 0.6390931372549019 0.8291973039215687 0.02165032679738562 0.013786764705882353
0 0.3102532679738562 0.6741727941176471 0.01511437908496732 0.01011029411764706
0 0.37316176470588236 0.7591911764705882 0.013480392156862746 0.011642156862745098
1 0.38929738562091504 0.6508884803921569 0.0196078431372549 0.015625
0 0.4158496732026144 0.8075980392156863 0.02287581699346405 0.01838235294117647
0 0.17136437908496732 0.8878676470588235 0.017565359477124183 0.012254901960784314
1 0.5040849673202614 0.40793504901960786 0.021241830065359478 0.015012254901960785
1 0.5536151960784313 0.26478247549019607 0.016544117647058824 0.014246323529411764
1 0.4840686274509804 0.6760110294117647 0.0196078431372549 0.013786764705882353
1 0.2555147058823529 0.31357230392156865 0.023284313725490197 0.017463235294117647
1 0.029411764705882353 0.30330882352941174 0.02042483660130719 0.014093137254901961
1 0.3909313725490196 0.6868872549019608 0.01715686274509804 0.012867647058823529
1 0.3897058823529412 0.49417892156862747 0.022058823529411766 0.015318627450980392
1 0.28656045751633985 0.20710784313725492 0.01919934640522876 0.014093137254901961
0 0.5269607843137255 0.7643995098039216 0.01715686274509804 0.013480392156862746
0 0.4252450980392157 0.7944240196078431 0.022058823529411766 0.015931372549019607
1 0.41544117647058826 0.6240808823529411 0.0196078431372549 0.014093137254901961
1 0.32455065359477125 0.25827205882352944 0.01919934640522876 0.013480392156862746
0 0.4699754901960784 0.742953431372549 0.016748366013071895 0.011029411764705883
1 0.36703431372549017 0.6855085784313726 0.016748366013071895 0.012561274509803922
1 0.8276143790849673 0.24708946078431374 0.0196078431372549 0.015012254901960785
1 0.39062704248366015 0.27734375 0.015731209150326796 0.011795343137254902
1 0.568218954248366 0.6911764705882353 0.018790849673202614 0.015318627450980392
0 0.12520424836601307 0.7322303921568627 0.017565359477124183 0.012867647058823529
0 0.7209967320261438 0.7490808823529411 0.02287581699346405 0.01838235294117647
1 0.44689542483660133 0.7247242647058824 0.0196078431372549 0.015012254901960785
0 0.3506944444444444 0.8877144607843137 0.01919934640522876 0.013786764705882353
0 0.7277369281045751 0.9015012254901961 0.03553921568627451 0.01991421568627451
1 0.7971813725490197 0.24463848039215685 0.02165032679738562 0.015012254901960785
1 0.5042892156862745 0.28691789215686275 0.01919934640522876 0.017463235294117647
1 0.7839052287581699 0.2890625 0.02287581699346405 0.015625
1 0.4411764705882353 0.6727941176470589 0.0196078431372549 0.014093137254901961
0 0.36499183006535946 0.7383578431372549 0.015931372549019607 0.011029411764705883
1 0.5829248366013072 0.26363357843137253 0.02042483660130719 0.015012254901960785
1 0.30861928104575165 0.18474264705882354 0.02165032679738562 0.014705882352941176
0 0.41564542483660133 0.8068321078431373 0.023284313725490197 0.018075980392156864
1 0.4534313725490196 0.5908394607843137 0.02042483660130719 0.014399509803921568
1 0.4895833333333333 0.5038296568627451 0.020016339869281044 0.013786764705882353
1 0.5218545751633987 0.2624080882352941 0.01919934640522876 0.013786764705882353
0 0.3909313725490196 0.8370098039215687 0.02042483660130719 0.014093137254901961
0 0.20976307189542484 0.7375919117647058 0.017565359477124183 0.011948529411764705
0 0.35947712418300654 0.8949142156862745 0.02042483660130719 0.014705882352941176
1 0.45751633986928103 0.2849264705882353 0.017973856209150325 0.014093137254901961
1 0.2730800653594771 0.32536764705882354 0.024101307189542485 0.01715686274509804
1 0.7124183006535948 0.25888480392156865 0.022058823529411766 0.014093137254901961
0 0.36560457516339867 0.9048713235294118 0.02287581699346405 0.015625
0 0.07863562091503268 0.9454656862745098 0.023284313725490197 0.017769607843137254
1 0.2232434640522876 0.31403186274509803 0.017565359477124183 0.013480392156862746
1 0.12663398692810457 0.2931985294117647 0.02369281045751634 0.015931372549019607
1 0.4965277777777778 0.5643382352941176 0.020833333333333332 0.014705882352941176
1 0.4438316993464052 0.3837316176470588 0.01919934640522876 0.015012254901960785
1 0.27328431372549017 0.4957107843137255 0.022058823529411766 0.014093137254901961
1 0.22181372549019607 0.2526041666666667 0.025326797385620915 0.017463235294117647
0 0.6952614379084967 0.8860294117647058 0.03104575163398693 0.020833333333333332
1 0.31924019607843135 0.2112438725490196 0.020016339869281044 0.014399509803921568
1 0.03104575163398693 0.4912683823529412 0.027777777777777776 0.01685049019607843
1 0.4738562091503268 0.5318627450980392 0.02042483660130719 0.014093137254901961
1 0.49203431372549017 0.6893382352941176 0.01919934640522876 0.014093137254901961
0 0.3429330065359477 0.7152267156862745 0.01511437908496732 0.01011029411764706
1 0.3508986928104575 0.49080882352941174 0.026143790849673203 0.017769607843137254
0 0.6848447712418301 0.7601102941176471 0.020833333333333332 0.015318627450980392
0 0.23529411764705882 0.7817095588235294 0.016339869281045753 0.011948529411764705
0 0.7285539215686274 0.7912071078431373 0.020833333333333332 0.015625
1 0.5091911764705882 0.546109068627451 0.023284313725490197 0.014399509803921568
0 0.46017156862745096 0.875 0.01919934640522876 0.014705882352941176
1 0.6258169934640523 0.6616115196078431 0.02287581699346405 0.01685049019607843
1 0.5698529411764706 0.3550857843137255 0.0196078431372549 0.014093137254901961
1 0.7242647058823529 0.7250306372549019 0.025326797385620915 0.01685049019607843
1 0.4409722222222222 0.43642769607843135 0.020016339869281044 0.014399509803921568
1 0.3220996732026144 0.3200061274509804 0.02165032679738562 0.015012254901960785
0 0.35314542483660133 0.8423713235294118 0.024101307189542485 0.018075980392156864
1 0.4660947712418301 0.5243566176470589 0.02287581699346405 0.014399509803921568
0 0.42687908496732024 0.842984068627451 0.0196078431372549 0.015625
1 0.2839052287581699 0.5056678921568627 0.022058823529411766 0.013786764705882353
0 0.556781045751634 0.8356311274509803 0.018790849673202614 0.013786764705882353
0 0.44750816993464054 0.7991727941176471 0.01838235294117647 0.014399509803921568
1 0.5598447712418301 0.6976102941176471 0.020016339869281044 0.014705882352941176
0 0.9673202614379085 0.8102022058823529 0.041666666666666664 0.024816176470588234
1 0.44505718954248363 0.4791666666666667 0.02246732026143791 0.015931372549019607
1 0.2085375816993464 0.3581495098039216 0.024101307189542485 0.01715686274509804
1 0.23508986928104575 0.24065563725490197 0.024101307189542485 0.016237745098039217
1 0.6948529411764706 0.31893382352941174 0.022058823529411766 0.014093137254901961
1 0.5698529411764706 0.31204044117647056 0.018790849673202614 0.014399509803921568
1 0.7314133986928104 0.7100183823529411 0.024101307189542485 0.017463235294117647
1 0.22794117647058823 0.3503370098039216 0.024509803921568627 0.01685049019607843
1 0.2577614379084967 0.5635723039215687 0.022058823529411766 0.016237745098039217
0 0.5175653594771242 0.7909007352941176 0.018790849673202614 0.014399509803921568
1 0.5373774509803921 0.35294117647058826 0.024101307189542485 0.01715686274509804
1 0.4511846405228758 0.33379289215686275 0.023284313725490197 0.016237745098039217
0 0.40175653594771243 0.7938112745098039 0.025735294117647058 0.018995098039215685
0 0.6791258169934641 0.7936580882352942 0.02165032679738562 0.017463235294117647
1 0.6523692810457516 0.35309436274509803 0.02287581699346405 0.01685049019607843
1 0.47732843137254904 0.41942401960784315 0.02246732026143791 0.016544117647058824
1 0.5042892156862745 0.6243872549019608 0.02165032679738562 0.015931372549019607
1 0.03145424836601307 0.2555147058823529 0.025326797385620915 0.017769607843137254
0 0.9638480392156863 0.7899816176470589 0.04616013071895425 0.030943627450980393
0 0.3137254901960784 0.7486213235294118 0.01715686274509804 0.012561274509803922
1 0.03451797385620915 0.5045955882352942 0.030637254901960783 0.02022058823529412
1 0.6987336601307189 0.3313419117647059 0.025735294117647058 0.016237745098039217
0 0.6938316993464052 0.7829350490196079 0.023284313725490197 0.018688725490196078
1 0.7851307189542484 0.7041973039215687 0.03676470588235294 0.02665441176470588
1 0.3647875816993464 0.5314031862745098 0.02696078431372549 0.019301470588235295
1 0.4417892156862745 0.7009803921568627 0.023284313725490197 0.017769607843137254
0 0.3684640522875817 0.7938112745098039 0.018790849673202614 0.014705882352941176
0 0.49080882352941174 0.8783700980392157 0.020833333333333332 0.015318627450980392
1 0.6470588235294118 0.2925857843137255 0.025326797385620915 0.017769607843137254
0 0.3641748366013072 0.8186274509803921 0.024101307189542485 0.018995098039215685
1 0.2971813725490196 0.3403799019607843 0.02900326797385621 0.02144607843137255
0 0.5514705882352942 0.8825061274509803 0.025326797385620915 0.017463235294117647
1 0.8441584967320261 0.31265318627450983 0.04044117647058824 0.02542892156862745
1 0.5549428104575164 0.40441176470588236 0.024101307189542485 0.017769607843137254
1 0.2687908496732026 0.4397977941176471 0.026143790849673203 0.018688725490196078
0 0.1650326797385621 0.8553921568627451 0.021241830065359478 0.01715686274509804
1 0.22426470588235295 0.5862438725490197 0.02287581699346405 0.016237745098039217
1 0.27001633986928103 0.5701593137254902 0.02287581699346405 0.01715686274509804
1 0.1017156862745098 0.3783700980392157 0.026143790849673203 0.017769607843137254
0 0.7777777777777778 0.8587622549019608 0.04330065359477124 0.03002450980392157
0 0.8004493464052288 0.8370098039215687 0.042075163398692814 0.030637254901960783
1 0.6109068627450981 0.41973039215686275 0.024101307189542485 0.017769607843137254
1 0.4258578431372549 0.4872855392156863 0.024918300653594773 0.018688725490196078
1 0.27369281045751637 0.2418811274509804 0.02369281045751634 0.016237745098039217
0 0.1323529411764706 0.8063725490196079 0.029411764705882353 0.02144607843137255
1 0.9330065359477124 0.36642156862745096 0.04656862745098039 0.030637254901960783
0 0.9436274509803921 0.8678002450980392 0.05228758169934641 0.0352328431372549
1 0.23100490196078433 0.36642156862745096 0.028186274509803922 0.01838235294117647
0 0.8602941176470589 0.8204656862745098 0.04493464052287582 0.03002450980392157
1 0.5383782679738562 0.4508272058823529 0.013031045751633986 0.009497549019607842
1 0.5182618464052288 0.4538143382352941 0.016915849673202612 0.011795343137254902
1 0.44862132352941175 0.4257046568627451 0.02224264705882353 0.013786764705882353
1 0.4309558823529412 0.38825061274509803 0.017957516339869282 0.01363357843137255
1 0.5632373366013073 0.26516544117647056 0.013729575163398693 0.011948529411764705
1 0.5629861111111112 0.2584252450980392 0.014861111111111111 0.008884803921568627
1 0.5060069444444444 0.27205882352941174 0.015281862745098037 0.010416666666666666
1 0.5454656862745098 0.26999080882352944 0.011683006535947713 0.009957107843137254
1 0.5314726307189542 0.26424632352941174 0.013925653594771244 0.008272058823529412
1 0.5731454248366012 0.30422794117647056 0.01883986928104575 0.011029411764705883
1 0.42921364379084964 0.26738664215686275 0.013656045751633986 0.009650735294117647
1 0.4010518790849673 0.27910539215686275 0.01452205882352941 0.011029411764705883
1 0.39962009803921567 0.28791360294117646 0.014926470588235295 0.010876225490196078
1 0.2647937091503268 0.19883578431372548 0.015698529411764705 0.010416666666666666
1 0.27523897058823527 0.20105698529411764 0.015347222222222222 0.010569852941176471
1 0.2714583333333333 0.23115808823529413 0.020857843137254903 0.013786764705882353
1 0.35730800653594774 0.528109681372549 0.025890522875816994 0.01761642156862745
0 0.43828227124183006 0.9083946078431373 0.022806372549019606 0.015318627450980392
0 0.3106433823529412 0.7213541666666666 0.014260620915032678 0.007659313725490196
1 0.6284558823529411 0.25995710784313725 0.015898692810457516 0.009497549019607842
1 0.6615400326797386 0.23720894607843138 0.009354575163398693 0.007506127450980392
1 0.7127982026143791 0.21913296568627452 0.01628267973856209 0.011182598039215686