1 0.2420343137254902 0.5176164215686274 0.027369281045751634 0.01991421568627451
1 0.22058823529411764 0.7259497549019608 0.024509803921568627 0.018688725490196078
1 0.0974264705882353 0.7271752450980392 0.024918300653594773 0.018075980392156864
1 0.40665849673202614 0.6824448529411765 0.024101307189542485 0.018688725490196078
1 0.4366830065359477 0.4563419117647059 0.029411764705882353 0.020526960784313725
1 0.34129901960784315 0.21369485294117646 0.017565359477124183 0.014399509803921568
1 0.010416666666666666 0.764859068627451 0.020833333333333332 0.0272671568627451
1 0.18995098039215685 0.6435355392156863 0.025326797385620915 0.01685049019607843
0 0.30249183006535946 0.9031862745098039 0.020833333333333332 0.015931372549019607
1 0.8915441176470589 0.5525428921568627 0.03880718954248366 0.026041666666666668
1 0.4013480392156863 0.7034313725490197 0.03308823529411765 0.024509803921568627
1 0.5625 0.7025122549019608 0.025326797385620915 0.0196078431372549
1 0.1889297385620915 0.5526960784313726 0.030637254901960783 0.02267156862745098
1 0.4323937908496732 0.4074754901960784 0.027369281045751634 0.020833333333333332
1 0.3897058823529412 0.6731004901960784 0.03594771241830065 0.026348039215686275
1 0.45445261437908496 0.7199754901960784 0.039624183006535946 0.025122549019607844
1 0.2800245098039216 0.6539522058823529 0.03799019607843137 0.0272671568627451
1 0.7520424836601307 0.6704963235294118 0.03676470588235294 0.02665441176470588
1 0.7113970588235294 0.6652879901960784 0.03227124183006536 0.02297794117647059
1 0.9483251633986928 0.6136642156862745 0.03553921568627451 0.024509803921568627
1 0.5234885620915033 0.6787683823529411 0.0363562091503268 0.0272671568627451
0 0.8713235294117647 0.8825061274509803 0.03022875816993464 0.021139705882352942
0 0.2042483660130719 0.9008884803921569 0.028594771241830064 0.020526960784313725
0 0.4279003267973856 0.8903186274509803 0.028186274509803922 0.022058823529411766
0 0.5729166666666666 0.8812806372549019 0.0298202614379085 0.02420343137254902
0 0.7399918300653595 0.9689031862745098 0.03553921568627451 0.027879901960784315
1 0.40363357843137254 0.40249693627450983 0.019685457516339867 0.014552696078431373
1 0.21179942810457517 0.7181372549019608 0.024089052287581698 0.01838235294117647
1 0.15308619281045752 0.695874693627451 0.025126633986928104 0.01736213235294118