1 0.9530228758169934 0.3075980392156863 0.022058823529411766 0.013480392156862746
1 0.7608251633986928 0.4137561274509804 0.030637254901960783 0.01685049019607843
1 0.1868872549019608 0.4459252450980392 0.051879084967320264 0.0389093137254902
1 0.2979983660130719 0.46277573529411764 0.04044117647058824 0.01991421568627451
1 0.7361111111111112 0.47487745098039214 0.031862745098039214 0.024509803921568627
1 0.7787990196078431 0.49356617647058826 0.02900326797385621 0.018995098039215685
1 0.7483660130718954 0.5337009803921569 0.026143790849673203 0.024509803921568627
1 0.2326388888888889 0.05912990196078431 0.0363562091503268 0.018995098039215685
0 0.25326797385620914 0.6893382352941176 0.021241830065359478 0.010416666666666666
1 0.09803921568627451 0.6954656862745098 0.049019607843137254 0.03370098039215686
0 0.23427287581699346 0.7146139705882353 0.0298202614379085 0.013174019607843137
0 0.16237745098039216 0.7688419117647058 0.02246732026143791 0.012561274509803922
0 0.7845179738562091 0.7948835784313726 0.017565359477124183 0.007659313725490196
0 0.24775326797385622 0.8014705882352942 0.030637254901960783 0.015318627450980392
0 0.07904411764705882 0.8141850490196079 0.023284313725490197 0.012561274509803922
0 0.6546160130718954 0.8576899509803921 0.024101307189542485 0.011948529411764705
0 0.7636846405228758 0.8799019607843137 0.024918300653594773 0.014093137254901961
0 0.7091503267973857 0.8874080882352942 0.02696078431372549 0.013174019607843137
0 0.9056372549019608 0.8893995098039216 0.026143790849673203 0.014705882352941176
0 0.8141339869281046 0.8900122549019608 0.022058823529411766 0.014093137254901961
0 0.6744281045751634 0.8918504901960784 0.02042483660130719 0.009191176470588236
0 0.9850898692810458 0.9106924019607843 0.0298202614379085 0.011948529411764705
0 0.7525551470588235 0.9457337622549019 0.027169117647058826 0.016467524509803922
1 0.20261437908496732 0.11274509803921569 0.025326797385620915 0.024509803921568627
1 0.5377859477124183 0.12162990196078431 0.03553921568627451 0.02389705882352941
1 0.7624591503267973 0.13097426470588236 0.034722222222222224 0.035845588235294115
1 0.9826388888888888 0.13939950980392157 0.025735294117647058 0.01715686274509804
1 0.4583333333333333 0.16299019607843138 0.03758169934640523 0.026348039215686275
1 0.13316993464052287 0.1957720588235294 0.03758169934640523 0.04105392156862745
1 0.07700163398692811 0.19607843137254902 0.04044117647058824 0.020833333333333332
1 0.37336601307189543 0.19883578431372548 0.02696078431372549 0.0196078431372549
1 0.17463235294117646 0.22763480392156862 0.0363562091503268 0.02144607843137255
1 0.40487132352941174 0.24142156862745098 0.0221609477124183 0.02022058823529412
1 0.1721813725490196 0.24540441176470587 0.04370915032679738 0.018995098039215685
1 0.9740604575163399 0.25045955882352944 0.03308823529411765 0.015625
1 0.8069852941176471 0.2549019607843137 0.037173202614379085 0.016544117647058824
1 0.9356617647058824 0.2575061274509804 0.02900326797385621 0.01685049019607843
1 0.9060457516339869 0.26761642156862747 0.026143790849673203 0.01991421568627451
1 0.8821486928104575 0.2691482843137255 0.023284313725490197 0.0272671568627451
1 0.3394607843137255 0.27129289215686275 0.03349673202614379 0.0272671568627451
1 0.8529411764705882 0.27925857843137253 0.03022875816993464 0.020526960784313725
1 0.30453431372549017 0.2821691176470588 0.061683006535947715 0.032475490196078434
1 0.21343954248366012 0.2846200980392157 0.044526143790849675 0.028186274509803922
1 0.829248366013072 0.2927389705882353 0.027777777777777776 0.01991421568627451
0 0.5833741830065359 0.7241115196078431 0.01723856209150327 0.010723039215686275
1 0.9554084967320262 0.4189261642156863 0.02437908496732026 0.014935661764705883
1 0.9759640522875817 0.45067401960784315 0.028725490196078427 0.01838235294117647
1 0.9595200163398694 0.5045572916666666 0.02770016339869281 0.01953125
1 0.9900980392156864 0.30185355392156865 0.019411764705882354 0.01608455882352941