1 0.06535947712418301 0.47089460784313725 0.0196078431372549 0.012867647058823529
1 0.9930555555555556 0.6078431372549019 0.013888888888888888 0.02267156862745098
0 0.22406045751633988 0.8380821078431373 0.015931372549019607 0.01133578431372549
1 0.815359477124183 0.5372242647058824 0.028594771241830064 0.018688725490196078
1 0.12152777777777778 0.4284620098039216 0.01838235294117647 0.015012254901960785
0 0.2632761437908497 0.6125919117647058 0.01511437908496732 0.008884803921568627
1 0.7773692810457516 0.35631127450980393 0.0196078431372549 0.012254901960784314
1 0.4840686274509804 0.6933210784313726 0.03758169934640523 0.025122549019607844
0 0.6981209150326797 0.7008272058823529 0.025326797385620915 0.016237745098039217
0 0.028390522875816993 0.6403186274509803 0.01184640522875817 0.00857843137254902
0 0.5467728758169934 0.7827818627450981 0.030637254901960783 0.02022058823529412
0 0.04513888888888889 0.8342524509803921 0.01919934640522876 0.014705882352941176
0 0.17524509803921567 0.6559436274509803 0.013071895424836602 0.00857843137254902
1 0.6991421568627451 0.45113357843137253 0.017565359477124183 0.013174019607843137
0 0.16973039215686275 0.610140931372549 0.014297385620915032 0.009497549019607842
1 0.20588235294117646 0.37331495098039214 0.015522875816993464 0.011948529411764705
0 0.22732843137254902 0.6231617647058824 0.016748366013071895 0.011029411764705883
0 0.07066993464052287 0.6361825980392157 0.014705882352941176 0.008884803921568627
0 0.03165849673202614 0.6089154411764706 0.012663398692810458 0.008272058823529412
0 0.1744281045751634 0.6083026960784313 0.014705882352941176 0.009497549019607842
0 0.07618464052287582 0.6349571078431373 0.014297385620915032 0.008884803921568627
0 0.20915032679738563 0.6432291666666666 0.013888888888888888 0.008884803921568627
1 0.579452614379085 0.6896446078431373 0.039624183006535946 0.029411764705882353
0 0.0778186274509804 0.5974264705882353 0.015931372549019607 0.009191176470588236
0 0.00959967320261438 0.6371017156862745 0.013480392156862746 0.010723039215686275
1 0.6282679738562091 0.47441789215686275 0.02287581699346405 0.01685049019607843
0 0.088031045751634 0.6056985294117647 0.015931372549019607 0.011029411764705883
0 0.05106209150326797 0.5896139705882353 0.015522875816993464 0.01011029411764706
1 0.7185457516339869 0.41482843137254904 0.02042483660130719 0.015318627450980392
0 0.19178921568627452 0.6363357843137255 0.015931372549019607 0.010416666666666666
0 0.018586601307189542 0.5911458333333334 0.014297385620915032 0.009497549019607842
0 0.05392156862745098 0.6067708333333334 0.015522875816993464 0.01011029411764706
1 0.7387663398692811 0.4543504901960784 0.020833333333333332 0.014705882352941176
1 0.016339869281045753 0.3708639705882353 0.02042483660130719 0.015012254901960785
0 0.08272058823529412 0.6072303921568627 0.01511437908496732 0.010416666666666666
0 0.13868464052287582 0.5603553921568627 0.014297385620915032 0.010416666666666666
1 0.09395424836601307 0.39368872549019607 0.0196078431372549 0.014093137254901961
0 0.14195261437908496 0.6251531862745098 0.01511437908496732 0.01011029411764706
1 0.9050245098039216 0.3411458333333333 0.023284313725490197 0.016237745098039217
1 0.7871732026143791 0.4476102941176471 0.025326797385620915 0.015931372549019607
0 0.10294117647058823 0.6063112745098039 0.014705882352941176 0.00980392156862745
0 0.09497549019607843 0.594515931372549 0.016748366013071895 0.010723039215686275
0 0.1395016339869281 0.6481311274509803 0.014297385620915032 0.01011029411764706
1 0.04411764705882353 0.3727022058823529 0.0196078431372549 0.014399509803921568
0 0.0545343137254902 0.7412683823529411 0.020016339869281044 0.013786764705882353
0 0.006944444444444444 0.7109375 0.013888888888888888 0.015012254901960785
1 0.7718545751633987 0.2506127450980392 0.020016339869281044 0.013480392156862746
1 0.8899101307189542 0.6848958333333334 0.027369281045751634 0.01991421568627451
1 0.7616421568627451 0.37515318627450983 0.02246732026143791 0.015012254901960785
0 0.13316993464052287 0.6695772058823529 0.014705882352941176 0.009497549019607842
0 0.00857843137254902 0.7763480392156863 0.016339869281045753 0.016544117647058824
1 0.9354575163398693 0.6723345588235294 0.028594771241830064 0.01991421568627451
1 0.9430147058823529 0.3952205882352941 0.024101307189542485 0.01715686274509804
1 0.9344362745098039 0.5840992647058824 0.0298202614379085 0.020526960784313725
1 0.5943627450980392 0.5871629901960784 0.04003267973856209 0.02849264705882353
1 0.4910130718954248 0.5669424019607843 0.03431372549019608 0.024816176470588234
0 0.011437908496732025 0.6819852941176471 0.017973856209150325 0.012867647058823529
0 0.03022875816993464 0.6904105392156863 0.018790849673202614 0.013786764705882353
0 0.1147875816993464 0.6689644607843137 0.01715686274509804 0.01133578431372549
1 0.30912377450980394 0.3220189950980392 0.009587418300653594 0.006783088235294118
1 0.294156454248366 0.30998314950980393 0.00988153594771242 0.007221200980392157
0 0.016858660130718954 0.6880254289215687 0.015743464052287583 0.009629289215686274
0 0.0848937908496732 0.651609987745098 0.014558823529411765 0.007876838235294118
0 0.09621527777777777 0.6459420955882353 0.015142973856209151 0.009408700980392157
0 0.11080269607843138 0.656358762254902 0.015723039215686276 0.009408700980392157
0 0.06295547385620916 0.598390012254902 0.0139828431372549 0.007441789215686274
0 0.3600878267973856 0.6604947916666667 0.01511029411764706 0.007876838235294118