0 0.19526143790849673 0.9856004901960784 0.02042483660130719 0.014093137254901961
1 0.6911764705882353 0.20006127450980393 0.017973856209150325 0.011642156862745098
1 0.5390114379084967 0.21476715686274508 0.020016339869281044 0.014705882352941176
1 0.3414093137254902 0.5584757965686274 0.02840686274509804 0.01891237745098039
1 0.7235968137254902 0.35796875 0.023991013071895422 0.016795343137254903
0 0.15849673202614378 0.928921568627451 0.02287581699346405 0.014093137254901961
1 0.27062908496732024 0.2867647058823529 0.02246732026143791 0.015318627450980392
0 0.9201388888888888 0.8509497549019608 0.026552287581699346 0.01685049019607843
1 0.7314133986928104 0.4973958333333333 0.02165032679738562 0.014399509803921568
1 0.5990604575163399 0.1953125 0.01838235294117647 0.013786764705882353
1 0.6930147058823529 0.27650122549019607 0.01838235294117647 0.015012254901960785
0 0.2113970588235294 0.8609068627450981 0.020016339869281044 0.015318627450980392
1 0.6736111111111112 0.6807598039215687 0.02287581699346405 0.01715686274509804
0 0.19219771241830066 0.8699448529411765 0.020833333333333332 0.013174019607843137
1 0.7103758169934641 0.5623468137254902 0.02042483660130719 0.016237745098039217
1 0.7512254901960784 0.28799019607843135 0.02287581699346405 0.015318627450980392
1 0.5394199346405228 0.19914215686274508 0.020016339869281044 0.013480392156862746
1 0.519812091503268 0.4309129901960784 0.024918300653594773 0.018075980392156864
0 0.4783496732026144 0.7815563725490197 0.024509803921568627 0.015931372549019607
0 0.7011846405228758 0.7715992647058824 0.024918300653594773 0.018688725490196078
1 0.12745098039215685 0.5485600490196079 0.031862745098039214 0.023590686274509803
1 0.4354575163398693 0.2930453431372549 0.026143790849673203 0.018688725490196078
1 0.7205882352941176 0.2496936274509804 0.02042483660130719 0.014705882352941176
0 0.47467320261437906 0.8322610294117647 0.02042483660130719 0.014399509803921568
1 0.4252450980392157 0.35309436274509803 0.028594771241830064 0.020526960784313725
1 0.5743464052287581 0.35631127450980393 0.026143790849673203 0.01838235294117647
1 0.15359477124183007 0.5608149509803921 0.024509803921568627 0.01685049019607843
1 0.7738970588235294 0.26669730392156865 0.02246732026143791 0.016237745098039217
1 0.7240604575163399 0.2725183823529412 0.02246732026143791 0.016237745098039217
1 0.35723039215686275 0.41161151960784315 0.02246732026143791 0.016237745098039217
1 0.6390931372549019 0.38036151960784315 0.02165032679738562 0.01685049019607843
1 0.2571486928104575 0.29090073529411764 0.024918300653594773 0.017463235294117647
0 0.5116421568627451 0.9260110294117647 0.024101307189542485 0.018688725490196078
0 0.0951797385620915 0.914828431372549 0.03022875816993464 0.02144607843137255
0 0.8794934640522876 0.8527879901960784 0.02287581699346405 0.018688725490196078
0 0.24979575163398693 0.7480085784313726 0.025735294117647058 0.018688725490196078
1 0.2638888888888889 0.5603553921568627 0.02287581699346405 0.01838235294117647
1 0.06352124183006536 0.53125 0.0298202614379085 0.02022058823529412
1 0.7493872549019608 0.26087622549019607 0.023284313725490197 0.016237745098039217
1 0.6770833333333334 0.3867953431372549 0.02246732026143791 0.01685049019607843
1 0.4599673202614379 0.39261642156862747 0.025326797385620915 0.018075980392156864
0 0.4319852941176471 0.8043811274509803 0.02165032679738562 0.014399509803921568
0 0.4526143790849673 0.7549019607843137 0.02042483660130719 0.015931372549019607
0 0.5112336601307189 0.7452512254901961 0.02165032679738562 0.016237745098039217
1 0.5214460784313726 0.3347120098039216 0.027369281045751634 0.020526960784313725
0 0.471609477124183 0.7536764705882353 0.020833333333333332 0.016544117647058824
1 0.414624183006536 0.40824142156862747 0.026143790849673203 0.019301470588235295
1 0.7908496732026143 0.31204044117647056 0.024509803921568627 0.01685049019607843
0 0.14133986928104575 0.8916973039215687 0.026143790849673203 0.01991421568627451
1 0.3184926470588235 0.5756464460784314 0.030776143790849676 0.022003676470588235
1 0.2576817810457516 0.28581801470588236 0.02516748366013072 0.01587622549019608
1 0.7351797385620915 0.35213388480392155 0.021830065359477124 0.016155024509803922