0 0.1542075163398693 0.6750919117647058 0.015931372549019607 0.009497549019607842
0 0.7810457516339869 0.6948529411764706 0.014705882352941176 0.00980392156862745
1 0.38929738562091504 0.6493566176470589 0.0196078431372549 0.013174019607843137
1 0.8927696078431373 0.6571691176470589 0.016748366013071895 0.00980392156862745
1 0.33762254901960786 0.3720894607843137 0.025735294117647058 0.018075980392156864
0 0.7604166666666666 0.7496936274509803 0.020833333333333332 0.012254901960784314
1 0.9479166666666666 0.44806985294117646 0.0298202614379085 0.021752450980392156
1 0.14282883986928105 0.5638786764705882 0.01604983660130719 0.010723039215686275
1 0.4438316993464052 0.2803308823529412 0.026552287581699346 0.018995098039215685
0 0.8521241830065359 0.6899509803921569 0.01715686274509804 0.012254901960784314
0 0.15134803921568626 0.6493566176470589 0.01184640522875817 0.008272058823529412
1 0.34375 0.48544730392156865 0.02246732026143791 0.015625
1 0.016952614379084966 0.4722732843137255 0.02246732026143791 0.015012254901960785
0 0.7759395424836601 0.664828431372549 0.015931372549019607 0.010416666666666666
0 0.3654003267973856 0.6366421568627451 0.01511437908496732 0.010416666666666666
0 0.058619281045751634 0.6758578431372549 0.016748366013071895 0.00980392156862745
0 0.676062091503268 0.7409620098039216 0.022058823529411766 0.013786764705882353
1 0.5428921568627451 0.4010416666666667 0.022058823529411766 0.015931372549019607
0 0.36090686274509803 0.6617647058823529 0.01511437908496732 0.010416666666666666
1 0.9897875816993464 0.4618566176470588 0.0196078431372549 0.01991421568627451
0 0.07618464052287582 0.6720281862745098 0.01511437908496732 0.009497549019607842
0 0.690359477124183 0.678921568627451 0.01715686274509804 0.011029411764705883
0 0.9720179738562091 0.6666666666666666 0.01511437908496732 0.00980392156862745
0 0.4707924836601307 0.9001225490196079 0.020833333333333332 0.014705882352941176
1 0.6958741830065359 0.4007352941176471 0.026552287581699346 0.01838235294117647
1 0.6474673202614379 0.43903186274509803 0.02042483660130719 0.014093137254901961
1 0.7859477124183006 0.4739583333333333 0.024509803921568627 0.017769607843137254
0 0.7973856209150327 0.7147671568627451 0.02287581699346405 0.014093137254901961
1 0.2636846405228758 0.5139399509803921 0.020833333333333332 0.014399509803921568
0 0.9025735294117647 0.7284007352941176 0.01838235294117647 0.013174019607843137
1 0.5659722222222222 0.5145526960784313 0.024101307189542485 0.01685049019607843
1 0.3084150326797386 0.4955575980392157 0.018790849673202614 0.014399509803921568
1 0.3602941176470588 0.42493872549019607 0.02287581699346405 0.01715686274509804
1 0.15502450980392157 0.5793504901960784 0.023284313725490197 0.015318627450980392
1 0.35130718954248363 0.3707107843137255 0.02287581699346405 0.017769607843137254
1 0.4526143790849673 0.5494791666666666 0.029411764705882353 0.01991421568627451
1 0.6053921568627451 0.4257046568627451 0.026143790849673203 0.01991421568627451
1 0.9160539215686274 0.47487745098039214 0.024101307189542485 0.01715686274509804
1 0.3053513071895425 0.29442401960784315 0.020016339869281044 0.014705882352941176
0 0.41625816993464054 0.6686580882352942 0.014705882352941176 0.009497549019607842
1 0.23366013071895425 0.4102328431372549 0.021241830065359478 0.01715686274509804
0 0.4446486928104575 0.6603860294117647 0.014297385620915032 0.01011029411764706
1 0.7146650326797386 0.46875 0.024101307189542485 0.015318627450980392
1 0.7201797385620915 0.4817708333333333 0.021241830065359478 0.015625
1 0.48713235294117646 0.3599877450980392 0.024918300653594773 0.01715686274509804
1 0.2890114379084967 0.2962622549019608 0.020833333333333332 0.015931372549019607
0 0.6983251633986928 0.914828431372549 0.025735294117647058 0.017769607843137254
0 0.7689950980392157 0.6691176470588235 0.01919934640522876 0.013480392156862746
1 0.5814950980392157 0.6826853553921568 0.023284313725490197 0.017331495098039214
1 0.30923202614379086 0.4462316176470588 0.025326797385620915 0.019301470588235295
0 0.9595588235294118 0.7464767156862745 0.025326797385620915 0.016237745098039217
1 0.3799019607843137 0.31387867647058826 0.026143790849673203 0.018688725490196078
1 0.010212418300653595 0.42202818627450983 0.02042483660130719 0.01991421568627451
0 0.6750408496732027 0.9024203431372549 0.025735294117647058 0.01991421568627451
1 0.13746119281045752 0.4104947916666667 0.02573937908496732 0.017068014705882352
1 0.35518790849673204 0.44255514705882354 0.024918300653594773 0.016237745098039217
1 0.3560049019607843 0.4577205882352941 0.024918300653594773 0.01715686274509804
1 0.3314950980392157 0.4505208333333333 0.02900326797385621 0.021139705882352942
1 0.22826184640522876 0.6550245098039216 0.0235171568627451 0.015931372549019607
1 0.5051062091503268 0.375 0.03227124183006536 0.022058823529411766
1 0.7152777777777778 0.42340686274509803 0.024509803921568627 0.017769607843137254
1 0.2542892156862745 0.4834558823529412 0.02246732026143791 0.016544117647058824
1 0.6779003267973857 0.4397977941176471 0.02246732026143791 0.016237745098039217
1 0.6460375816993464 0.4537377450980392 0.025735294117647058 0.015318627450980392
1 0.8856209150326797 0.47074142156862747 0.02287581699346405 0.019301470588235295
1 0.4446486928104575 0.2575061274509804 0.026552287581699346 0.019301470588235295
1 0.5704656862745098 0.5307904411764706 0.02246732026143791 0.015012254901960785
1 0.3611111111111111 0.47441789215686275 0.025326797385620915 0.01685049019607843
1 0.8609068627450981 0.47763480392156865 0.026552287581699346 0.017769607843137254
0 0.6231617647058824 0.797640931372549 0.02246732026143791 0.017463235294117647
0 0.37459150326797386 0.7144607843137255 0.017973856209150325 0.013480392156862746
0 0.7185457516339869 0.7624080882352942 0.02369281045751634 0.016237745098039217
1 0.5612745098039216 0.4977022058823529 0.02287581699346405 0.015625
1 0.4891748366013072 0.6207107843137255 0.024918300653594773 0.01715686274509804
0 0.6374591503267973 0.8969056372549019 0.028186274509803922 0.021139705882352942
1 0.20900531045751633 0.39622702205882354 0.023402777777777776 0.014880514705882354
0 0.08598856209150327 0.7925857843137255 0.02246732026143791 0.01715686274509804
0 0.12193627450980392 0.9762561274509803 0.037173202614379085 0.02849264705882353
0 0.7205882352941176 0.9352022058823529 0.02696078431372549 0.018075980392156864
1 0.10927287581699346 0.43949142156862747 0.027369281045751634 0.019301470588235295
0 0.2971813725490196 0.7394301470588235 0.02246732026143791 0.015625
0 0.8396650326797386 0.7774203431372549 0.024918300653594773 0.019301470588235295
1 0.2142565359477124 0.532015931372549 0.025735294117647058 0.018075980392156864
1 0.7185457516339869 0.6429227941176471 0.025326797385620915 0.01685049019607843
1 0.24040032679738563 0.3861825980392157 0.026552287581699346 0.01991421568627451
0 0.5161356209150327 0.9402573529411765 0.030637254901960783 0.02267156862745098
0 0.5132761437908496 0.8422181372549019 0.028186274509803922 0.018995098039215685
1 0.2798202614379085 0.3918504901960784 0.029411764705882353 0.02144607843137255
0 0.8672385620915033 0.8143382352941176 0.025326797385620915 0.01838235294117647
1 0.8682598039215687 0.4603247549019608 0.028186274509803922 0.01991421568627451
0 0.7336601307189542 0.9036458333333334 0.02696078431372549 0.021139705882352942
1 0.6239787581699346 0.4284620098039216 0.025735294117647058 0.020526960784313725
1 0.29391339869281047 0.46369485294117646 0.02900326797385621 0.021139705882352942
1 0.4522058823529412 0.39598651960784315 0.027777777777777776 0.021752450980392156
1 0.18525326797385622 0.5173100490196079 0.028186274509803922 0.01991421568627451
1 0.6370506535947712 0.6637561274509803 0.03390522875816993 0.02420343137254902
1 0.5863970588235294 0.38863357843137253 0.027369281045751634 0.019301470588235295
1 0.5996732026143791 0.6933210784313726 0.02696078431372549 0.02144607843137255
1 0.14471200980392157 0.40734375 0.018999183006535948 0.014442401960784314
1 0.0993688725490196 0.40870098039215685 0.023901143790849674 0.015318627450980392
1 0.2091156045751634 0.4009757965686275 0.020355392156862745 0.01641237745098039
1 0.6865379901960784 0.43765318627450983 0.023402777777777776 0.01685049019607843
1 0.8676736111111112 0.47004136029411764 0.020477941176470588 0.014224877450980392