0 0.6135110294117647 0.5390114379084967 0.043198529411764705 0.04779411764705882
0 0.6318933823529411 0.5635212418300654 0.030330882352941176 0.03227124183006536
0 0.3163296568627451 0.5686274509803921 0.027879901960784315 0.029411764705882353
0 0.7855392156862745 0.5702614379084967 0.032475490196078434 0.0392156862745098
0 0.8307291666666666 0.5741421568627451 0.03400735294117647 0.039624183006535946
0 0.3697916666666667 0.6117238562091504 0.04595588235294118 0.046977124183006536
0 0.36902573529411764 0.6119281045751634 0.04258578431372549 0.05310457516339869
0 0.6593137254901961 0.6305147058823529 0.037377450980392156 0.054330065359477125
0 0.5946691176470589 0.6482843137254902 0.04656862745098039 0.05718954248366013
1 0.6609987745098039 0.10498366013071896 0.01991421568627451 0.026143790849673203
1 0.46767769607843135 0.11968954248366014 0.021752450980392156 0.03758169934640523
1 0.04212622549019608 0.1301062091503268 0.018075980392156864 0.026552287581699346
1 0.016544117647058824 0.153390522875817 0.02144607843137255 0.030637254901960783
1 0.8760723039215687 0.17177287581699346 0.015012254901960785 0.017565359477124183
1 0.14476102941176472 0.017973856209150325 0.02665441176470588 0.03594771241830065
1 0.14568014705882354 0.19587418300653595 0.03278186274509804 0.0298202614379085
1 0.3075980392156863 0.19750816993464052 0.034926470588235295 0.0428921568627451
1 0.3952205882352941 0.19812091503267973 0.034926470588235295 0.04411764705882353
0 0.09926470588235294 0.22712418300653595 0.012254901960784314 0.012254901960784314
0 0.12009803921568628 0.22855392156862744 0.01838235294117647 0.017565359477124183
0 0.08057598039215687 0.22998366013071894 0.011642156862745098 0.011437908496732025
0 0.3174019607843137 0.23161764705882354 0.011642156862745098 0.01715686274509804
0 0.02267156862745098 0.23386437908496732 0.01838235294117647 0.017565359477124183
0 0.043198529411764705 0.23447712418300654 0.010416666666666666 0.016339869281045753
0 0.07138480392156862 0.2361111111111111 0.014705882352941176 0.011437908496732025
0 0.22043504901960784 0.23958333333333334 0.012561274509803922 0.014297385620915032
0 0.22977941176470587 0.24162581699346405 0.009191176470588236 0.010212418300653595
0 0.20419730392156862 0.2434640522875817 0.007659313725490196 0.013071895424836602
0 0.007659313725490196 0.24591503267973855 0.014093137254901961 0.013888888888888888
0 0.22778799019607843 0.2512254901960784 0.012561274509803922 0.00980392156862745
0 0.3212316176470588 0.2534722222222222 0.008272058823529412 0.011029411764705883
0 0.022824754901960783 0.25449346405228757 0.019301470588235295 0.015522875816993464
0 0.33777573529411764 0.255718954248366 0.015012254901960785 0.018790849673202614
0 0.09497549019607843 0.26143790849673204 0.015318627450980392 0.01715686274509804
0 0.6061580882352942 0.2798202614379085 0.01991421568627451 0.02369281045751634
0 0.8782169117647058 0.29411764705882354 0.01685049019607843 0.0196078431372549
0 0.7083333333333334 0.3000408496732026 0.017769607843137254 0.023284313725490197
0 0.6937806372549019 0.30269607843137253 0.017463235294117647 0.01715686274509804
0 0.5810355392156863 0.3270016339869281 0.02665441176470588 0.023284313725490197
0 0.24555759803921567 0.3374183006535948 0.02420343137254902 0.028594771241830064
0 0.28982843137254904 0.34211601307189543 0.020833333333333332 0.024101307189542485
0 0.8739276960784313 0.35171568627450983 0.01991421568627451 0.02369281045751634
0 0.15364583333333334 0.3553921568627451 0.023590686274509803 0.021241830065359478
0 0.3232230392156863 0.3805147058823529 0.028186274509803922 0.0298202614379085