1 0.7236519607843137 0.19990808823529413 0.03308823529411765 0.02297794117647059
0 0.5598447712418301 0.5317095588235294 0.024918300653594773 0.015012254901960785
1 0.5859885620915033 0.3446691176470588 0.024918300653594773 0.014705882352941176
0 0.5812908496732027 0.6461397058823529 0.024509803921568627 0.015318627450980392
0 0.3658353758169935 0.4525888480392157 0.013533496732026145 0.009344362745098039
0 0.32965686274509803 0.46338848039215685 0.018790849673202614 0.01011029411764706
1 0.5727124183006536 0.1331188725490196 0.027777777777777776 0.018075980392156864
1 0.05984477124183007 0.06357230392156862 0.039624183006535946 0.030330882352941176
1 0.5281862745098039 0.03201593137254902 0.028594771241830064 0.020526960784313725
1 0.17790032679738563 0.11871936274509803 0.03390522875816993 0.023590686274509803
1 0.8071895424836601 0.10692401960784313 0.028594771241830064 0.018995098039215685
1 0.3116830065359477 0.03615196078431373 0.03676470588235294 0.02022058823529412
1 0.4752859477124183 0.11856617647058823 0.03145424836601307 0.0196078431372549
1 0.19569444444444445 0.39456954656862747 0.03844771241830065 0.02933517156862745
1 0.8935866013071896 0.03354779411764706 0.042075163398692814 0.02849264705882353
1 0.9058415032679739 0.2545955882352941 0.0363562091503268 0.023284313725490197
1 0.41830065359477125 0.022824754901960783 0.03431372549019608 0.024816176470588234
1 0.4201388888888889 0.3112745098039216 0.028186274509803922 0.0196078431372549
1 0.6486928104575164 0.36136642156862747 0.028594771241830064 0.018688725490196078
1 0.838031045751634 0.07858455882352941 0.03880718954248366 0.023590686274509803
0 0.3684640522875817 0.4643075980392157 0.01715686274509804 0.010723039215686275
1 0.3278186274509804 0.09620098039215687 0.03308823529411765 0.023284313725490197
1 0.9087009803921569 0.13587622549019607 0.03145424836601307 0.02297794117647059
1 0.2826797385620915 0.41681985294117646 0.021241830065359478 0.015625
1 0.5906862745098039 0.017003676470588234 0.035130718954248366 0.024816176470588234
1 0.36560457516339867 0.1052389705882353 0.028594771241830064 0.020526960784313725
1 0.7479575163398693 0.015165441176470588 0.051470588235294115 0.0272671568627451
1 0.37397875816993464 0.26868872549019607 0.034722222222222224 0.024509803921568627
1 0.4287173202614379 0.22365196078431374 0.0298202614379085 0.02022058823529412
1 0.3633578431372549 0.37699142156862747 0.0298202614379085 0.021139705882352942
1 0.733251633986928 0.16651348039215685 0.032679738562091505 0.01991421568627451
0 0.7193627450980392 0.6537990196078431 0.02696078431372549 0.0196078431372549
1 0.5241013071895425 0.05621936274509804 0.03676470588235294 0.02665441176470588
1 0.9650735294117647 0.2265625 0.04370915032679738 0.029105392156862746
1 0.30514705882352944 0.13572303921568626 0.03839869281045752 0.025735294117647058
1 0.26838235294117646 0.07107843137254902 0.04330065359477124 0.03308823529411765
1 0.35355392156862747 0.07092524509803921 0.037173202614379085 0.024816176470588234
0 0.1227532679738562 0.49417892156862747 0.020016339869281044 0.012254901960784314
1 0.30310457516339867 0.06862745098039216 0.03594771241830065 0.024509803921568627
1 0.596609477124183 0.40793504901960786 0.03227124183006536 0.022365196078431373
1 0.9783496732026143 0.011488970588235295 0.042483660130718956 0.021139705882352942
1 0.16258169934640523 0.10768995098039216 0.05228758169934641 0.03216911764705882
1 0.8754084967320261 0.2665441176470588 0.04411764705882353 0.027573529411764705
1 0.8474264705882353 0.12591911764705882 0.039624183006535946 0.026348039215686275
1 0.08394607843137254 0.06847426470588236 0.05106209150326797 0.0352328431372549
1 0.5582107843137255 0.06433823529411764 0.039624183006535946 0.029411764705882353
1 0.43933823529411764 0.13863357843137256 0.02900326797385621 0.021752450980392156
1 0.33619281045751637 0.1053921568627451 0.0392156862745098 0.027573529411764705
1 0.26429738562091504 0.44776348039215685 0.028594771241830064 0.020526960784313725
1 0.8024918300653595 0.20986519607843138 0.03553921568627451 0.02696078431372549
1 0.45669934640522875 0.08900122549019608 0.03594771241830065 0.02971813725490196
1 0.4250408496732026 0.09175857843137254 0.039624183006535946 0.02542892156862745
1 0.3654003267973856 0.05269607843137255 0.0363562091503268 0.024509803921568627
1 0.35580065359477125 0.011029411764705883 0.041666666666666664 0.02144607843137255
0 0.7393790849673203 0.6058517156862745 0.032679738562091505 0.022365196078431373
1 0.9505718954248366 0.012408088235294117 0.03594771241830065 0.023590686274509803
0 0.702001633986928 0.6655943627450981 0.03880718954248366 0.030943627450980393
0 0.7685866013071896 0.5963541666666666 0.0298202614379085 0.01991421568627451
0 0.6683006535947712 0.6761642156862745 0.03758169934640523 0.02696078431372549
1 0.29391339869281047 0.28952205882352944 0.0298202614379085 0.02022058823529412
1 0.6603349673202614 0.1018688725490196 0.04779411764705882 0.03768382352941176
1 0.3047385620915033 0.22886029411764705 0.03839869281045752 0.031862745098039214
1 0.6584967320261438 0.25275735294117646 0.04411764705882353 0.034926470588235295
1 0.678921568627451 0.3869485294117647 0.04084967320261438 0.029411764705882353
1 0.9507761437908496 0.27558210784313725 0.04779411764705882 0.03400735294117647
1 0.7446895424836601 0.35110294117647056 0.04003267973856209 0.029411764705882353
0 0.8993055555555556 0.6527267156862745 0.039624183006535946 0.024816176470588234
1 0.24142156862745098 0.13802083333333334 0.0457516339869281 0.03400735294117647
1 0.5443218954248366 0.24632352941176472 0.044526143790849675 0.03370098039215686
1 0.4693627450980392 0.13817401960784315 0.03594771241830065 0.028186274509803922
1 0.4180964052287582 0.43244485294117646 0.04534313725490196 0.03216911764705882
1 0.5285947712418301 0.18627450980392157 0.04330065359477124 0.03002450980392157
0 0.37749183006535947 0.4548483455882353 0.011519607843137254 0.006510416666666667
1 0.4217483660130719 0.4049479166666667 0.046928104575163394 0.029871323529411766