1 0.5157271241830066 0.42202818627450983 0.023284313725490197 0.014399509803921568
0 0.8988970588235294 0.8382352941176471 0.02165032679738562 0.015318627450980392
1 0.5637254901960784 0.3550857843137255 0.02369281045751634 0.014705882352941176
1 0.3583272058823529 0.5962576593137254 0.03201388888888889 0.02401041666666667
0 0.8831699346405228 0.8371629901960784 0.02287581699346405 0.016237745098039217
1 0.6542585784313726 0.6682552083333333 0.025837418300653593 0.020946691176470588
1 0.7535232843137255 0.5212362132352941 0.02665441176470588 0.01918811274509804
1 0.46320874183006533 0.3411458333333333 0.02363970588235294 0.01685049019607843
1 0.676062091503268 0.6781556372549019 0.03022875816993464 0.021139705882352942
0 0.052083333333333336 0.8687193627450981 0.025735294117647058 0.018688725490196078
1 0.7828839869281046 0.38955269607843135 0.023284313725490197 0.015625
1 0.5757761437908496 0.43045343137254904 0.024918300653594773 0.01838235294117647
1 0.3974673202614379 0.6000306372549019 0.025326797385620915 0.021139705882352942
1 0.7199754901960784 0.41574754901960786 0.02246732026143791 0.02022058823529412
1 0.7468341503267973 0.2953630514705883 0.025531045751633986 0.01964767156862745
1 0.5962009803921569 0.4375 0.024918300653594773 0.01838235294117647
1 0.5919117647058824 0.35860906862745096 0.027777777777777776 0.020526960784313725
1 0.7134395424836601 0.5663296568627451 0.023284313725490197 0.017463235294117647
1 0.41973039215686275 0.6044730392156863 0.025735294117647058 0.02022058823529412
0 0.7624591503267973 0.6916360294117647 0.024918300653594773 0.017463235294117647
1 0.7177287581699346 0.5292003676470588 0.026143790849673203 0.01673406862745098
1 0.7650367647058823 0.4797794117647059 0.02435457516339869 0.017769607843137254
0 0.136437908496732 0.6372549019607843 0.0196078431372549 0.015318627450980392
1 0.47937091503267976 0.26761642156862747 0.024101307189542485 0.019301470588235295
1 0.5420751633986928 0.45297181372549017 0.025326797385620915 0.018075980392156864
0 0.40584150326797386 0.6930147058823529 0.02246732026143791 0.016544117647058824
1 0.7077205882352942 0.3428308823529412 0.028186274509803922 0.02022058823529412
1 0.45036764705882354 0.45036764705882354 0.030637254901960783 0.022058823529411766
1 0.7902369281045751 0.34390318627450983 0.024101307189542485 0.018075980392156864
1 0.36090686274509803 0.6263786764705882 0.03227124183006536 0.02420343137254902
1 0.6948529411764706 0.4152879901960784 0.025326797385620915 0.01991421568627451
1 0.2136437908496732 0.5663296568627451 0.028594771241830064 0.018075980392156864
1 0.3131127450980392 0.6461397058823529 0.03227124183006536 0.025735294117647058
1 0.693218954248366 0.5704656862745098 0.024509803921568627 0.018995098039215685
1 0.7700163398692811 0.49831495098039214 0.026143790849673203 0.018688725490196078
1 0.2702205882352941 0.6904105392156863 0.03880718954248366 0.027879901960784315
1 0.6225490196078431 0.3939950980392157 0.032679738562091505 0.02144607843137255
0 0.5469771241830066 0.6649816176470589 0.028594771241830064 0.021139705882352942
1 0.7544934640522876 0.45894607843137253 0.028594771241830064 0.020833333333333332
1 0.12071078431372549 0.45006127450980393 0.027369281045751634 0.0196078431372549
1 0.3831699346405229 0.2959558823529412 0.026143790849673203 0.0196078431372549
1 0.3790849673202614 0.6447610294117647 0.031862745098039214 0.02297794117647059
1 0.5433006535947712 0.5954350490196079 0.03104575163398693 0.023590686274509803
0 0.6478758169934641 0.711703431372549 0.02696078431372549 0.0196078431372549
1 0.6066176470588235 0.6346507352941176 0.03022875816993464 0.023590686274509803
1 0.4099264705882353 0.25275735294117646 0.026552287581699346 0.02144607843137255
1 0.45427491830065364 0.48996629901960786 0.022111928104575164 0.017922794117647058
0 0.8012663398692811 0.8327205882352942 0.03145424836601307 0.02144607843137255
1 0.4571078431372549 0.27496936274509803 0.027777777777777776 0.021752450980392156
1 0.7236519607843137 0.3125 0.02246732026143791 0.017769607843137254
0 0.45751633986928103 0.8751531862745098 0.028594771241830064 0.02297794117647059
1 0.8322201797385621 0.4625459558823529 0.023917483660130717 0.014552696078431373
1 0.6680187908496732 0.6695971200980392 0.029665032679738565 0.02240502450980392