0 0.8780637254901961 0.3556985294117647 0.01838235294117647 0.016544117647058824
0 0.6787173202614379 0.359375 0.01838235294117647 0.011642156862745098
0 0.8470179738562091 0.3630514705882353 0.02165032679738562 0.016544117647058824
0 0.3368055555555556 0.3697916666666667 0.02246732026143791 0.012867647058823529
0 0.7722630718954249 0.3737745098039216 0.02246732026143791 0.014705882352941176
0 0.5929330065359477 0.37653186274509803 0.01838235294117647 0.014093137254901961
0 0.8682598039215687 0.37714460784313725 0.023284313725490197 0.017769607843137254
0 0.9274918300653595 0.37714460784313725 0.024101307189542485 0.014093137254901961
0 0.5594362745098039 0.37806372549019607 0.026552287581699346 0.01838235294117647
0 0.5896650326797386 0.39215686274509803 0.023284313725490197 0.01838235294117647
0 0.769812091503268 0.39215686274509803 0.01919934640522876 0.014705882352941176
0 0.8707107843137255 0.4096200980392157 0.026552287581699346 0.014705882352941176
0 0.11090686274509803 0.4427083333333333 0.0428921568627451 0.028799019607843136
0 0.5406454248366013 0.44393382352941174 0.04125816993464052 0.03002450980392157
0 0.9838643790849673 0.453125 0.03227124183006536 0.025122549019607844
0 0.5202205882352942 0.4831495098039216 0.044526143790849675 0.032475490196078434
0 0.14522058823529413 0.49111519607843135 0.0363562091503268 0.02267156862745098
0 0.5353349673202614 0.5067401960784313 0.05024509803921569 0.03431372549019608
0 0.05821078431372549 0.5137867647058824 0.04370915032679738 0.025122549019607844
1 0.3686683006535948 0.06464460784313726 0.053513071895424834 0.0508578431372549
1 0.29105392156862747 0.0822610294117647 0.054330065359477125 0.046875
1 0.6885212418300654 0.16314338235294118 0.015931372549019607 0.010723039215686275
1 0.37479575163398693 0.18045343137254902 0.04616013071895425 0.04534313725490196
1 0.49142156862745096 0.18489583333333334 0.042483660130718956 0.04013480392156863
1 0.34191176470588236 0.19638480392156862 0.04738562091503268 0.03615196078431373
1 0.5976307189542484 0.24448529411764705 0.013888888888888888 0.011029411764705883
1 0.8251633986928104 0.3059129901960784 0.03104575163398693 0.022365196078431373
1 0.688249591503268 0.12636182598039217 0.012120098039215687 0.008851102941176471
1 0.6977798202614379 0.1238419117647059 0.01238970588235294 0.010551470588235294
1 0.6233966503267974 0.2240609681372549 0.01395016339869281 0.008170955882352941