1 0.003676470588235294 0.3092830882352941 0.007352941176470588 0.015012254901960785
1 0.7526552287581699 0.31847426470588236 0.010212418300653595 0.007659313725490196
1 0.664828431372549 0.3193933823529412 0.017565359477124183 0.013174019607843137
1 0.6844362745098039 0.3268995098039216 0.020016339869281044 0.011642156862745098
1 0.005718954248366013 0.3278186274509804 0.011437908496732025 0.00980392156862745
1 0.6666666666666666 0.33118872549019607 0.02042483660130719 0.016544117647058824
1 0.05249183006535948 0.36014093137254904 0.02165032679738562 0.013174019607843137
1 0.01940359477124183 0.3627450980392157 0.013480392156862746 0.011029411764705883
1 0.1503267973856209 0.3802083333333333 0.024509803921568627 0.014705882352941176
1 0.18504901960784315 0.3861825980392157 0.014705882352941176 0.008272058823529412
1 0.1431781045751634 0.3952205882352941 0.024918300653594773 0.016544117647058824
1 0.07802287581699346 0.4033394607843137 0.022058823529411766 0.015012254901960785
1 0.16401143790849673 0.4068627450980392 0.016748366013071895 0.014093137254901961
1 0.9636437908496732 0.4071691176470588 0.02042483660130719 0.015931372549019607
1 0.19914215686274508 0.4209558823529412 0.014297385620915032 0.009191176470588236
1 0.9242238562091504 0.42264093137254904 0.026552287581699346 0.013786764705882353
1 0.10804738562091504 0.43183210784313725 0.00857843137254902 0.0070465686274509805
1 0.21609477124183007 0.44638480392156865 0.017973856209150325 0.015318627450980392
1 0.2806372549019608 0.45128676470588236 0.017973856209150325 0.011642156862745098
1 0.09191176470588236 0.4540441176470588 0.022058823529411766 0.013480392156862746
1 0.20465686274509803 0.45618872549019607 0.016339869281045753 0.014093137254901961
1 0.9360702614379085 0.46047794117647056 0.020833333333333332 0.012867647058823529
1 0.07005718954248366 0.4638480392156863 0.024101307189542485 0.01715686274509804
1 0.07312091503267974 0.4880514705882353 0.021241830065359478 0.013480392156862746
1 0.6486928104575164 0.49954044117647056 0.014705882352941176 0.012561274509803922
1 0.09620098039215687 0.49954044117647056 0.014297385620915032 0.013786764705882353
1 0.05371732026143791 0.5234375 0.020016339869281044 0.01011029411764706
1 0.4223856209150327 0.5237438725490197 0.021241830065359478 0.013786764705882353
1 0.04616013071895425 0.5341605392156863 0.028594771241830064 0.015012254901960785
1 0.6323529411764706 0.5431985294117647 0.014705882352941176 0.011642156862745098
1 0.09701797385620915 0.5548406862745098 0.024918300653594773 0.016544117647058824
1 0.21854575163398693 0.5595894607843137 0.02369281045751634 0.018075980392156864
1 0.2267156862745098 0.5810355392156863 0.022058823529411766 0.013174019607843137
1 0.024918300653594773 0.5813419117647058 0.021241830065359478 0.016237745098039217
1 0.02246732026143791 0.5971200980392157 0.02042483660130719 0.014705882352941176
1 0.9223856209150327 0.6178002450980392 0.018790849673202614 0.012561274509803922
1 0.31699346405228757 0.6237745098039216 0.021241830065359478 0.014705882352941176
1 0.28431372549019607 0.6305147058823529 0.02369281045751634 0.015318627450980392
1 0.22446895424836602 0.6317401960784313 0.0298202614379085 0.020833333333333332
1 0.042279411764705885 0.6321997549019608 0.01919934640522876 0.015625
1 0.022263071895424837 0.6331188725490197 0.01838235294117647 0.013174019607843137
1 0.9522058823529411 0.6427696078431373 0.022058823529411766 0.015318627450980392
0 0.1701388888888889 0.6435355392156863 0.009395424836601307 0.005208333333333333
1 0.01838235294117647 0.6507352941176471 0.02287581699346405 0.016544117647058824
1 0.04758986928104575 0.6519607843137255 0.01919934640522876 0.015931372549019607
1 0.06801470588235294 0.6588541666666666 0.028186274509803922 0.01991421568627451
1 0.00428921568627451 0.6712622549019608 0.00857843137254902 0.02022058823529412
1 0.17790032679738563 0.6890318627450981 0.02165032679738562 0.014093137254901961
1 0.6474673202614379 0.6962316176470589 0.028594771241830064 0.018688725490196078
1 0.05759803921568627 0.6996017156862745 0.025326797385620915 0.01991421568627451
1 0.5357434640522876 0.7041973039215687 0.023284313725490197 0.016237745098039217
1 0.3533496732026144 0.7080269607843137 0.01715686274509804 0.015318627450980392
1 0.3756127450980392 0.7294730392156863 0.024918300653594773 0.015318627450980392
1 0.31413398692810457 0.7440257352941176 0.02369281045751634 0.017463235294117647
0 0.20465686274509803 0.7993259803921569 0.025326797385620915 0.01715686274509804
0 0.25755718954248363 0.8077512254901961 0.023284313725490197 0.016237745098039217
0 0.5631127450980392 0.8455882352941176 0.01511437908496732 0.011029411764705883
0 0.6605392156862745 0.8857230392156863 0.026143790849673203 0.014093137254901961
0 0.6940359477124183 0.8880208333333334 0.02696078431372549 0.01685049019607843
0 0.09558823529411764 0.9188112745098039 0.017973856209150325 0.012254901960784314
0 0.15645424836601307 0.9598651960784313 0.031862745098039214 0.022058823529411766
1 0.004493464052287581 0.2935049019607843 0.008986928104575163 0.011029411764705883
1 0.19645833333333335 0.6041666666666666 0.028537581699346407 0.01838235294117647