1 0.8676470588235294 0.30683210784313725 0.03104575163398693 0.022365196078431373
1 0.7258986928104575 0.34191176470588236 0.0196078431372549 0.01715686274509804
1 0.7796160130718954 0.36151960784313725 0.01511437908496732 0.02144607843137255
1 0.7640931372549019 0.3625919117647059 0.024101307189542485 0.017463235294117647
1 0.7169117647058824 0.36734068627450983 0.02042483660130719 0.014705882352941176
1 0.3684640522875817 0.39644607843137253 0.01715686274509804 0.014093137254901961
1 0.7220179738562091 0.4134497549019608 0.020016339869281044 0.016237745098039217
1 0.8200571895424836 0.41513480392156865 0.025735294117647058 0.015931372549019607
1 0.08129084967320262 0.4257046568627451 0.017973856209150325 0.011948529411764705
1 0.9944852941176471 0.44669117647058826 0.011029411764705883 0.016544117647058824
1 0.8231209150326797 0.47411151960784315 0.02369281045751634 0.014399509803921568
1 0.38500816993464054 0.4799325980392157 0.020016339869281044 0.013174019607843137
1 0.7922794117647058 0.4883578431372549 0.016748366013071895 0.00980392156862745
1 0.764297385620915 0.4928002450980392 0.021241830065359478 0.013174019607843137
1 0.09538398692810457 0.4966299019607843 0.023284313725490197 0.016544117647058824
1 0.4918300653594771 0.5033700980392157 0.016339869281045753 0.012254901960784314
1 0.7373366013071896 0.5087316176470589 0.02042483660130719 0.017463235294117647
1 0.024509803921568627 0.5088848039215687 0.017973856209150325 0.014705882352941176
1 0.6723856209150327 0.5395220588235294 0.021241830065359478 0.014705882352941176
1 0.6877042483660131 0.5441176470588235 0.01838235294117647 0.011642156862745098
1 0.9409722222222222 0.5444240196078431 0.028186274509803922 0.01715686274509804
1 0.0763888888888889 0.5565257352941176 0.0196078431372549 0.013786764705882353
1 0.6866830065359477 0.5652573529411765 0.02369281045751634 0.015318627450980392
1 0.2747140522875817 0.5652573529411765 0.020016339869281044 0.013480392156862746
1 0.0900735294117647 0.5693933823529411 0.024101307189542485 0.011948529411764705
1 0.9589460784313726 0.5693933823529411 0.024101307189542485 0.015012254901960785
1 0.9812091503267973 0.5724571078431373 0.026143790849673203 0.018688725490196078
1 0.0363562091503268 0.5779718137254902 0.025326797385620915 0.016237745098039217
1 0.09579248366013073 0.5821078431372549 0.024101307189542485 0.014093137254901961
0 0.40951797385620914 0.5911458333333334 0.010212418300653595 0.005821078431372549
0 0.547998366013072 0.5972732843137255 0.009395424836601307 0.005208333333333333
0 0.42606209150326796 0.5974264705882353 0.013071895424836602 0.004901960784313725
0 0.5949754901960784 0.5998774509803921 0.014297385620915032 0.007352941176470588
0 0.05718954248366013 0.6015625 0.021241830065359478 0.01133578431372549
0 0.4097222222222222 0.6038602941176471 0.013071895424836602 0.006127450980392157
0 0.07352941176470588 0.6046262254901961 0.014705882352941176 0.01133578431372549
0 0.7712418300653595 0.6050857843137255 0.016339869281045753 0.014093137254901961
0 0.548202614379085 0.6061580882352942 0.010620915032679739 0.005821078431372549
0 0.3939950980392157 0.6073835784313726 0.014297385620915032 0.008884803921568627
0 0.377859477124183 0.6076899509803921 0.010620915032679739 0.005821078431372549
0 0.32250816993464054 0.6107536764705882 0.009395424836601307 0.005821078431372549
0 0.610702614379085 0.6110600490196079 0.013071895424836602 0.005821078431372549
0 0.5512663398692811 0.6136642156862745 0.01184640522875817 0.0055147058823529415
0 0.16687091503267973 0.6138174019607843 0.015931372549019607 0.009497549019607842
0 0.6546160130718954 0.6162683823529411 0.011029411764705883 0.004595588235294118
0 0.4007352941176471 0.6162683823529411 0.012254901960784314 0.006433823529411764
1 0.9136029411764706 0.6171875 0.030637254901960783 0.020526960784313725
0 0.38929738562091504 0.6171875 0.012254901960784314 0.009497549019607842
0 0.5671977124183006 0.6197916666666666 0.012663398692810458 0.0055147058823529415
0 0.19076797385620914 0.6208639705882353 0.01715686274509804 0.009497549019607842
0 0.36764705882352944 0.6223958333333334 0.012254901960784314 0.005821078431372549
0 0.43790849673202614 0.6256127450980392 0.010620915032679739 0.006127450980392157
0 0.670751633986928 0.6259191176470589 0.013071895424836602 0.007352941176470588
0 0.4738562091503268 0.6260723039215687 0.012254901960784314 0.0070465686274509805
0 0.6497140522875817 0.6268382352941176 0.010212418300653595 0.0055147058823529415
0 0.34354575163398693 0.6380208333333334 0.00980392156862745 0.006433823529411764
0 0.7536764705882353 0.6395526960784313 0.01715686274509804 0.010723039215686275
0 0.0923202614379085 0.6449142156862745 0.018790849673202614 0.015931372549019607
0 0.6695261437908496 0.6478247549019608 0.014705882352941176 0.007659313725490196
0 0.5594362745098039 0.6556372549019608 0.01511437908496732 0.009191176470588236
0 0.41360294117647056 0.6573223039215687 0.012663398692810458 0.0070465686274509805
0 0.24959150326797386 0.6600796568627451 0.015522875816993464 0.011948529411764705
0 0.7455065359477124 0.6602328431372549 0.013888888888888888 0.00857843137254902
0 0.3539624183006536 0.6619178921568627 0.01838235294117647 0.010723039215686275
0 0.5900735294117647 0.6637561274509803 0.01511437908496732 0.009497549019607842
0 0.32230392156862747 0.6662071078431373 0.014705882352941176 0.009497549019607842
0 0.30126633986928103 0.6674325980392157 0.016748366013071895 0.0070465686274509805
0 0.5714869281045751 0.671875 0.012254901960784314 0.007965686274509803
0 0.6237745098039216 0.6735600490196079 0.01715686274509804 0.008884803921568627
0 0.21548202614379086 0.6741727941176471 0.014297385620915032 0.006433823529411764
0 0.5625 0.6767769607843137 0.015522875816993464 0.007352941176470588
0 0.3492647058823529 0.6822916666666666 0.02042483660130719 0.00980392156862745
0 0.1568627450980392 0.6861213235294118 0.021241830065359478 0.008884803921568627
0 0.11499183006535947 0.6881127450980392 0.016748366013071895 0.007352941176470588
0 0.1999591503267974 0.6890318627450981 0.015931372549019607 0.009191176470588236
0 0.6540032679738562 0.6894914215686274 0.017973856209150325 0.010723039215686275
0 0.029411764705882353 0.6916360294117647 0.016339869281045753 0.008884803921568627
0 0.3286356209150327 0.6916360294117647 0.017565359477124183 0.01011029411764706
0 0.3459967320261438 0.6936274509803921 0.0196078431372549 0.011029411764705883
0 0.21609477124183007 0.6968443627450981 0.013071895424836602 0.007659313725490196
0 0.33394607843137253 0.7000612745098039 0.016748366013071895 0.011029411764705883
0 0.08190359477124183 0.7040441176470589 0.020833333333333332 0.00980392156862745
0 0.032883986928104576 0.7121629901960784 0.020833333333333332 0.01133578431372549
0 0.3723447712418301 0.7135416666666666 0.017565359477124183 0.009191176470588236
0 0.5859885620915033 0.7189031862745098 0.01919934640522876 0.013786764705882353
0 0.15931372549019607 0.7244178921568627 0.013071895424836602 0.009497549019607842
0 0.5700571895424836 0.7305453431372549 0.02246732026143791 0.01133578431372549
0 0.4338235294117647 0.7323835784313726 0.022058823529411766 0.019301470588235295
0 0.36703431372549017 0.7489276960784313 0.023284313725490197 0.014399509803921568
0 0.43137254901960786 0.7611825980392157 0.02287581699346405 0.012561274509803922
0 0.3519199346405229 0.7616421568627451 0.02165032679738562 0.012254901960784314
0 0.48590686274509803 0.7830882352941176 0.02165032679738562 0.011029411764705883
1 0.8815359477124183 0.26761642156862747 0.03594771241830065 0.02297794117647059
1 0.6979166666666666 0.2935049019607843 0.02165032679738562 0.014705882352941176