1 0.2261029411764706 0.31449142156862747 0.015931372549019607 0.013786764705882353
1 0.23835784313725492 0.3166360294117647 0.017565359477124183 0.010723039215686275
1 0.30657679738562094 0.31924019607843135 0.023284313725490197 0.01838235294117647
1 0.34048202614379086 0.32230392156862747 0.01919934640522876 0.014705882352941176
1 0.04656862745098039 0.3229166666666667 0.0196078431372549 0.013480392156862746
1 0.013684640522875817 0.32797181372549017 0.011029411764705883 0.010723039215686275
1 0.06556372549019608 0.3330269607843137 0.01511437908496732 0.00980392156862745
1 0.23080065359477125 0.3330269607843137 0.02287581699346405 0.013480392156862746
1 0.3515114379084967 0.3400735294117647 0.02246732026143791 0.016544117647058824
1 0.11131535947712418 0.35324754901960786 0.015931372549019607 0.012254901960784314
1 0.41482843137254904 0.3570772058823529 0.02165032679738562 0.014399509803921568
1 0.042483660130718956 0.35860906862745096 0.018790849673202614 0.012561274509803922
1 0.2881944444444444 0.3684129901960784 0.023284313725490197 0.014399509803921568
1 0.07230392156862746 0.36856617647058826 0.013888888888888888 0.011642156862745098
1 0.3897058823529412 0.3716299019607843 0.017973856209150325 0.014093137254901961
1 0.4042075163398693 0.3783700980392157 0.01919934640522876 0.011642156862745098
1 0.13766339869281047 0.3821997549019608 0.02042483660130719 0.015012254901960785
1 0.29758986928104575 0.3837316176470588 0.020833333333333332 0.014399509803921568
1 0.3999183006535948 0.3871017156862745 0.02369281045751634 0.015012254901960785
1 0.377859477124183 0.3918504901960784 0.017973856209150325 0.013480392156862746
1 0.08843954248366014 0.39368872549019607 0.01919934640522876 0.012254901960784314
1 0.39072712418300654 0.40058210784313725 0.020833333333333332 0.01133578431372549
1 0.4303513071895425 0.4013480392156863 0.02165032679738562 0.015931372549019607
1 0.23631535947712418 0.4019607843137255 0.020833333333333332 0.014705882352941176
1 0.0247140522875817 0.40487132352941174 0.017565359477124183 0.013174019607843137
1 0.33394607843137253 0.41590073529411764 0.020016339869281044 0.013786764705882353
1 0.2542892156862745 0.4169730392156863 0.023284313725490197 0.015318627450980392
1 0.06454248366013073 0.4221813725490196 0.016339869281045753 0.012867647058823529
1 0.4756944444444444 0.42325367647058826 0.01919934640522876 0.01133578431372549
1 0.803921568627451 0.4264705882352941 0.01715686274509804 0.011029411764705883
1 0.34477124183006536 0.4293811274509804 0.024509803921568627 0.013786764705882353
1 0.08374183006535947 0.4309129901960784 0.018790849673202614 0.010723039215686275
1 0.5437091503267973 0.43167892156862747 0.0196078431372549 0.011642156862745098
1 0.23080065359477125 0.4414828431372549 0.021241830065359478 0.012254901960784314
1 0.08374183006535947 0.44255514705882354 0.018790849673202614 0.01133578431372549
1 0.29391339869281047 0.45159313725490197 0.020833333333333332 0.012867647058823529
1 0.414624183006536 0.45205269607843135 0.022058823529411766 0.014399509803921568
1 0.6695261437908496 0.45588235294117646 0.0196078431372549 0.012254901960784314
1 0.007761437908496732 0.4586397058823529 0.015522875816993464 0.014705882352941176
1 0.45751633986928103 0.45894607843137253 0.021241830065359478 0.014705882352941176
1 0.09334150326797386 0.45925245098039214 0.015931372549019607 0.011029411764705883
1 0.12969771241830066 0.46875 0.016748366013071895 0.012867647058823529
1 0.44281045751633985 0.4696691176470588 0.017973856209150325 0.012254901960784314
1 0.4415849673202614 0.47012867647058826 0.0196078431372549 0.016237745098039217
1 0.05228758169934641 0.4768688725490196 0.02042483660130719 0.013786764705882353
1 0.07128267973856209 0.47931985294117646 0.01838235294117647 0.01133578431372549
1 0.38031045751633985 0.4806985294117647 0.0196078431372549 0.015318627450980392
1 0.7902369281045751 0.4888174019607843 0.020833333333333332 0.013786764705882353
1 0.4074754901960784 0.49417892156862747 0.016748366013071895 0.015318627450980392
1 0.15604575163398693 0.5 0.017973856209150325 0.012867647058823529
1 0.8374183006535948 0.5019914215686274 0.0196078431372549 0.013174019607843137
1 0.06576797385620915 0.5059742647058824 0.013888888888888888 0.010723039215686275
1 0.5819035947712419 0.5122549019607843 0.01511437908496732 0.013480392156862746
1 0.2749183006535948 0.5130208333333334 0.021241830065359478 0.015012254901960785
1 0.07741013071895425 0.5140931372549019 0.01919934640522876 0.013480392156862746
1 0.6584967320261438 0.5347732843137255 0.022058823529411766 0.01685049019607843
1 0.35580065359477125 0.5347732843137255 0.022058823529411766 0.01685049019607843
1 0.32802287581699346 0.5355392156862745 0.017973856209150325 0.013480392156862746
1 0.6090686274509803 0.5396752450980392 0.02042483660130719 0.014399509803921568
1 0.023080065359477125 0.5551470588235294 0.01838235294117647 0.011642156862745098
1 0.8343545751633987 0.5595894607843137 0.01919934640522876 0.013786764705882353
1 0.9146241830065359 0.5618872549019608 0.01715686274509804 0.012867647058823529
1 0.6670751633986928 0.5634191176470589 0.022058823529411766 0.014093137254901961
1 0.7843137254901961 0.5658700980392157 0.022058823529411766 0.01715686274509804
1 0.2943218954248366 0.578890931372549 0.02165032679738562 0.013786764705882353
1 0.9064542483660131 0.5810355392156863 0.018790849673202614 0.01133578431372549
1 0.8390522875816994 0.5860906862745098 0.02042483660130719 0.015318627450980392
0 0.05943627450980392 0.5868566176470589 0.012663398692810458 0.007659313725490196
1 0.28737745098039214 0.5903799019607843 0.020016339869281044 0.012254901960784314
1 0.8288398692810458 0.5917585784313726 0.0196078431372549 0.013786764705882353
1 0.4452614379084967 0.5922181372549019 0.02287581699346405 0.01715686274509804
1 0.5322712418300654 0.5951286764705882 0.02042483660130719 0.016237745098039217
0 0.13112745098039216 0.5971200980392157 0.015522875816993464 0.007352941176470588
0 0.7914624183006536 0.5991115196078431 0.017565359477124183 0.007659313725490196
0 0.1527777777777778 0.6001838235294118 0.012254901960784314 0.007352941176470588
0 0.29391339869281047 0.6004901960784313 0.013480392156862746 0.007965686274509803
0 0.4207516339869281 0.6021752450980392 0.013071895424836602 0.007659313725490196
0 0.7706290849673203 0.6040134803921569 0.015931372549019607 0.0070465686274509805
0 0.3525326797385621 0.6043198529411765 0.011437908496732025 0.008272058823529412
1 0.8543709150326797 0.6050857843137255 0.017565359477124183 0.012254901960784314
0 0.7328431372549019 0.6078431372549019 0.012254901960784314 0.009191176470588236
0 0.27001633986928103 0.6087622549019608 0.014705882352941176 0.006127450980392157
0 0.33455882352941174 0.6113664215686274 0.013888888888888888 0.007659313725490196
0 0.04146241830065359 0.6116727941176471 0.015931372549019607 0.008884803921568627
0 0.46078431372549017 0.6128982843137255 0.013071895424836602 0.008884803921568627
0 0.6997549019607843 0.6136642156862745 0.011437908496732025 0.007965686274509803
1 0.7583741830065359 0.6147365196078431 0.02165032679738562 0.015625
0 0.2790032679738562 0.6151960784313726 0.013071895424836602 0.007965686274509803
0 0.42034313725490197 0.6162683823529411 0.016339869281045753 0.008272058823529412
0 0.32822712418300654 0.6168811274509803 0.012663398692810458 0.01011029411764706
0 0.11662581699346405 0.6173406862745098 0.017565359477124183 0.00857843137254902
0 0.2565359477124183 0.6181066176470589 0.018790849673202614 0.010723039215686275
0 0.3776552287581699 0.6181066176470589 0.015931372549019607 0.008884803921568627
0 0.403390522875817 0.6185661764705882 0.012663398692810458 0.006740196078431373
1 0.511437908496732 0.6210171568627451 0.022058823529411766 0.014705882352941176
0 0.1119281045751634 0.624234068627451 0.015522875816993464 0.01011029411764706
0 0.07822712418300654 0.6274509803921569 0.013480392156862746 0.00857843137254902
0 0.42544934640522875 0.6279105392156863 0.013480392156862746 0.01011029411764706
0 0.41217320261437906 0.6280637254901961 0.013071895424836602 0.007965686274509803
0 0.053513071895424834 0.6291360294117647 0.017973856209150325 0.01133578431372549
1 0.23529411764705882 0.6295955882352942 0.022058823529411766 0.015318627450980392
0 0.7267156862745098 0.6326593137254902 0.012254901960784314 0.011029411764705883
0 0.41013071895424835 0.633578431372549 0.011437908496732025 0.00857843137254902
0 0.3553921568627451 0.6361825980392157 0.013071895424836602 0.007659313725490196
0 0.4693627450980392 0.6381740196078431 0.013888888888888888 0.011029411764705883
0 0.7379493464052288 0.6383272058823529 0.02246732026143791 0.01133578431372549
0 0.27205882352941174 0.6389399509803921 0.013888888888888888 0.008272058823529412
0 0.3821486928104575 0.6404718137254902 0.012663398692810458 0.007659313725490196
0 0.28431372549019607 0.6577818627450981 0.01715686274509804 0.012867647058823529
0 0.004493464052287581 0.6622242647058824 0.008986928104575163 0.011948529411764705
0 0.24305555555555555 0.6640625 0.01715686274509804 0.009497549019607842
0 0.18443627450980393 0.6666666666666666 0.015931372549019607 0.00980392156862745
0 0.0428921568627451 0.6678921568627451 0.01715686274509804 0.012867647058823529
0 0.024101307189542485 0.6715686274509803 0.017973856209150325 0.011642156862745098
0 0.36580882352941174 0.6806066176470589 0.013480392156862746 0.009497549019607842
0 0.7448937908496732 0.6887254901960784 0.01838235294117647 0.013480392156862746
0 0.6182598039215687 0.7028186274509803 0.016748366013071895 0.00980392156862745
0 0.3445669934640523 0.7028186274509803 0.015931372549019607 0.010416666666666666
0 0.021241830065359478 0.7092524509803921 0.022058823529411766 0.012867647058823529
0 0.1147875816993464 0.7155330882352942 0.018790849673202614 0.012561274509803922
0 0.5267565359477124 0.7205882352941176 0.01838235294117647 0.014093137254901961
0 0.00857843137254902 0.7314644607843137 0.01715686274509804 0.013174019607843137
0 0.025531045751633986 0.7357536764705882 0.020016339869281044 0.010723039215686275
0 0.23815359477124182 0.741421568627451 0.015522875816993464 0.009191176470588236
0 0.018586601307189542 0.7450980392156863 0.01919934640522876 0.011029411764705883
0 0.16013071895424835 0.7455575980392157 0.017973856209150325 0.01133578431372549
0 0.13194444444444445 0.7457107843137255 0.0196078431372549 0.011029411764705883
0 0.07230392156862746 0.7464767156862745 0.015522875816993464 0.01011029411764706
0 0.06842320261437909 0.7533700980392157 0.015931372549019607 0.011029411764705883
0 0.610702614379085 0.7550551470588235 0.0196078431372549 0.010723039215686275
0 0.9381127450980392 0.765625 0.026552287581699346 0.01715686274509804
0 0.758578431372549 0.7711397058823529 0.022058823529411766 0.011642156862745098
0 0.11642156862745098 0.7774203431372549 0.017973856209150325 0.01011029411764706
1 0.19464869281045752 0.28400735294117646 0.015931372549019607 0.011642156862745098
1 0.09436274509803921 0.29534313725490197 0.017973856209150325 0.010416666666666666
1 0.15134803921568626 0.29932598039215685 0.016748366013071895 0.011642156862745098
1 0.06229575163398693 0.3013174019607843 0.017565359477124183 0.012561274509803922
1 0.5731372549019608 0.6102941176470589 0.014738562091503267 0.012254901960784314
0 0.4474897875816993 0.6200796568627451 0.010175653594771242 0.0067034313725490196
1 0.8691544117647059 0.5863970588235294 0.02017156862745098 0.015931372549019607