1 0.15359477124183007 0.5997242647058824 0.02369281045751634 0.016237745098039217
0 0.09477124183006536 0.6462928921568627 0.022058823529411766 0.015012254901960785
0 0.8468137254901961 0.6289828431372549 0.02369281045751634 0.011642156862745098
1 0.015727124183006536 0.7011335784313726 0.030637254901960783 0.03216911764705882
0 0.09191176470588236 0.7086397058823529 0.02369281045751634 0.016544117647058824
1 0.514297385620915 0.4977022058823529 0.03022875816993464 0.022365196078431373
1 0.20748774509803922 0.4694286151960784 0.024452614379084966 0.0185140931372549
1 0.17792892156862744 0.38513174019607843 0.02252450980392157 0.016587009803921568
0 0.8511029411764706 0.6208639705882353 0.026552287581699346 0.013786764705882353
1 0.22478962418300652 0.46616727941176467 0.025559640522875817 0.018731617647058822
1 0.1582924836601307 0.36734068627450983 0.026552287581699346 0.0196078431372549
1 0.12018586601307191 0.5893520220588235 0.02877042483660131 0.020615808823529414
1 0.17483660130718953 0.6038602941176471 0.026143790849673203 0.018995098039215685
1 0.19812091503267973 0.38909313725490197 0.027777777777777776 0.017769607843137254
1 0.16462418300653595 0.34420955882352944 0.03104575163398693 0.01991421568627451
0 0.733047385620915 0.6291360294117647 0.03308823529411765 0.023590686274509803
1 0.26572712418300654 0.4802389705882353 0.02900326797385621 0.021139705882352942
1 0.5599959150326796 0.4864859068627451 0.028488562091503265 0.02076593137254902
1 0.20247549019607844 0.48956188725490196 0.0209640522875817 0.014662990196078432