1 0.8000408496732027 0.10631127450980392 0.03308823529411765 0.022058823529411766
0 0.006944444444444444 0.47931985294117646 0.012254901960784314 0.011948529411764705
0 0.18326797385620913 0.4518995098039216 0.011143790849673202 0.007965686274509803
1 0.6785130718954249 0.19393382352941177 0.021241830065359478 0.016544117647058824
1 0.9938725490196079 0.27450980392156865 0.012254901960784314 0.02267156862745098
1 0.5153186274509803 0.0744485294117647 0.025735294117647058 0.01838235294117647
0 0.9046160130718954 0.5422794117647058 0.01919934640522876 0.012867647058823529
0 0.15522875816993464 0.4371936274509804 0.013888888888888888 0.009191176470588236
1 0.5919117647058824 0.3318014705882353 0.021241830065359478 0.015931372549019607
1 0.8288398692810458 0.16651348039215685 0.03594771241830065 0.02420343137254902
1 0.1781045751633987 0.3659620098039216 0.018790849673202614 0.011948529411764705
0 0.6258169934640523 0.46920955882352944 0.017973856209150325 0.011948529411764705
1 0.9609885620915033 0.055300245098039214 0.020833333333333332 0.015012254901960785
1 0.2099673202614379 0.15150122549019607 0.03349673202614379 0.019301470588235295
1 0.9899918300653595 0.1636029411764706 0.01838235294117647 0.0196078431372549
0 0.3167892156862745 0.7624080882352942 0.03880718954248366 0.023590686274509803
0 0.11907679738562091 0.43213848039215685 0.014297385620915032 0.008884803921568627
1 0.6570669934640523 0.46629901960784315 0.020833333333333332 0.015318627450980392
1 0.1517565359477124 0.0661764705882353 0.023284313725490197 0.01838235294117647
0 0.5949754901960784 0.4831495098039216 0.016748366013071895 0.010416666666666666
1 0.14726307189542484 0.22150735294117646 0.024101307189542485 0.01838235294117647
1 0.09129901960784313 0.20649509803921567 0.024101307189542485 0.018995098039215685
0 0.10232843137254902 0.4336703431372549 0.014297385620915032 0.009497549019607842
1 0.4709967320261438 0.01485906862745098 0.024509803921568627 0.021139705882352942
1 0.1503267973856209 0.3705575980392157 0.01715686274509804 0.012561274509803922
0 0.11499183006535947 0.4417892156862745 0.01511437908496732 0.00980392156862745
0 0.19587418300653595 0.4491421568627451 0.014297385620915032 0.00857843137254902
1 0.38480392156862747 0.2924325980392157 0.027777777777777776 0.019301470588235295
0 0.10723039215686274 0.4727328431372549 0.013480392156862746 0.009191176470588236
1 0.046772875816993464 0.17371323529411764 0.0298202614379085 0.02022058823529412
0 0.33986928104575165 0.4800857843137255 0.013888888888888888 0.009191176470588236
0 0.15543300653594772 0.4476102941176471 0.01511437908496732 0.00980392156862745
1 0.028390522875816993 0.19883578431372548 0.02900326797385621 0.01838235294117647
0 0.184640522875817 0.4582352941176471 0.014705882352941176 0.010220588235294117
0 0.012050653594771242 0.5859375 0.01838235294117647 0.014399509803921568
0 0.05249183006535948 0.5121017156862745 0.01919934640522876 0.013174019607843137
1 0.19750816993464052 0.3955269607843137 0.017565359477124183 0.012254901960784314
1 0.9667075163398693 0.37745098039215685 0.027369281045751634 0.01838235294117647
0 0.7607516339869281 0.4630269607843137 0.014967320261437909 0.0075490196078431375
0 0.12111928104575163 0.46629901960784315 0.013480392156862746 0.00980392156862745
1 0.795547385620915 0.14139093137254902 0.03880718954248366 0.02849264705882353
0 0.04738562091503268 0.49816176470588236 0.017973856209150325 0.011642156862745098
1 0.41421568627450983 0.01715686274509804 0.03022875816993464 0.02022058823529412
0 0.27185457516339867 0.49034926470588236 0.020016339869281044 0.013786764705882353
1 0.9699754901960784 0.2693014705882353 0.026552287581699346 0.02022058823529412
0 0.20510212418300652 0.43326593137254904 0.011511437908496732 0.008688725490196078
0 0.28594771241830064 0.5442708333333334 0.018790849673202614 0.013174019607843137
1 0.23488562091503268 0.08348651960784313 0.026143790849673203 0.021139705882352942
1 0.1983251633986928 0.3743872549019608 0.020833333333333332 0.014705882352941176
1 0.465890522875817 0.16498161764705882 0.03145424836601307 0.023590686274509803
0 0.07312091503267974 0.4664522058823529 0.018790849673202614 0.010723039215686275
1 0.795751633986928 0.21875 0.0196078431372549 0.015931372549019607
1 0.08700980392156862 0.34206495098039214 0.024509803921568627 0.016237745098039217
1 0.7410130718954249 0.43887867647058826 0.02042483660130719 0.014399509803921568
1 0.8415032679738562 0.22349877450980393 0.03022875816993464 0.024816176470588234
1 0.9099264705882353 0.35355392156862747 0.024918300653594773 0.017769607843137254
1 0.1482843137254902 0.24724264705882354 0.026143790849673203 0.018995098039215685
1 0.6145833333333334 0.1403186274509804 0.030637254901960783 0.023284313725490197
1 0.046977124183006536 0.4024203431372549 0.02042483660130719 0.013786764705882353
0 0.2555147058823529 0.5116421568627451 0.020016339869281044 0.013480392156862746
0 0.258374183006536 0.5464154411764706 0.01919934640522876 0.013174019607843137
1 0.5620915032679739 0.4036458333333333 0.02369281045751634 0.018075980392156864
1 0.8125 0.2109375 0.022058823529411766 0.01685049019607843
1 0.6762663398692811 0.15502450980392157 0.03390522875816993 0.02389705882352941
1 0.31862745098039214 0.04779411764705882 0.03839869281045752 0.029411764705882353
1 0.5222630718954249 0.09482230392156862 0.03145424836601307 0.021139705882352942
1 0.3729575163398693 0.4486825980392157 0.022058823529411766 0.014399509803921568
1 0.06147875816993464 0.3681066176470588 0.02246732026143791 0.01685049019607843
1 0.01491013071895425 0.26761642156862747 0.0298202614379085 0.026041666666666668
1 0.5220588235294118 0.3431372549019608 0.025326797385620915 0.02022058823529412
1 0.8457924836601307 0.15134803921568626 0.034722222222222224 0.023284313725490197
1 0.9244281045751634 0.42172181372549017 0.025326797385620915 0.017463235294117647
0 0.2555147058823529 0.563265931372549 0.020833333333333332 0.014399509803921568
1 0.9767156862745098 0.20006127450980393 0.03022875816993464 0.02267156862745098
1 0.21834150326797386 0.3443627450980392 0.025735294117647058 0.015931372549019607
1 0.21262254901960784 0.1401654411764706 0.034722222222222224 0.021752450980392156
0 0.31495098039215685 0.5814950980392157 0.022058823529411766 0.014705882352941176
1 0.18709150326797386 0.2184436274509804 0.026143790849673203 0.017769607843137254
1 0.8764297385620915 0.17080269607843138 0.03145424836601307 0.02297794117647059
0 0.16748366013071894 0.5767463235294118 0.02287581699346405 0.014399509803921568
0 0.5059232026143791 0.5410539215686274 0.024101307189542485 0.017769607843137254
1 0.8950163398692811 0.41513480392156865 0.024509803921568627 0.01715686274509804
1 0.20118464052287582 0.23223039215686275 0.026552287581699346 0.017769607843137254
1 0.3263888888888889 0.0194546568627451 0.0392156862745098 0.02849264705882353
0 0.34395424836601307 0.5335477941176471 0.02287581699346405 0.015012254901960785
0 0.27798202614379086 0.5935968137254902 0.023284313725490197 0.01685049019607843
0 0.5147058823529411 0.6127450980392157 0.026143790849673203 0.0196078431372549
1 0.7600081699346405 0.11197916666666667 0.03799019607843137 0.03155637254901961
1 0.17279411764705882 0.07230392156862746 0.035130718954248366 0.025735294117647058
0 0.02185457516339869 0.5291053921568627 0.025735294117647058 0.017769607843137254
1 0.4944852941176471 0.15517769607843138 0.03227124183006536 0.023590686274509803
0 0.1482843137254902 0.5545343137254902 0.02369281045751634 0.015931372549019607
1 0.2107843137254902 0.08823529411764706 0.03839869281045752 0.03002450980392157
1 0.2940849673202614 0.3181541053921568 0.028529411764705883 0.018661151960784314
1 0.6409660947712419 0.31091299019607843 0.022945261437908496 0.016433823529411765
1 0.009354575163398693 0.36887254901960786 0.018709150326797385 0.015318627450980392
1 0.12215277777777776 0.2380238970588235 0.019632352941176472 0.0128125
1 0.05055759803921569 0.22833180147058824 0.014513888888888889 0.01058517156862745
1 0.2520077614379085 0.09745404411764706 0.02607434640522876 0.020888480392156863
1 0.34125816993464053 0.18034160539215685 0.02238562091503268 0.017545955882352943
1 0.36175857843137255 0.19997702205882353 0.01681781045751634 0.013924632352941177
0 0.7632455065359477 0.45780484068627453 0.015870098039215685 0.007521446078431373
0 0.11446282679738562 0.4347702205882353 0.014056372549019607 0.008633578431372548