1 0.9746732026143791 0.3215379901960784 0.03349673202614379 0.033394607843137254
1 0.21058006535947713 0.33118872549019607 0.04861111111111111 0.0392156862745098
1 0.6109068627450981 0.3795955882352941 0.04616013071895425 0.031862745098039214
1 0.40441176470588236 0.40824142156862747 0.03104575163398693 0.03216911764705882
1 0.5720996732026143 0.4505208333333333 0.046977124183006536 0.0272671568627451
0 0.7479575163398693 0.46706495098039214 0.01715686274509804 0.013786764705882353
0 0.7865604575163399 0.47181372549019607 0.02165032679738562 0.018995098039215685
0 0.6768790849673203 0.49371936274509803 0.016339869281045753 0.014399509803921568
0 0.641952614379085 0.5033700980392157 0.024918300653594773 0.012254901960784314
0 0.11887254901960784 0.5113357843137255 0.017973856209150325 0.00857843137254902
0 0.5716911764705882 0.5124080882352942 0.015931372549019607 0.013786764705882353
0 0.04493464052287582 0.5131740196078431 0.016339869281045753 0.00980392156862745
0 0.693218954248366 0.5217524509803921 0.032679738562091505 0.01715686274509804
0 0.19852941176470587 0.5219056372549019 0.017973856209150325 0.010723039215686275
0 0.08149509803921569 0.5272671568627451 0.01838235294117647 0.00857843137254902
0 0.12867647058823528 0.5294117647058824 0.02042483660130719 0.007965686274509803
0 0.7530637254901961 0.5297181372549019 0.023284313725490197 0.013480392156862746
0 0.26205065359477125 0.5310968137254902 0.01919934640522876 0.01133578431372549
0 0.1736111111111111 0.5318627450980392 0.02042483660130719 0.007965686274509803
0 0.058619281045751634 0.5393688725490197 0.015931372549019607 0.008272058823529412
0 0.01082516339869281 0.546875 0.016748366013071895 0.014093137254901961
0 0.6605392156862745 0.547640931372549 0.02369281045751634 0.01991421568627451
0 0.75 0.5497855392156863 0.02696078431372549 0.020526960784313725
0 0.06985294117647059 0.5562193627450981 0.0196078431372549 0.010723039215686275
0 0.8116830065359477 0.5698529411764706 0.035130718954248366 0.028799019607843136
0 0.2340686274509804 0.5756740196078431 0.02696078431372549 0.02267156862745098
0 0.7342728758169934 0.5770526960784313 0.02165032679738562 0.015012254901960785
0 0.7569444444444444 0.5810355392156863 0.03431372549019608 0.02849264705882353
0 0.6607434640522876 0.5863970588235294 0.034722222222222224 0.029411764705882353
1 0.3039236111111111 0.6054580269607843 0.040036764705882355 0.032607230392156863
0 0.48590686274509803 0.6193321078431373 0.03145424836601307 0.017463235294117647
0 0.4056372549019608 0.6237745098039216 0.031862745098039214 0.02022058823529412
0 0.2526552287581699 0.6283700980392157 0.028186274509803922 0.017769607843137254
0 0.49142156862745096 0.6326593137254902 0.03431372549019608 0.02022058823529412
0 0.14052287581699346 0.640625 0.031862745098039214 0.023284313725490197
0 0.9673202614379085 0.6439950980392157 0.04003267973856209 0.03860294117647059
0 0.14011437908496732 0.6537990196078431 0.03431372549019608 0.018995098039215685
0 0.883578431372549 0.6645220588235294 0.051470588235294115 0.04411764705882353
0 0.4209558823529412 0.6706495098039216 0.044526143790849675 0.034926470588235295
0 0.3819444444444444 0.6783088235294118 0.03594771241830065 0.03308823529411765
0 0.7234477124183006 0.6801470588235294 0.04411764705882353 0.0392156862745098
0 0.6397058823529411 0.6966911764705882 0.03431372549019608 0.03002450980392157
0 0.31842320261437906 0.7029718137254902 0.026552287581699346 0.022365196078431373
0 0.9554738562091504 0.7786458333333334 0.05228758169934641 0.050551470588235295
1 0.21956699346405228 0.22916666666666666 0.03553921568627451 0.028799019607843136
0 0.14010212418300655 0.3736427696078431 0.012230392156862746 0.008314950980392158
1 0.14761029411764706 0.27719975490196075 0.015808823529411768 0.010894607843137255
1 0.14506944444444445 0.2862882965686275 0.013995098039215685 0.008851102941176471
1 0.05921160130718954 0.2988158700980392 0.011397058823529411 0.008170955882352941
1 0.07614379084967321 0.3093688725490196 0.010947712418300655 0.007830882352941175
1 0.08517769607843137 0.2712760416666667 0.011858660130718955 0.008851102941176471
1 0.12001838235294118 0.24540441176470587 0.01127859477124183 0.009191176470588236
1 0.05739583333333333 0.27583792892156866 0.011850490196078431 0.008170955882352941
1 0.03746732026143791 0.2877175245098039 0.010392156862745099 0.006807598039215686
1 0.3226838235294117 0.5887607230392157 0.04732843137254902 0.02801164215686275
1 0.3154411764705883 0.5758486519607843 0.04019607843137255 0.02669730392156863
1 0.351734068627451 0.5349708946078431 0.04252042483660131 0.0319515931372549
1 0.34304125816993464 0.5107674632352941 0.03085375816993464 0.02276041666666667
1 0.30995710784313724 0.5154503676470589 0.03903186274509804 0.031513480392156866