1 0.9221813725490197 0.06066176470588235 0.02165032679738562 0.015931372549019607
0 0.5551470588235294 0.6919424019607843 0.02369281045751634 0.015625
1 0.5894607843137255 0.06449142156862746 0.013888888888888888 0.01011029411764706
0 0.6981209150326797 0.6887254901960784 0.018790849673202614 0.012254901960784314
0 0.7448937908496732 0.41360294117647056 0.014297385620915032 0.00857843137254902
1 0.7075163398692811 0.18995098039215685 0.018790849673202614 0.013480392156862746
0 0.6854575163398693 0.42356004901960786 0.012254901960784314 0.008272058823529412
1 0.5649509803921569 0.004748774509803921 0.027777777777777776 0.009497549019607842
1 0.9394771241830066 0.006280637254901961 0.020294117647058824 0.012561274509803922
0 0.7387663398692811 0.41712622549019607 0.012663398692810458 0.008884803921568627
1 0.19158496732026145 0.08440563725490197 0.03104575163398693 0.018075980392156864
0 0.8319035947712419 0.5263480392156863 0.015931372549019607 0.00980392156862745
0 0.41625816993464054 0.3961397058823529 0.013071895424836602 0.009191176470588236
0 0.35314542483660133 0.5238970588235294 0.014297385620915032 0.010416666666666666
1 0.9609885620915033 0.37331495098039214 0.01838235294117647 0.012561274509803922
1 0.514297385620915 0.38465073529411764 0.014705882352941176 0.01011029411764706
0 0.6158088235294118 0.40517769607843135 0.01184640522875817 0.008272058823529412
0 0.8598856209150327 0.3642769607843137 0.016339869281045753 0.00980392156862745
0 0.315359477124183 0.48483455882352944 0.014705882352941176 0.01133578431372549
1 0.5676062091503268 0.07689950980392157 0.015931372549019607 0.012867647058823529
0 0.8378615196078432 0.40872702205882355 0.013141339869281047 0.008630514705882353
1 0.9650735294117647 0.07490808823529412 0.02246732026143791 0.015625
0 0.7773692810457516 0.40042892156862747 0.013071895424836602 0.00857843137254902
0 0.9464869281045751 0.4722732843137255 0.01715686274509804 0.01133578431372549
1 0.31104166666666666 0.44332107843137253 0.02812908496732026 0.018995098039215685
0 0.6627859477124183 0.44669117647058826 0.014297385620915032 0.00980392156862745
0 0.7769607843137255 0.4114583333333333 0.013071895424836602 0.00857843137254902
0 0.5784313725490197 0.3943014705882353 0.013071895424836602 0.00857843137254902
0 0.6041666666666666 0.5061274509803921 0.012254901960784314 0.009191176470588236
1 0.40584150326797386 0.10049019607843138 0.03227124183006536 0.02267156862745098
1 0.2267156862745098 0.4921875 0.02696078431372549 0.01991421568627451
0 0.5849673202614379 0.41390931372549017 0.011437908496732025 0.007965686274509803
0 0.7577614379084967 0.42723651960784315 0.013071895424836602 0.008272058823529412
0 0.5772058823529411 0.44485294117647056 0.013071895424836602 0.00857843137254902
1 0.7553104575163399 0.16651348039215685 0.021241830065359478 0.015012254901960785
1 0.9918300653594772 0.07276348039215687 0.015522875816993464 0.018075980392156864
1 0.7728758169934641 0.35079656862745096 0.014705882352941176 0.011029411764705883
0 0.3278186274509804 0.41881127450980393 0.016748366013071895 0.011642156862745098
0 0.7103758169934641 0.45925245098039214 0.013071895424836602 0.009191176470588236
0 0.9891748366013072 0.5458026960784313 0.01919934640522876 0.013174019607843137
0 0.5561683006535948 0.4149816176470588 0.017565359477124183 0.013786764705882353
1 0.43933823529411764 0.08900122549019608 0.027369281045751634 0.018688725490196078
0 0.7281454248366013 0.5490196078431373 0.016748366013071895 0.011029411764705883
0 0.6558415032679739 0.4499080882352941 0.01184640522875817 0.008272058823529412
0 0.6358251633986928 0.49693627450980393 0.014297385620915032 0.011029411764705883
0 0.7593954248366013 0.5314031862745098 0.014705882352941176 0.009497549019607842
1 0.590890522875817 0.09650735294117647 0.02165032679738562 0.015318627450980392
0 0.8118872549019608 0.38357843137254904 0.01511437908496732 0.00980392156862745
0 0.6345996732026143 0.5670955882352942 0.015931372549019607 0.011642156862745098
0 0.8180147058823529 0.4250919117647059 0.015931372549019607 0.010723039215686275
1 0.8815359477124183 0.04534313725490196 0.022058823529411766 0.015931372549019607
0 0.4556781045751634 0.40088848039215685 0.01511437908496732 0.01011029411764706
0 0.6370506535947712 0.40793504901960786 0.012663398692810458 0.008272058823529412
1 0.2602124183006536 0.3789828431372549 0.0196078431372549 0.013480392156862746
1 0.1170343137254902 0.3333333333333333 0.03308823529411765 0.02389705882352941
0 0.7346813725490197 0.5307904411764706 0.016748366013071895 0.01133578431372549
0 0.8061683006535948 0.3944546568627451 0.013480392156862746 0.008884803921568627
0 0.7438725490196079 0.6009497549019608 0.01715686274509804 0.01133578431372549
1 0.9861111111111112 0.22579656862745098 0.02287581699346405 0.017769607843137254
0 0.5110294117647058 0.4209558823529412 0.013071895424836602 0.009191176470588236
0 0.6754493464052288 0.4074754901960784 0.01184640522875817 0.00857843137254902
0 0.4266748366013072 0.4241727941176471 0.013480392156862746 0.01011029411764706
0 0.6556372549019608 0.5623468137254902 0.015522875816993464 0.010723039215686275
0 0.37969771241830064 0.4019607843137255 0.020833333333333332 0.014705882352941176
1 0.9593545751633987 0.3232230392156863 0.020833333333333332 0.015931372549019607
1 0.9370915032679739 0.3943014705882353 0.022058823529411766 0.016544117647058824
1 0.8678513071895425 0.009650735294117647 0.0298202614379085 0.019301470588235295
0 0.4332107843137255 0.3990502450980392 0.015931372549019607 0.010723039215686275
0 0.6378676470588235 0.44424019607843135 0.012663398692810458 0.00857843137254902
0 0.71875 0.4446997549019608 0.013480392156862746 0.009497549019607842
0 0.3500816993464052 0.4958639705882353 0.014705882352941176 0.01133578431372549
0 0.7275326797385621 0.41911764705882354 0.013888888888888888 0.00857843137254902
0 0.2930964052287582 0.44424019607843135 0.017565359477124183 0.015318627450980392
1 0.733047385620915 0.35401348039215685 0.016748366013071895 0.011948529411764705
0 0.5112336601307189 0.4814644607843137 0.014297385620915032 0.009497549019607842
0 0.2696078431372549 0.4681372549019608 0.015522875816993464 0.011029411764705883
1 0.3801062091503268 0.4013480392156863 0.020016339869281044 0.014705882352941176
0 0.5322712418300654 0.43826593137254904 0.012254901960784314 0.009497549019607842
0 0.7283496732026143 0.5341605392156863 0.01715686274509804 0.011948529411764705
0 0.7912581699346405 0.4566482843137255 0.014705882352941176 0.009497549019607842
0 0.7765522875816994 0.5292585784313726 0.015522875816993464 0.01133578431372549
1 0.880718954248366 0.014093137254901961 0.025326797385620915 0.018995098039215685
1 0.6458333333333334 0.2265625 0.022058823529411766 0.016237745098039217
1 0.5347222222222222 0.09375 0.0196078431372549 0.015318627450980392
0 0.5087826797385621 0.4404105392156863 0.013480392156862746 0.009497549019607842
1 0.7988153594771242 0.04595588235294118 0.023284313725490197 0.017769607843137254
1 0.3672385620915033 0.16896446078431374 0.0196078431372549 0.016237745098039217
1 0.6491013071895425 0.2601102941176471 0.018790849673202614 0.014093137254901961
0 0.7863562091503268 0.5099571078431373 0.015522875816993464 0.011948529411764705
0 0.6215277777777778 0.5084252450980392 0.020833333333333332 0.013786764705882353
1 0.8907271241830066 0.2847732843137255 0.02165032679738562 0.015625
0 0.3680555555555556 0.4802389705882353 0.015522875816993464 0.010723039215686275
0 0.6997549019607843 0.5254289215686274 0.0196078431372549 0.012867647058823529
1 0.11825980392156862 0.16283700980392157 0.03390522875816993 0.029105392156862746
1 0.5069444444444444 0.10049019607843138 0.021241830065359478 0.015931372549019607
0 0.465890522875817 0.4195772058823529 0.01919934640522876 0.013174019607843137
0 0.5565767973856209 0.4820772058823529 0.014297385620915032 0.008884803921568627
0 0.6156045751633987 0.5874693627450981 0.02042483660130719 0.014399509803921568
0 0.6111111111111112 0.569546568627451 0.021241830065359478 0.014093137254901961
1 0.6901552287581699 0.36963848039215685 0.01838235294117647 0.014399509803921568
1 0.2757352941176471 0.04764093137254902 0.0392156862745098 0.0352328431372549
1 0.9035947712418301 0.40318627450980393 0.0196078431372549 0.014093137254901961
0 0.22630718954248366 0.42325367647058826 0.0196078431372549 0.013786764705882353
0 0.7575571895424836 0.5065870098039216 0.016748366013071895 0.010723039215686275
1 0.9066584967320261 0.45618872549019607 0.025735294117647058 0.018995098039215685
1 0.6815767973856209 0.04488357843137255 0.020016339869281044 0.015625
1 0.9597630718954249 0.04442401960784314 0.024101307189542485 0.01715686274509804
1 0.9589460784313726 0.05943627450980392 0.024918300653594773 0.015931372549019607
1 0.00980392156862745 0.31035539215686275 0.0196078431372549 0.029411764705882353
0 0.6423611111111112 0.5487132352941176 0.01838235294117647 0.014093137254901961
1 0.7837009803921569 0.3714767156862745 0.016748366013071895 0.012561274509803922
0 0.5208333333333334 0.4609375 0.013888888888888888 0.01011029411764706
0 0.6664624183006536 0.5078125 0.016748366013071895 0.01133578431372549
1 0.9213643790849673 0.46767769607843135 0.023284313725490197 0.01685049019607843
1 0.9895833333333334 0.20909926470588236 0.01919934640522876 0.018075980392156864
1 0.9195261437908496 0.12285539215686274 0.026143790849673203 0.01838235294117647
1 0.9391339869281046 0.30974264705882354 0.026143790849673203 0.01715686274509804
0 0.2704248366013072 0.5189950980392157 0.01715686274509804 0.012254901960784314
0 0.7316176470588235 0.5958946078431373 0.016339869281045753 0.011642156862745098
1 0.6621732026143791 0.07306985294117647 0.02042483660130719 0.015012254901960785
1 0.0778186274509804 0.11366421568627451 0.034722222222222224 0.02267156862745098
0 0.6811683006535948 0.5180759803921569 0.016748366013071895 0.011642156862745098
1 0.42606209150326796 0.04151348039215686 0.024509803921568627 0.018688725490196078
0 0.7342728758169934 0.5056678921568627 0.016748366013071895 0.011948529411764705
1 0.9150326797385621 0.020526960784313725 0.025326797385620915 0.018995098039215685
1 0.8233251633986928 0.03569240196078431 0.024101307189542485 0.019301470588235295
1 0.02185457516339869 0.38143382352941174 0.030637254901960783 0.023284313725490197
1 0.25 0.27205882352941174 0.03594771241830065 0.025122549019607844
0 0.6233660130718954 0.6936274509803921 0.021241830065359478 0.016544117647058824
0 0.17524509803921567 0.5935968137254902 0.02287581699346405 0.015012254901960785
0 0.7749183006535948 0.47579656862745096 0.017973856209150325 0.012254901960784314
0 0.6045751633986928 0.6894914215686274 0.02287581699346405 0.01685049019607843
1 0.49611928104575165 0.38985906862745096 0.02900326797385621 0.021752450980392156
1 0.9495506535947712 0.42769607843137253 0.023284313725490197 0.01715686274509804
0 0.46548202614379086 0.6361825980392157 0.020016339869281044 0.014399509803921568
1 0.18443627450980393 0.43106617647058826 0.034722222222222224 0.023284313725490197
1 0.9072712418300654 0.04136029411764706 0.028594771241830064 0.0196078431372549
1 0.21323529411764705 0.10110294117647059 0.03839869281045752 0.026348039215686275
0 0.4644607843137255 0.47120098039215685 0.02042483660130719 0.014705882352941176
1 0.31066176470588236 0.050091911764705885 0.0428921568627451 0.035845588235294115
1 0.8139297385620915 0.009957107843137254 0.028186274509803922 0.018075980392156864
1 0.24325980392156862 0.11963848039215687 0.037173202614379085 0.030943627450980393
0 0.525531045751634 0.5433517156862745 0.020016339869281044 0.015012254901960785
1 0.17647058823529413 0.28860294117647056 0.03676470588235294 0.02696078431372549
0 0.3180147058823529 0.6400122549019608 0.023284313725490197 0.01715686274509804
1 0.6472630718954249 0.08118872549019608 0.02246732026143791 0.017769607843137254
1 0.3500816993464052 0.35140931372549017 0.03676470588235294 0.026348039215686275
1 0.7632761437908496 0.01363357843137255 0.024918300653594773 0.01991421568627451
1 0.34538398692810457 0.04733455882352941 0.044526143790849675 0.03707107843137255
0 0.4597630718954248 0.6024816176470589 0.02165032679738562 0.016237745098039217
1 0.4891748366013072 0.2694546568627451 0.030637254901960783 0.02297794117647059
1 0.2849264705882353 0.20389093137254902 0.034722222222222224 0.02542892156862745
1 0.9013480392156863 0.2423406862745098 0.026552287581699346 0.0196078431372549
1 0.5555555555555556 0.37392769607843135 0.03349673202614379 0.023590686274509803
1 0.099468954248366 0.1712622549019608 0.042075163398692814 0.031862745098039214
0 0.7475531045751634 0.5348498774509803 0.0147140522875817 0.008425245098039215
0 0.7992463235294118 0.5408501838235295 0.01352532679738562 0.008170955882352941
1 0.5836723856209151 0.6887254901960784 0.018651960784313724 0.012254901960784314