1 0.443218954248366 0.3955269607843137 0.031862745098039214 0.026348039215686275
1 0.4756944444444444 0.4025735294117647 0.0298202614379085 0.027573529411764705
1 0.34228758169934637 0.46951593137254904 0.02689542483660131 0.02971813725490196
1 0.7514297385620915 0.49954044117647056 0.02900326797385621 0.0272671568627451
1 0.8419117647058824 0.5443474264705882 0.01715686274509804 0.015165441176470588
1 0.4936683006535948 0.5839460784313726 0.02246732026143791 0.02267156862745098
1 0.6701388888888888 0.5825674019607843 0.03308823529411765 0.029105392156862746
1 0.025122549019607844 0.6622242647058824 0.014297385620915032 0.013786764705882353
1 0.8355800653594772 0.717984068627451 0.024101307189542485 0.01991421568627451
0 0.8384395424836601 0.7242647058823529 0.025735294117647058 0.022058823529411766
0 0.7810457516339869 0.7311580882352942 0.01715686274509804 0.015625
0 0.6683006535947712 0.7374387254901961 0.014705882352941176 0.012254901960784314
0 0.40870098039215685 0.7406556372549019 0.023284313725490197 0.018688725490196078
0 0.31495098039215685 0.7749693627450981 0.025326797385620915 0.021752450980392156
0 0.8689419934640523 0.8009604779411765 0.023014705882352944 0.019200367647058823
0 0.8110702614379085 0.8114276960784313 0.01511437908496732 0.012561274509803922
0 0.9660947712418301 0.8506433823529411 0.021241830065359478 0.018075980392156864
1 0.395671977124183 0.36024969362745096 0.02500408496732026 0.026259191176470586
1 0.4374509803921569 0.3297012867647059 0.03258169934640523 0.025824142156862746
1 0.48051266339869286 0.3576685049019608 0.02556781045751634 0.019258578431372547
1 0.31404820261437905 0.39902879901960786 0.025155228758169935 0.019258578431372547
1 0.45021241830065356 0.4412637867647059 0.024607843137254903 0.02100796568627451
1 0.4104656862745098 0.44248927696078433 0.029264705882352943 0.02100796568627451
1 0.47345179738562093 0.47198835784313725 0.03023692810457516 0.02056985294117647
1 0.4547058823529411 0.45872702205882354 0.032777777777777774 0.02100796568627451
1 0.780610702614379 0.5021446078431373 0.033443627450980395 0.02144607843137255
1 0.6970322712418301 0.4979427083333334 0.030502450980392157 0.02100796568627451
1 0.9090870098039217 0.6376056985294117 0.024873366013071895 0.01969669117647059
1 0.7977001633986928 0.5697656249999999 0.020236928104575162 0.012693014705882353
1 0.4838868464052288 0.3914568014705882 0.025780228758169935 0.02494791666666667
1 0.21461601307189543 0.4433655024509804 0.01338235294117647 0.010505514705882353
1 0.16075776143790851 0.4224877450980392 0.015142973856209151 0.009191176470588236
1 0.12294934640522877 0.4583777573529412 0.012238562091503268 0.010505514705882353
1 0.07953635620915034 0.44008272058823533 0.012830882352941176 0.010067401960784313
1 0.08012050653594771 0.49838082107843135 0.013999183006535949 0.009629289215686274
1 0.06512459150326798 0.5126056985294117 0.013419117647058824 0.010505514705882353
1 0.07580269607843138 0.5220588235294118 0.011082516339869281 0.009191176470588236
1 0.1339767156862745 0.5291927083333333 0.012234477124183006 0.008753063725490196
1 0.19162581699346407 0.5354947916666667 0.013970588235294118 0.010940563725490196
1 0.18333946078431373 0.5267861519607844 0.014554738562091505 0.010067401960784313
1 0.22056576797385624 0.4872196691176471 0.012209967320261438 0.008753063725490196
1 0.1032577614379085 0.4837362132352941 0.011254084967320261 0.00791360294117647
1 0.11765931372549018 0.48575367647058826 0.012279411764705882 0.007659313725490196
1 0.1892565359477124 0.5152680759803921 0.013316993464052289 0.00970281862745098
1 0.16562908496732026 0.5003829656862745 0.012630718954248367 0.009957107843137254
1 0.15439338235294117 0.484171262254902 0.010584150326797387 0.008170955882352941
1 0.12851919934640524 0.6241069240196079 0.011940359477124183 0.01046875
1 0.08315359477124183 0.6879090073529411 0.011895424836601307 0.008170955882352941
1 0.12270424836601307 0.6464721200980392 0.012565359477124184 0.01046875
1 0.23240604575163396 0.6586243872549019 0.01628267973856209 0.008425245098039215
1 0.2734906045751634 0.6509145220588235 0.011850490196078431 0.008936887254901962
1 0.2916319444444444 0.6546415441176471 0.013002450980392157 0.008425245098039215
1 0.26993872549019604 0.6749647671568627 0.012916666666666667 0.01046875
1 0.694579248366013 0.5979626225490197 0.012524509803921568 0.011488970588235295
1 0.7017258986928104 0.6217064950980392 0.018647875816993464 0.013020833333333334
1 0.7872283496732027 0.47610294117647056 0.0172671568627451 0.012254901960784314
1 0.9299325980392157 0.5658961397058824 0.024080882352941178 0.013532475490196079
1 0.9248937908496732 0.5808563112745098 0.021356209150326797 0.014041053921568626
1 0.8250980392156863 0.7221706495098039 0.018660130718954247 0.011743259803921569
1 0.936045751633987 0.4423253676470588 0.02323529411764706 0.01761642156862745
0 0.7596119281045751 0.7045542279411765 0.011870915032679738 0.00714767156862745
0 0.6951102941176471 0.7233195465686274 0.013586601307189541 0.00791360294117647
0 0.865704656862745 0.786560968137255 0.018991013071895425 0.011234681372549021
0 0.6885539215686274 0.7051026348039215 0.011911764705882353 0.00640625
0 0.019140114379084968 0.7237637867647058 0.00968545751633987 0.006963848039215686
0 0.1965972222222222 0.7378002450980392 0.010841503267973856 0.008075980392156863
0 0.05624183006535948 0.7613633578431372 0.011176470588235295 0.008633578431372548
0 0.7755433006535948 0.7000337009803921 0.01105392156862745 0.006685049019607843