1 0.6460375816993464 0.31403186274509803 0.04044117647058824 0.02696078431372549
1 0.46568627450980393 0.32077205882352944 0.03839869281045752 0.026348039215686275
1 0.6740196078431373 0.3252144607843137 0.03431372549019608 0.02420343137254902
1 0.6515522875816994 0.34191176470588236 0.04820261437908497 0.02696078431372549
1 0.7446895424836601 0.3440563725490196 0.026143790849673203 0.02389705882352941
1 0.71875 0.39705882352941174 0.04616013071895425 0.03308823529411765
1 0.525531045751634 0.40640318627450983 0.042075163398692814 0.04136029411764706
1 0.6883169934640523 0.4169730392156863 0.04330065359477124 0.030637254901960783
1 0.09844771241830065 0.42861519607843135 0.04003267973856209 0.012867647058823529
1 0.6895424836601307 0.5309436274509803 0.021241830065359478 0.01715686274509804
1 0.8841911764705882 0.5402879901960784 0.03308823529411765 0.0272671568627451
1 0.8517156862745098 0.7063419117647058 0.03839869281045752 0.0272671568627451
0 0.21609477124183007 0.7510723039215687 0.0196078431372549 0.013174019607843137
0 0.7097630718954249 0.7553615196078431 0.020833333333333332 0.018075980392156864
1 0.3660130718954248 0.7703737745098039 0.041666666666666664 0.030943627450980393
1 0.3233251633986928 0.7748161764705882 0.030637254901960783 0.025735294117647058
1 0.42830882352941174 0.7789522058823529 0.04125816993464052 0.0272671568627451
0 0.5475898692810458 0.8229166666666666 0.027369281045751634 0.02144607843137255
1 0.8308823529411765 0.8425245098039216 0.04820261437908497 0.03982843137254902
1 0.9266748366013072 0.08685661764705882 0.05514705882352941 0.036458333333333336
0 0.051879084967320264 0.8818933823529411 0.03676470588235294 0.018075980392156864
0 0.4042075163398693 0.9073223039215687 0.02165032679738562 0.011948529411764705
0 0.4266748366013072 0.9238664215686274 0.02246732026143791 0.015625
0 0.3425245098039216 0.9281556372549019 0.01838235294117647 0.010723039215686275
0 0.2056781045751634 0.9293811274509803 0.02900326797385621 0.021752450980392156
0 0.10825163398692811 0.9381127450980392 0.0196078431372549 0.012254901960784314
0 0.43729575163398693 0.9384191176470589 0.02900326797385621 0.00980392156862745
0 0.3394607843137255 0.9397977941176471 0.026143790849673203 0.01685049019607843
0 0.5306372549019608 0.9404105392156863 0.027777777777777776 0.01685049019607843
0 0.7706290849673203 0.9434742647058824 0.030637254901960783 0.019301470588235295
0 0.8700980392156863 0.9457720588235294 0.017973856209150325 0.012867647058823529
0 0.05269607843137255 0.9500612745098039 0.02369281045751634 0.012254901960784314
0 0.7794117647058824 0.9595588235294118 0.0457516339869281 0.029411764705882353
0 0.696078431372549 0.9618566176470589 0.03839869281045752 0.03462009803921569
0 0.5232843137254902 0.9629289215686274 0.0196078431372549 0.011642156862745098
0 0.02185457516339869 0.9800857843137255 0.01919934640522876 0.012867647058823529
0 0.5320669934640523 0.9888174019607843 0.01511437908496732 0.011948529411764705
1 0.8024918300653595 0.13664215686274508 0.02900326797385621 0.02022058823529412
1 0.07148692810457516 0.16191789215686275 0.03839869281045752 0.021752450980392156
1 0.01511437908496732 0.16559436274509803 0.03022875816993464 0.02971813725490196
1 0.2340686274509804 0.1721813725490196 0.0196078431372549 0.017769607843137254
1 0.47344771241830064 0.17356004901960784 0.03839869281045752 0.0272671568627451
1 0.6644199346405228 0.2032781862745098 0.03799019607843137 0.036458333333333336
1 0.9168709150326797 0.22303921568627452 0.0363562091503268 0.031862745098039214
1 0.35804738562091504 0.2902879901960784 0.03553921568627451 0.024816176470588234