0 0.39072712418300654 0.4221813725490196 0.01184640522875817 0.007965686274509803
1 0.8247549019607843 0.25934436274509803 0.049019607843137254 0.03707107843137255
0 0.9540441176470589 0.6525735294117647 0.024918300653594773 0.015318627450980392
1 0.25306372549019607 0.1018688725490196 0.0298202614379085 0.021139705882352942
0 0.3379636437908497 0.4849877450980392 0.01579656862745098 0.010416666666666666
0 0.18266748366013072 0.40834405637254906 0.011576797385620915 0.007864583333333335
0 0.006331699346405229 0.5151654411764706 0.012663398692810458 0.01685049019607843
0 0.4571078431372549 0.8449754901960784 0.02369281045751634 0.016544117647058824
1 0.2971813725490196 0.3486519607843137 0.025735294117647058 0.02022058823529412
0 0.22977941176470587 0.41881127450980393 0.01184640522875817 0.009191176470588236
1 0.1031454248366013 0.07705269607843138 0.04861111111111111 0.03462009803921569
0 0.33619281045751637 0.45909926470588236 0.026143790849673203 0.018075980392156864
0 0.1527777777777778 0.43075980392156865 0.01715686274509804 0.011029411764705883
0 0.23781249999999998 0.4699754901960784 0.014840686274509803 0.00980392156862745
0 0.004901960784313725 0.5592830882352942 0.00980392156862745 0.02420343137254902
1 0.9528186274509803 0.30652573529411764 0.037173202614379085 0.02420343137254902
0 0.010620915032679739 0.5292585784313726 0.0196078431372549 0.014399509803921568
1 0.24223856209150327 0.07628676470588236 0.031862745098039214 0.020833333333333332
1 0.2890114379084967 0.05759803921568627 0.03308823529411765 0.022058823529411766
1 0.20322712418300654 0.006587009803921569 0.06331699346405228 0.013174019607843137
1 0.014501633986928105 0.30422794117647056 0.02900326797385621 0.04044117647058824
1 0.36764705882352944 0.4309129901960784 0.02369281045751634 0.01685049019607843
1 0.33619281045751637 0.45848651960784315 0.025326797385620915 0.018688725490196078
1 0.31556372549019607 0.0779718137254902 0.03799019607843137 0.023590686274509803
0 0.06787785947712419 0.556781556372549 0.024644607843137253 0.01674938725490196
0 0.45241013071895425 0.7084865196078431 0.028186274509803922 0.020526960784313725
1 0.10580065359477124 0.39598651960784315 0.049836601307189546 0.03707107843137255
0 0.12602124183006536 0.47518382352941174 0.026552287581699346 0.017769607843137254
1 0.6084558823529411 0.44347426470588236 0.03553921568627451 0.02420343137254902
0 0.4050919117647059 0.5499387254901961 0.029138071895424836 0.02144607843137255
1 0.21650326797385622 0.3000919117647059 0.049019607843137254 0.035845588235294115
1 0.12888071895424835 0.5171568627450981 0.044526143790849675 0.03125
1 0.6633986928104575 0.2777267156862745 0.041666666666666664 0.030330882352941176
1 0.18974673202614378 0.11090686274509803 0.04861111111111111 0.037377450980392156
1 0.07434640522875817 0.3307291666666667 0.058823529411764705 0.04381127450980392
0 0.3002450980392157 0.5076593137254902 0.03022875816993464 0.02144607843137255
1 0.8002450980392157 0.41681985294117646 0.03676470588235294 0.026041666666666668
0 0.2318218954248366 0.5772564338235294 0.03227124183006536 0.024610906862745096
0 0.5304330065359477 0.71875 0.0298202614379085 0.0196078431372549
1 0.5253267973856209 0.2190563725490196 0.05473856209150327 0.0428921568627451
1 0.6958741830065359 0.4371936274509804 0.034722222222222224 0.02389705882352941
1 0.030841503267973858 0.17018995098039216 0.06004901960784314 0.04503676470588235
1 0.2027859477124183 0.3918504901960784 0.03547385620915033 0.023284313725490197
0 0.19037581699346406 0.40849724264705883 0.01065359477124183 0.008783700980392157
0 0.23758578431372548 0.4156449142156863 0.011936274509803921 0.007760416666666666
1 0.8725183823529412 0.4369898897058824 0.04814133986928104 0.03268075980392157