1 0.7837009803921569 0.4209558823529412 0.020016339869281044 0.013480392156862746
0 0.3188316993464052 0.5258884803921569 0.01919934640522876 0.010723039215686275
1 0.41714256535947714 0.1350842524509804 0.019742647058823528 0.017104779411764706
1 0.29534313725490197 0.4869791666666667 0.017973856209150325 0.013174019607843137
0 0.9938725490196079 0.9931066176470589 0.012254901960784314 0.013786764705882353
1 0.8539624183006536 0.20220588235294118 0.024101307189542485 0.01838235294117647
1 0.8625408496732027 0.015165441176470588 0.05106209150326797 0.026041666666666668
1 0.08517156862745098 0.31004901960784315 0.023284313725490197 0.015931372549019607
0 0.12459150326797386 0.5491727941176471 0.026143790849673203 0.015012254901960785
1 0.4577205882352941 0.1724877450980392 0.025735294117647058 0.017769607843137254
1 0.6409313725490197 0.2607230392156863 0.025326797385620915 0.015931372549019607
1 0.8141339869281046 0.009037990196078432 0.056372549019607844 0.01685049019607843
1 0.5635212418300654 0.47472426470588236 0.020016339869281044 0.013174019607843137
0 0.2724673202614379 0.5294117647058824 0.02042483660130719 0.015318627450980392
0 0.24448529411764705 0.6496629901960784 0.02165032679738562 0.015012254901960785
0 0.508578431372549 0.6815257352941176 0.027777777777777776 0.01685049019607843
1 0.7743055555555556 0.43995098039215685 0.02165032679738562 0.014093137254901961
1 0.71875 0.508578431372549 0.020833333333333332 0.012867647058823529
1 0.710171568627451 0.08088235294117647 0.03145424836601307 0.022058823529411766
1 0.7475490196078431 0.4794730392156863 0.03839869281045752 0.02389705882352941
1 0.4540441176470588 0.07291666666666667 0.030637254901960783 0.02389705882352941
1 0.445874183006536 0.07950367647058823 0.03145424836601307 0.01991421568627451
1 0.5618872549019608 0.07919730392156862 0.03227124183006536 0.021752450980392156
1 0.5559640522875817 0.25015318627450983 0.025326797385620915 0.019301470588235295
1 0.24183006535947713 0.1557904411764706 0.0392156862745098 0.026041666666666668
1 0.4930555555555556 0.2035845588235294 0.029411764705882353 0.016237745098039217
1 0.8658088235294118 0.2803308823529412 0.03227124183006536 0.02144607843137255
0 0.03839869281045752 0.6076899509803921 0.02287581699346405 0.013786764705882353
1 0.9344362745098039 0.48284313725490197 0.026552287581699346 0.017769607843137254
1 0.4256535947712418 0.5284926470588235 0.021241830065359478 0.01838235294117647
1 0.33169934640522875 0.27175245098039214 0.028594771241830064 0.02022058823529412
1 0.6699346405228758 0.16482843137254902 0.03594771241830065 0.023284313725490197
1 0.7281454248366013 0.14292279411764705 0.0298202614379085 0.01991421568627451
0 0.9932598039215687 0.5727634803921569 0.013480392156862746 0.018688725490196078
1 0.568218954248366 0.17723651960784315 0.035130718954248366 0.023590686274509803
0 0.07618464052287582 0.4655330882352941 0.015931372549019607 0.01011029411764706
1 0.6121323529411765 0.16176470588235295 0.03308823529411765 0.018995098039215685
1 0.8899101307189542 0.36611519607843135 0.024101307189542485 0.016544117647058824
0 0.2959558823529412 0.5393688725490197 0.020016339869281044 0.012561274509803922
0 0.6386846405228758 0.5611213235294118 0.026552287581699346 0.016237745098039217
1 0.33796160130718955 0.39407169117647056 0.029681372549019605 0.019761029411764705
1 0.4125816993464052 0.530484068627451 0.02287581699346405 0.020526960784313725
1 0.1343954248366013 0.35079656862745096 0.042483660130718956 0.028799019607843136
1 0.29248366013071897 0.5263480392156863 0.027777777777777776 0.02144607843137255
1 0.07148692810457516 0.13817401960784315 0.041666666666666664 0.03125
1 0.3974673202614379 0.07092524509803921 0.03431372549019608 0.02542892156862745
1 0.7113970588235294 0.5199142156862745 0.02165032679738562 0.017769607843137254
1 0.8400735294117647 0.39889705882352944 0.0298202614379085 0.02267156862745098
1 0.7581699346405228 0.31142769607843135 0.03594771241830065 0.026041666666666668
1 0.5036764705882353 0.05775122549019608 0.03839869281045752 0.02665441176470588
1 0.24040032679738563 0.024509803921568627 0.04125816993464052 0.027573529411764705
0 0.09375 0.5416666666666666 0.0298202614379085 0.018995098039215685
1 0.4470996732026144 0.2529105392156863 0.03799019607843137 0.026041666666666668
1 0.8082107843137255 0.24295343137254902 0.03308823529411765 0.024509803921568627
1 0.5957924836601307 0.2107843137254902 0.03227124183006536 0.025735294117647058
1 0.9336192810457516 0.3602941176470588 0.027369281045751634 0.020833333333333332
1 0.25102124183006536 0.32628676470588236 0.04044117647058824 0.029411764705882353
1 0.19526143790849673 0.21400122549019607 0.05310457516339869 0.03462009803921569
0 0.1750408496732026 0.6139705882352942 0.0298202614379085 0.0196078431372549
1 0.443218954248366 0.0055147058823529415 0.031862745098039214 0.011029411764705883
0 0.7745098039215687 0.5412071078431373 0.0196078431372549 0.014399509803921568
0 0.23672385620915032 0.5355392156862745 0.02246732026143791 0.016544117647058824
1 0.5102124183006536 0.43106617647058826 0.028594771241830064 0.018995098039215685
0 0.058619281045751634 0.6176470588235294 0.026552287581699346 0.01838235294117647
0 0.07822712418300654 0.6675857843137255 0.03227124183006536 0.017769607843137254
1 0.8676470588235294 0.22748161764705882 0.03022875816993464 0.01991421568627451
1 0.24693627450980393 0.2902879901960784 0.04125816993464052 0.02849264705882353
1 0.9434232026143791 0.20465686274509803 0.039624183006535946 0.028186274509803922
1 0.5071486928104575 0.1564031862745098 0.0428921568627451 0.029105392156862746
0 0.9891748366013072 0.6269914215686274 0.020833333333333332 0.018075980392156864
1 0.8088235294117647 0.4306066176470588 0.021241830065359478 0.016237745098039217
0 0.20874183006535948 0.5831801470588235 0.028594771241830064 0.019301470588235295
1 0.48508986928104575 0.5543811274509803 0.03553921568627451 0.027879901960784315
1 0.0951797385620915 0.4378063725490196 0.035130718954248366 0.02389705882352941
1 0.9895833333333334 0.31173406862745096 0.020016339869281044 0.021139705882352942
0 0.40012254901960786 0.6090686274509803 0.03227124183006536 0.022058823529411766
1 0.23304738562091504 0.06495098039215687 0.03390522875816993 0.023284313725490197
0 0.006944444444444444 0.7541360294117647 0.013888888888888888 0.029105392156862746
1 0.9634395424836601 0.1715686274509804 0.04044117647058824 0.02696078431372549
1 0.06352124183006536 0.4215686274509804 0.04044117647058824 0.028799019607843136
1 0.4834558823529412 0.2789522058823529 0.03390522875816993 0.02297794117647059
0 0.7906454248366013 0.6135110294117647 0.026552287581699346 0.018688725490196078
0 0.19587418300653595 0.7916666666666666 0.04370915032679738 0.031862745098039214
1 0.3939950980392157 0.20925245098039216 0.044526143790849675 0.031862745098039214
0 0.25531045751633985 0.5370710784313726 0.026143790849673203 0.018995098039215685
0 0.1147875816993464 0.7628676470588235 0.04084967320261438 0.029411764705882353
1 0.2391748366013072 0.4013480392156863 0.03553921568627451 0.026348039215686275
1 0.7524509803921569 0.28048406862745096 0.03758169934640523 0.02420343137254902
0 0.35110294117647056 0.6254595588235294 0.0298202614379085 0.021752450980392156
1 0.5477941176470589 0.21568627450980393 0.03431372549019608 0.025122549019607844
1 0.670547385620915 0.23927696078431374 0.05106209150326797 0.03799019607843137
1 0.653390522875817 0.4178921568627451 0.025735294117647058 0.02022058823529412
1 0.764297385620915 0.16681985294117646 0.041666666666666664 0.03155637254901961
1 0.8502859477124183 0.3541666666666667 0.03145424836601307 0.020833333333333332
1 0.28431372549019607 0.08272058823529412 0.03839869281045752 0.027573529411764705
0 0.7156862745098039 0.9808517156862745 0.04656862745098039 0.03707107843137255
1 0.673202614379085 0.4638480392156863 0.03022875816993464 0.023284313725490197
0 0.429125816993464 0.6720281862745098 0.03390522875816993 0.02297794117647059
1 0.7240604575163399 0.36856617647058826 0.04044117647058824 0.029411764705882353
1 0.9669117647058824 0.34175857843137253 0.03349673202614379 0.02420343137254902
1 0.5381944444444444 0.35431985294117646 0.03390522875816993 0.02542892156862745
0 0.04554738562091503 0.6409313725490197 0.03799019607843137 0.025122549019607844
1 0.8952205882352942 0.18336397058823528 0.044526143790849675 0.03278186274509804
1 0.7252859477124183 0.3203125 0.0363562091503268 0.02542892156862745
0 0.5716911764705882 0.6885723039215687 0.03390522875816993 0.026041666666666668
0 0.315359477124183 0.6939338235294118 0.04003267973856209 0.028799019607843136
1 0.36968954248366015 0.015931372549019607 0.04411764705882353 0.03125
0 0.23815359477124182 0.7694546568627451 0.041666666666666664 0.03216911764705882
1 0.39353962418300653 0.5353998161764706 0.041164215686274507 0.027294730392156862
0 0.9862397875816994 0.4849325980392157 0.012512254901960784 0.00724264705882353
1 0.6670792483660131 0.2610018382352941 0.02533496732026144 0.018939950980392157
1 0.7378206699346405 0.20139859068627453 0.027928921568627453 0.02534620098039216