1 0.5102124183006536 0.31066176470588236 0.016339869281045753 0.009191176470588236
1 0.7945261437908496 0.3128063725490196 0.0196078431372549 0.012254901960784314
1 0.38112745098039214 0.31403186274509803 0.024509803921568627 0.016544117647058824
1 0.5422794117647058 0.31418504901960786 0.016748366013071895 0.010723039215686275
1 0.8398692810457516 0.31878063725490197 0.0196078431372549 0.010723039215686275
1 0.42892156862745096 0.3209252450980392 0.014705882352941176 0.010723039215686275
1 0.852328431372549 0.32276348039215685 0.014297385620915032 0.009497549019607842
1 0.2694035947712418 0.32276348039215685 0.016748366013071895 0.011948529411764705
1 0.5261437908496732 0.3307291666666667 0.01715686274509804 0.011948529411764705
1 0.5367647058823529 0.33455882352941174 0.008169934640522876 0.010416666666666666
1 0.43157679738562094 0.3474264705882353 0.016748366013071895 0.013480392156862746
1 0.7640931372549019 0.3512561274509804 0.0053104575163398695 0.005208333333333333
1 0.6333741830065359 0.3552389705882353 0.02246732026143791 0.013786764705882353
1 0.1090686274509804 0.3553921568627451 0.02287581699346405 0.014093137254901961
1 0.8090277777777778 0.3570772058823529 0.01184640522875817 0.007659313725490196
1 0.7575571895424836 0.3628982843137255 0.00857843137254902 0.005821078431372549
1 0.6450163398692811 0.37285539215686275 0.022058823529411766 0.014705882352941176
1 0.5194035947712419 0.37392769607843135 0.010212418300653595 0.008884803921568627
1 0.16789215686274508 0.3783700980392157 0.02369281045751634 0.016544117647058824
1 0.5827205882352942 0.3834252450980392 0.01919934640522876 0.01133578431372549
1 0.3974673202614379 0.38786764705882354 0.02369281045751634 0.015318627450980392
1 0.5645424836601307 0.3912377450980392 0.017973856209150325 0.014093137254901961
1 0.6766748366013072 0.39338235294117646 0.014297385620915032 0.00857843137254902
1 0.4252450980392157 0.3952205882352941 0.013888888888888888 0.011642156862745098
1 0.060866013071895424 0.39629289215686275 0.021241830065359478 0.016237745098039217
1 0.9019607843137255 0.3978247549019608 0.02287581699346405 0.014399509803921568
1 0.931781045751634 0.4102328431372549 0.01715686274509804 0.012254901960784314
1 0.7420343137254902 0.4108455882352941 0.00857843137254902 0.006127450980392157
1 0.8856209150326797 0.42401960784313725 0.031862745098039214 0.015318627450980392
1 0.06740196078431372 0.42953431372549017 0.02369281045751634 0.014705882352941176
1 0.2875816993464052 0.43474264705882354 0.02369281045751634 0.015318627450980392
1 0.7359068627450981 0.4352022058823529 0.020016339869281044 0.013174019607843137
1 0.1156045751633987 0.4397977941176471 0.021241830065359478 0.012561274509803922
1 0.05024509803921569 0.4411764705882353 0.017973856209150325 0.013480392156862746
1 0.06801470588235294 0.44332107843137253 0.01838235294117647 0.012867647058823529
1 0.5553513071895425 0.4446997549019608 0.016748366013071895 0.010723039215686275
1 0.16380718954248366 0.4492953431372549 0.02042483660130719 0.014399509803921568
1 0.1840277777777778 0.4564950980392157 0.020016339869281044 0.013480392156862746
1 0.670547385620915 0.46170343137254904 0.010212418300653595 0.006740196078431373
1 0.06985294117647059 0.46798406862745096 0.021241830065359478 0.01133578431372549
1 0.2667483660130719 0.46890318627450983 0.02696078431372549 0.019301470588235295
1 0.9901960784313726 0.4722732843137255 0.0196078431372549 0.022365196078431373
1 0.8370098039215687 0.47824754901960786 0.013071895424836602 0.00980392156862745
1 0.39624183006535946 0.4805453431372549 0.018790849673202614 0.01685049019607843
1 0.431781045751634 0.4806985294117647 0.016339869281045753 0.011642156862745098
1 0.3533496732026144 0.48575367647058826 0.02369281045751634 0.018688725490196078
1 0.7787990196078431 0.48651960784313725 0.011029411764705883 0.00857843137254902
1 0.8625408496732027 0.48651960784313725 0.014297385620915032 0.007965686274509803
1 0.3993055555555556 0.4934129901960784 0.015931372549019607 0.01133578431372549
1 0.6380718954248366 0.4957107843137255 0.011437908496732025 0.0055147058823529415
1 0.9172794117647058 0.5004595588235294 0.026552287581699346 0.017463235294117647
1 0.284109477124183 0.500765931372549 0.011029411764705883 0.009497549019607842
1 0.1403186274509804 0.5035232843137255 0.017565359477124183 0.012561274509803922
1 0.4987745098039216 0.5102634803921569 0.013888888888888888 0.009497549019607842
1 0.4027777777777778 0.5119485294117647 0.013888888888888888 0.012254901960784314
1 0.3980800653594771 0.5194546568627451 0.014297385620915032 0.006433823529411764
1 0.6554330065359477 0.5243566176470589 0.006127450980392157 0.004595588235294118
1 0.5810866013071896 0.5307904411764706 0.01511437908496732 0.01011029411764706
1 0.27450980392156865 0.5317095588235294 0.018790849673202614 0.011948529411764705
1 0.7565359477124183 0.5373774509803921 0.015522875816993464 0.00980392156862745
1 0.9395424836601307 0.5384497549019608 0.032679738562091505 0.021752450980392156
1 0.8259803921568627 0.5528492647058824 0.01715686274509804 0.01011029411764706
1 0.2928921568627451 0.5586703431372549 0.017973856209150325 0.012561274509803922
1 0.775531045751634 0.5598958333333334 0.012663398692810458 0.008272058823529412
1 0.11948529411764706 0.5637254901960784 0.026552287581699346 0.01715686274509804
1 0.38909313725490197 0.5742953431372549 0.01919934640522876 0.012561274509803922
1 0.5349264705882353 0.5853247549019608 0.00857843137254902 0.009497549019607842
1 0.6217320261437909 0.5906862745098039 0.015522875816993464 0.011029411764705883
1 0.17912581699346405 0.5925245098039216 0.020833333333333332 0.016544117647058824
1 0.38623366013071897 0.5939031862745098 0.013480392156862746 0.008884803921568627
1 0.25469771241830064 0.5989583333333334 0.020833333333333332 0.01838235294117647
1 0.43137254901960786 0.6096813725490197 0.013071895424836602 0.015931372549019607
1 0.5473856209150327 0.6128982843137255 0.0196078431372549 0.015625
1 0.608251633986928 0.6136642156862745 0.010620915032679739 0.006740196078431373
1 0.4464869281045752 0.6161151960784313 0.021241830065359478 0.013480392156862746
1 0.6262254901960784 0.6168811274509803 0.010620915032679739 0.006433823529411764
1 0.6491013071895425 0.6182598039215687 0.015522875816993464 0.011642156862745098
1 0.0798611111111111 0.6219362745098039 0.02165032679738562 0.013480392156862746
1 0.5590277777777778 0.6312806372549019 0.017565359477124183 0.01133578431372549
1 0.3176062091503268 0.6372549019607843 0.026552287581699346 0.014705882352941176
0 0.715890522875817 0.6383272058823529 0.01184640522875817 0.007659313725490196
1 0.44689542483660133 0.6389399509803921 0.021241830065359478 0.012561274509803922
1 0.1823937908496732 0.6464460784313726 0.020016339869281044 0.015318627450980392
1 0.2005718954248366 0.6522671568627451 0.02287581699346405 0.01838235294117647
1 0.4440359477124183 0.6580882352941176 0.014705882352941176 0.009191176470588236
1 0.2246732026143791 0.6596200980392157 0.02369281045751634 0.016544117647058824
1 0.7448937908496732 0.6608455882352942 0.01919934640522876 0.011642156862745098
1 0.16809640522875818 0.6617647058823529 0.024918300653594773 0.015318627450980392
1 0.7201797385620915 0.6662071078431373 0.016339869281045753 0.010723039215686275
0 0.49264705882352944 0.6700367647058824 0.013888888888888888 0.007352941176470588
0 0.7894199346405228 0.6714154411764706 0.015931372549019607 0.008884803921568627
0 0.4456699346405229 0.6757046568627451 0.016339869281045753 0.01133578431372549
0 0.8645833333333334 0.6796875 0.01511437908496732 0.009497549019607842
0 0.9328022875816994 0.6812193627450981 0.016748366013071895 0.012561274509803922
1 0.5708741830065359 0.6888786764705882 0.020016339869281044 0.013174019607843137
0 0.7326388888888888 0.6897977941176471 0.01511437908496732 0.01133578431372549
1 0.5377859477124183 0.6917892156862745 0.020833333333333332 0.012867647058823529
0 0.10416666666666667 0.6930147058823529 0.02696078431372549 0.017769607843137254
1 0.6072303921568627 0.6937806372549019 0.01919934640522876 0.013786764705882353
0 0.31985294117647056 0.6974571078431373 0.014705882352941176 0.013786764705882353
0 0.47630718954248363 0.7006740196078431 0.02287581699346405 0.015931372549019607
0 0.18709150326797386 0.7041973039215687 0.015522875816993464 0.010723039215686275
0 0.5210375816993464 0.7071078431372549 0.016748366013071895 0.011642156862745098
0 0.5428921568627451 0.7107843137254902 0.027777777777777776 0.016544117647058824
0 0.3588643790849673 0.7113970588235294 0.01919934640522876 0.012254901960784314
0 0.6527777777777778 0.7192095588235294 0.022058823529411766 0.013174019607843137
0 0.2722630718954248 0.7222732843137255 0.014297385620915032 0.011948529411764705
0 0.8566176470588235 0.7288602941176471 0.021241830065359478 0.015318627450980392
0 0.16258169934640523 0.7296262254901961 0.015522875816993464 0.01133578431372549
0 0.8237336601307189 0.7319240196078431 0.016748366013071895 0.011642156862745098
0 0.26143790849673204 0.7363664215686274 0.015522875816993464 0.011948529411764705
0 0.23835784313725492 0.7380514705882353 0.016748366013071895 0.012867647058823529
0 0.7316176470588235 0.7539828431372549 0.012254901960784314 0.00857843137254902
0 0.5502450980392157 0.7568933823529411 0.017973856209150325 0.010723039215686275
0 0.8041258169934641 0.7579656862745098 0.025735294117647058 0.020833333333333332
0 0.8390522875816994 0.7579656862745098 0.02369281045751634 0.014705882352941176
0 0.3341503267973856 0.7587316176470589 0.018790849673202614 0.011948529411764705
0 0.024509803921568627 0.7610294117647058 0.02369281045751634 0.012254901960784314
0 0.5106209150326797 0.7650122549019608 0.017973856209150325 0.012254901960784314
0 0.18525326797385622 0.7651654411764706 0.016748366013071895 0.010723039215686275
0 0.41380718954248363 0.7670036764705882 0.02042483660130719 0.013786764705882353
0 0.05821078431372549 0.7682291666666666 0.01919934640522876 0.011948529411764705
0 0.2710375816993464 0.7682291666666666 0.017565359477124183 0.010723039215686275
0 0.33517156862745096 0.7685355392156863 0.015931372549019607 0.011948529411764705
0 0.24040032679738563 0.7693014705882353 0.015931372549019607 0.010416666666666666
0 0.6113153594771242 0.7697610294117647 0.014297385620915032 0.013174019607843137
0 0.31924019607843135 0.7711397058823529 0.016748366013071895 0.014705882352941176
0 0.4513888888888889 0.7712928921568627 0.00980392156862745 0.008884803921568627
0 0.5412581699346405 0.7731311274509803 0.013071895424836602 0.01133578431372549
0 0.7408088235294118 0.7749693627450981 0.020833333333333332 0.011948529411764705
0 0.6956699346405228 0.7763480392156863 0.025326797385620915 0.014093137254901961
0 0.5261437908496732 0.7789522058823529 0.012254901960784314 0.01133578431372549
0 0.5702614379084967 0.7794117647058824 0.0196078431372549 0.014705882352941176
0 0.17749183006535948 0.7815563725490197 0.014297385620915032 0.010416666666666666
0 0.2326388888888889 0.7841605392156863 0.02165032679738562 0.010723039215686275
0 0.676062091503268 0.7844669117647058 0.026143790849673203 0.011948529411764705
0 0.19648692810457516 0.7858455882352942 0.013071895424836602 0.010416666666666666
0 0.40584150326797386 0.7873774509803921 0.01838235294117647 0.012867647058823529
0 0.6938316993464052 0.7905943627450981 0.014297385620915032 0.008272058823529412
0 0.9044117647058824 0.7941176470588235 0.021241830065359478 0.014093137254901961
0 0.727328431372549 0.7950367647058824 0.0298202614379085 0.011642156862745098
0 0.41482843137254904 0.7951899509803921 0.016748366013071895 0.011948529411764705
0 0.2167075163398693 0.7956495098039216 0.017565359477124183 0.010416666666666666
0 0.5665849673202614 0.7970281862745098 0.012254901960784314 0.009497549019607842
0 0.7994281045751634 0.8000919117647058 0.03349673202614379 0.02297794117647059
0 0.8666258169934641 0.8011642156862745 0.020016339869281044 0.011642156862745098
0 0.13398692810457516 0.8011642156862745 0.02369281045751634 0.014093137254901961
0 0.7150735294117647 0.8106617647058824 0.027369281045751634 0.01838235294117647
0 0.3694852941176471 0.8227634803921569 0.02246732026143791 0.015625
0 0.59375 0.8327205882352942 0.020016339869281044 0.013480392156862746
0 0.5447303921568627 0.8385416666666666 0.023284313725490197 0.017769607843137254
0 0.6597222222222222 0.8393075980392157 0.029411764705882353 0.019301470588235295
0 0.3958333333333333 0.8480392156862745 0.017973856209150325 0.013480392156862746
0 0.20241013071895425 0.8503370098039216 0.01838235294117647 0.014399509803921568
0 0.6176470588235294 0.8530943627450981 0.029411764705882353 0.01991421568627451
0 0.015522875816993464 0.8581495098039216 0.025326797385620915 0.017769607843137254
0 0.40951797385620914 0.8639705882352942 0.014297385620915032 0.011029411764705883
0 0.06229575163398693 0.8670343137254902 0.015931372549019607 0.011029411764705883
0 0.8980800653594772 0.8719362745098039 0.027369281045751634 0.023284313725490197
0 0.9889705882352942 0.8720894607843137 0.021241830065359478 0.013786764705882353
0 0.6090686274509803 0.8772977941176471 0.02042483660130719 0.015012254901960785
0 0.9846813725490197 0.8910845588235294 0.025735294117647058 0.022365196078431373
0 0.8415032679738562 0.9540441176470589 0.022058823529411766 0.026348039215686275
1 0.5020424836601307 0.12270220588235294 0.0196078431372549 0.01011029411764706
1 0.5861928104575164 0.15410539215686275 0.012254901960784314 0.009191176470588236
1 0.6803513071895425 0.1564031862745098 0.012663398692810458 0.015012254901960785
1 0.7512254901960784 0.16145833333333334 0.017973856209150325 0.014093137254901961
1 0.7293709150326797 0.16789215686274508 0.014297385620915032 0.014093137254901961
1 0.5177696078431373 0.17401960784313725 0.017565359477124183 0.013480392156862746
1 0.6270424836601307 0.17830882352941177 0.014705882352941176 0.012867647058823529
1 0.4728349673202614 0.18443627450980393 0.016748366013071895 0.014093137254901961
1 0.9953022875816994 0.18566176470588236 0.009395424836601307 0.0196078431372549
1 0.29983660130718953 0.19132965686274508 0.011437908496732025 0.01011029411764706
1 0.3241421568627451 0.19791666666666666 0.01919934640522876 0.015318627450980392
1 0.6891339869281046 0.20021446078431374 0.014705882352941176 0.01011029411764706
1 0.46895424836601307 0.2032781862745098 0.012254901960784314 0.008272058823529412
1 0.6076388888888888 0.20542279411764705 0.017565359477124183 0.015012254901960785
1 0.2937091503267974 0.20634191176470587 0.016339869281045753 0.01011029411764706
1 0.37520424836601307 0.20634191176470587 0.020016339869281044 0.014399509803921568
1 0.13419117647058823 0.20695465686274508 0.020016339869281044 0.014399509803921568
1 0.6975081699346405 0.20726102941176472 0.01919934640522876 0.013786764705882353
1 0.5073529411764706 0.21568627450980393 0.010620915032679739 0.00980392156862745
1 0.23835784313725492 0.21966911764705882 0.017565359477124183 0.013480392156862746
1 0.6973039215686274 0.22227328431372548 0.0196078431372549 0.013786764705882353
1 0.8361928104575164 0.22503063725490197 0.015522875816993464 0.01133578431372549
1 0.13827614379084968 0.22886029411764705 0.014297385620915032 0.012254901960784314
1 0.37683823529411764 0.22916666666666666 0.01838235294117647 0.014093137254901961
1 0.6039624183006536 0.23514093137254902 0.017565359477124183 0.015625
1 0.8345588235294118 0.23728553921568626 0.017973856209150325 0.010723039215686275
1 0.4266748366013072 0.24111519607843138 0.012663398692810458 0.00980392156862745
1 0.08026960784313726 0.24126838235294118 0.013480392156862746 0.012561274509803922
1 0.5700571895424836 0.24448529411764705 0.007761437908496732 0.00980392156862745
1 0.6354166666666666 0.24479166666666666 0.017565359477124183 0.012867647058823529
1 0.5616830065359477 0.24754901960784315 0.015522875816993464 0.012254901960784314
1 0.49142156862745096 0.24770220588235295 0.016339869281045753 0.010723039215686275
1 0.7493872549019608 0.24800857843137256 0.01838235294117647 0.011948529411764705
1 0.8051470588235294 0.2624080882352941 0.02042483660130719 0.012561274509803922
1 0.3598856209150327 0.26608455882352944 0.015522875816993464 0.012561274509803922
1 0.46834150326797386 0.2679227941176471 0.016748366013071895 0.01011029411764706
1 0.22058823529411764 0.28630514705882354 0.0196078431372549 0.013174019607843137
1 0.7581699346405228 0.28722426470588236 0.01715686274509804 0.013786764705882353
1 0.38909313725490197 0.29013480392156865 0.01184640522875817 0.007352941176470588
1 0.8741830065359477 0.2928921568627451 0.026143790849673203 0.014093137254901961
1 0.9499591503267973 0.29672181372549017 0.024101307189542485 0.013786764705882353
1 0.5053104575163399 0.2974877450980392 0.011437908496732025 0.006740196078431373
1 0.5238970588235294 0.2977941176470588 0.01184640522875817 0.00857843137254902
1 0.5580065359477124 0.3000919117647059 0.010620915032679739 0.008884803921568627
1 0.7636846405228758 0.30162377450980393 0.01838235294117647 0.011948529411764705
1 0.25796568627450983 0.30269607843137253 0.020833333333333332 0.014093137254901961
1 0.1213235294117647 0.30514705882352944 0.021241830065359478 0.015931372549019607
0 0.8727246732026143 0.6523008578431373 0.016691176470588234 0.009871323529411764
0 0.9037377450980392 0.6190088848039216 0.01825980392156863 0.01191482843137255
0 0.7638786764705882 0.597562806372549 0.011417483660130718 0.008851102941176471
0 0.7820363562091504 0.6313311887254902 0.019138071895424838 0.010211397058823528
0 0.7531862745098039 0.614685968137255 0.011274509803921568 0.008170955882352941
1 0.7133415032679739 0.6076731004901961 0.014918300653594773 0.008851102941176471
1 0.3973897058823529 0.6185401348039216 0.022720588235294117 0.017104779411764706
1 0.3671303104575163 0.5741161151960784 0.02102532679738562 0.014041053921568626