0 0.16115196078431374 0.6870404411764706 0.013480392156862746 0.008272058823529412
0 0.8220996732026143 0.6911764705882353 0.012663398692810458 0.00857843137254902
1 0.8029003267973857 0.30300245098039214 0.02165032679738562 0.01715686274509804
1 0.42034313725490197 0.34987745098039214 0.029411764705882353 0.02022058823529412
0 0.6243872549019608 0.6603860294117647 0.014297385620915032 0.01011029411764706
0 0.9816176470588235 0.7604166666666666 0.018790849673202614 0.012867647058823529
1 0.5780228758169934 0.44347426470588236 0.02696078431372549 0.017463235294117647
0 0.6783088235294118 0.8700980392156863 0.01919934640522876 0.011642156862745098
0 0.36437908496732024 0.6628370098039216 0.015522875816993464 0.010723039215686275
0 0.815359477124183 0.8886335784313726 0.02369281045751634 0.013174019607843137
1 0.7628676470588235 0.6574754901960784 0.020833333333333332 0.014705882352941176
1 0.5594362745098039 0.3314950980392157 0.025735294117647058 0.017769607843137254
1 0.2769607843137255 0.5121017156862745 0.027777777777777776 0.018688725490196078
0 0.8196486928104575 0.8154105392156863 0.024101307189542485 0.013786764705882353
1 0.4838643790849673 0.41942401960784315 0.024918300653594773 0.016544117647058824
0 0.46017156862745096 0.7797181372549019 0.01838235294117647 0.012254901960784314
1 0.3886846405228758 0.32766544117647056 0.024918300653594773 0.018075980392156864
0 0.7804330065359477 0.7251838235294118 0.015931372549019607 0.00980392156862745
0 0.08884803921568628 0.7780330882352942 0.03145424836601307 0.020526960784313725
0 0.9881535947712419 0.9080882352941176 0.02369281045751634 0.022058823529411766
0 0.3059640522875817 0.7113970588235294 0.015522875816993464 0.012254901960784314
1 0.6703431372549019 0.6674325980392157 0.022058823529411766 0.015625
0 0.7902369281045751 0.7717524509803921 0.01838235294117647 0.011642156862745098
1 0.041666666666666664 0.49172794117647056 0.041666666666666664 0.026348039215686275
1 0.7181372549019608 0.6675857843137255 0.018790849673202614 0.015318627450980392
0 0.809640522875817 0.7057291666666666 0.015522875816993464 0.01011029411764706
0 0.4789624183006536 0.7775735294117647 0.020016339869281044 0.014705882352941176
1 0.5130718954248366 0.600796568627451 0.04003267973856209 0.025735294117647058
0 0.14460784313725492 0.6602328431372549 0.022058823529411766 0.014705882352941176
0 0.5316584967320261 0.7670036764705882 0.01919934640522876 0.013786764705882353
0 0.18075980392156862 0.6919424019607843 0.02246732026143791 0.015012254901960785
0 0.9342320261437909 0.9641544117647058 0.02369281045751634 0.01715686274509804
0 0.48590686274509803 0.9117647058823529 0.026552287581699346 0.018995098039215685
1 0.24571078431372548 0.5409007352941176 0.025735294117647058 0.018075980392156864
1 0.21997549019607843 0.30284926470588236 0.026552287581699346 0.018075980392156864
0 0.255718954248366 0.7167585784313726 0.017973856209150325 0.013174019607843137
1 0.4440359477124183 0.6948529411764706 0.025326797385620915 0.01838235294117647
0 0.24101307189542484 0.8198529411764706 0.02287581699346405 0.016544117647058824
1 0.190359477124183 0.6190257352941176 0.029411764705882353 0.019301470588235295
0 0.9227941176470589 0.7484681372549019 0.0196078431372549 0.013480392156862746
0 0.9101307189542484 0.7112438725490197 0.018790849673202614 0.011948529411764705
1 0.7022058823529411 0.4840686274509804 0.03349673202614379 0.025735294117647058
1 0.6017156862745098 0.6360294117647058 0.032679738562091505 0.02389705882352941
0 0.025531045751633986 0.8368566176470589 0.04534313725490196 0.030943627450980393
0 0.9291258169934641 0.8154105392156863 0.02246732026143791 0.015625
1 0.5414624183006536 0.42371323529411764 0.034722222222222224 0.02389705882352941
1 0.025531045751633986 0.5309436274509803 0.04779411764705882 0.031862745098039214
0 0.784109477124183 0.7830882352941176 0.020833333333333332 0.014705882352941176
1 0.539828431372549 0.6818321078431373 0.02900326797385621 0.02420343137254902
1 0.5878267973856209 0.696078431372549 0.03022875816993464 0.02267156862745098
0 0.8298611111111112 0.7783394607843137 0.025735294117647058 0.01685049019607843
0 0.8862336601307189 0.9068627450980392 0.024918300653594773 0.0196078431372549
0 0.5970179738562091 0.8979779411764706 0.027369281045751634 0.020833333333333332
0 0.9679330065359477 0.9560355392156863 0.028186274509803922 0.021139705882352942
0 0.18443627450980393 0.8310355392156863 0.028186274509803922 0.020526960784313725
0 0.8376225490196079 0.9246323529411765 0.0298202614379085 0.02267156862745098
0 0.7265114379084967 0.9295343137254902 0.02900326797385621 0.02267156862745098
1 0.3316707516339869 0.34359681372549017 0.024452614379084966 0.018688725490196078
1 0.3655718954248366 0.3330269607843137 0.02934640522875817 0.020833333333333332