1 0.16194240196078433 0.058823529411764705 0.05100898692810458 0.03676470588235294
1 0.3770588235294117 0.02297794117647059 0.04823529411764706 0.03676470588235294
1 0.6596017156862745 0.010211397058823528 0.03488970588235294 0.020422794117647056
1 0.7095996732026143 0.021190257352941173 0.03929738562091503 0.023998161764705882
1 0.6011580882352942 0.02425398284313725 0.04136846405228758 0.023998161764705882
1 0.7388725490196079 0.14159466911764707 0.05290849673202615 0.045444240196078435
1 0.8178390522875817 0.08797947303921569 0.03518790849673203 0.02706188725490196
1 0.3264297385620915 0.17769607843137256 0.04093137254901961 0.03676470588235294
1 0.24649101307189542 0.17830882352941177 0.043635620915032675 0.03676470588235294
1 0.25030433006535946 0.19929534313725492 0.025118464052287584 0.01991421568627451
1 0.29094566993464055 0.22559283088235296 0.02306781045751634 0.01736213235294118
1 0.5889726307189542 0.2189031862745098 0.04069035947712418 0.03216911764705882
1 0.6565032679738562 0.2952405024509804 0.03522875816993464 0.02859375
1 0.7550061274509804 0.3181173406862745 0.05086192810457517 0.035744485294117646
1 0.7938071895424836 0.3588648897058824 0.05493464052287581 0.04493566176470588
1 0.8241013071895426 0.37275275735294117 0.05016339869281046 0.04084865196078432
1 0.8449325980392157 0.43096354166666667 0.05424428104575163 0.03778492647058823
1 0.8684170751633988 0.4612438725490196 0.048108660130718954 0.03216911764705882
1 0.7870016339869281 0.2629702818627451 0.04949346405228758 0.03268075980392157
1 0.8216584967320262 0.28860294117647056 0.04446078431372549 0.03370098039215686
1 0.8479942810457516 0.2631234681372549 0.048112745098039214 0.034212622549019606
1 0.8856638071895425 0.23299632352941177 0.04583741830065359 0.0352328431372549
1 0.9572549019607843 0.24137101715686277 0.04604575163398693 0.03727634803921569
1 0.9558251633986928 0.1715686274509804 0.04808823529411765 0.03982843137254902
1 0.9376593137254902 0.32128216911764707 0.04198529411764706 0.02553002450980392
1 0.8840849673202613 0.31888327205882355 0.030424836601307192 0.021957720588235294
1 0.9023958333333334 0.19643535539215684 0.055608660130718954 0.033189338235294116
1 0.9456924019607843 0.13337469362745097 0.031090686274509803 0.020425857843137257
1 0.9429023692810458 0.42458180147058827 0.034497549019607845 0.028085171568627453
1 0.10368464052287582 0.28965839460784315 0.060310457516339865 0.036424632352941175
1 0.024293300653594772 0.16299019607843138 0.048586601307189545 0.03676470588235294
1 0.015518790849673203 0.29605851715686277 0.031037581699346405 0.02961703431372549
0 0.04219362745098039 0.5277098651960784 0.027197712418300653 0.018042279411764707
0 0.3406311274509804 0.4671155024509804 0.02031454248366013 0.013275122549019608
0 0.37126429738562094 0.38299938725490196 0.01622140522875817 0.012935049019607842
0 0.4012173202614379 0.41503216911764707 0.018937908496732027 0.013275122549019608
0 0.4490951797385621 0.8242447916666666 0.05750408496732026 0.03268075980392157
0 0.0754125816993464 0.8475628063725491 0.04625 0.02723345588235294
0 0.8631004901960784 0.828704044117647 0.044828431372549014 0.026893382352941177
0 0.9233680555555557 0.6743933823529411 0.028925653594771242 0.019742647058823528
0 0.7075735294117648 0.6578155637254902 0.0344281045751634 0.0190625
0 0.6960028594771243 0.39808057598039215 0.01945669934640523 0.014298406862745099
0 0.6358700980392157 0.38596200980392154 0.017655228758169935 0.010894607843137255
0 0.7413643790849673 0.3811948529411765 0.018676470588235294 0.010551470588235294
1 0.9199183006535948 0.39750153186274506 0.03754901960784314 0.024169730392156863
0 0.5657536764705882 0.3815012254901961 0.02039624183006536 0.010551470588235294
1 0.46030024509803924 0.03275582107843137 0.026809640522875815 0.023232230392156862
1 0.47658496732026145 0.036867340686274515 0.024248366013071895 0.020425857843137257
1 0.8705841503267974 0.36871936274509803 0.04672385620915032 0.026041666666666668