1 0.36090686274509803 0.3405330882352941 0.016748366013071895 0.010723039215686275
1 0.8233251633986928 0.5275735294117647 0.017565359477124183 0.012254901960784314
1 0.9155269607843137 0.4163924632352941 0.01814542483660131 0.012319240196078432
1 0.4536356209150327 0.5159313725490197 0.017565359477124183 0.011029411764705883
1 0.7506127450980392 0.42723651960784315 0.015931372549019607 0.01133578431372549
1 0.429125816993464 0.3834252450980392 0.020016339869281044 0.014399509803921568
1 0.4352532679738562 0.4152879901960784 0.016748366013071895 0.011948529411764705
1 0.7036356209150327 0.5718443627450981 0.017565359477124183 0.01133578431372549
1 0.2667483660130719 0.4459252450980392 0.02042483660130719 0.013786764705882353
1 0.2853349673202614 0.4632352941176471 0.017565359477124183 0.012254901960784314
1 0.8245506535947712 0.5439644607843137 0.017565359477124183 0.011948529411764705
1 0.5688316993464052 0.5438112745098039 0.013480392156862746 0.00980392156862745
1 0.411968954248366 0.3333333333333333 0.01511437908496732 0.010416666666666666
0 0.19301470588235295 0.678921568627451 0.015931372549019607 0.00980392156862745
1 0.4264705882352941 0.3069852941176471 0.018790849673202614 0.011642156862745098
1 0.40665849673202614 0.41942401960784315 0.015931372549019607 0.011642156862745098
1 0.42483660130718953 0.546875 0.015522875816993464 0.011029411764705883
1 0.6721813725490197 0.3788296568627451 0.017565359477124183 0.011948529411764705
1 0.6828022875816994 0.5209865196078431 0.01919934640522876 0.011948529411764705
1 0.5700571895424836 0.47840073529411764 0.017565359477124183 0.010723039215686275
1 0.7361111111111112 0.3872549019607843 0.021241830065359478 0.014093137254901961
1 0.4507761437908497 0.508578431372549 0.016748366013071895 0.012867647058823529
1 0.6486928104575164 0.5922181372549019 0.017973856209150325 0.013480392156862746
1 0.4622140522875817 0.5566789215686274 0.014297385620915032 0.010416666666666666
0 0.3165849673202614 0.6942401960784313 0.013888888888888888 0.00857843137254902
1 0.4681372549019608 0.47518382352941174 0.016339869281045753 0.012254901960784314
1 0.727328431372549 0.3662683823529412 0.01919934640522876 0.012561274509803922
1 0.43729575163398693 0.30361519607843135 0.017565359477124183 0.012254901960784314
1 0.6499183006535948 0.6037071078431373 0.017973856209150325 0.015625
1 0.4491850490196079 0.42246323529411767 0.01520016339869281 0.012205882352941178
1 0.5437091503267973 0.5001531862745098 0.015522875816993464 0.010723039215686275
1 0.4223549836601307 0.29837469362745095 0.01709558823529412 0.012190563725490195
1 0.6850490196078431 0.6001838235294118 0.02042483660130719 0.014093137254901961
1 0.4922385620915033 0.46568627450980393 0.016339869281045753 0.011029411764705883
1 0.6529820261437909 0.3443627450980392 0.01838235294117647 0.014093137254901961
1 0.33639705882352944 0.5389093137254902 0.016748366013071895 0.011642156862745098
0 0.5234885620915033 0.6389399509803921 0.01511437908496732 0.01011029411764706
1 0.42054738562091504 0.4186580882352941 0.016748366013071895 0.010723039215686275
1 0.8106617647058824 0.5493259803921569 0.020833333333333332 0.013480392156862746
1 0.7933006535947712 0.5577512254901961 0.018790849673202614 0.012561274509803922
1 0.6919934640522876 0.39920343137254904 0.02042483660130719 0.014093137254901961
0 0.5712826797385621 0.6576286764705882 0.01838235294117647 0.012561274509803922
1 0.3939950980392157 0.4028799019607843 0.020016339869281044 0.014093137254901961
1 0.6495098039215687 0.4889705882352941 0.016339869281045753 0.012254901960784314
1 0.6713643790849673 0.5021446078431373 0.01511437908496732 0.011029411764705883
1 0.8656045751633987 0.5637254901960784 0.02042483660130719 0.014705882352941176
1 0.5230800653594772 0.5669424019607843 0.020016339869281044 0.013786764705882353
1 0.6429738562091504 0.4465379901960784 0.015522875816993464 0.01133578431372549
1 0.7624591503267973 0.49065563725490197 0.020833333333333332 0.013174019607843137
1 0.8100490196078431 0.5890012254901961 0.022058823529411766 0.014399509803921568
1 0.4305555555555556 0.37668504901960786 0.018790849673202614 0.011948529411764705
1 0.020016339869281044 0.2193627450980392 0.01715686274509804 0.012867647058823529
1 0.5551470588235294 0.3558517156862745 0.01715686274509804 0.011948529411764705
1 0.5616830065359477 0.40456495098039214 0.016339869281045753 0.01133578431372549
1 0.4891748366013072 0.49785539215686275 0.01511437908496732 0.010416666666666666
1 0.1854575163398693 0.5087316176470589 0.0196078431372549 0.012561274509803922
1 0.7163643790849673 0.37562959558823533 0.018513071895424837 0.014126838235294117
1 0.6253329248366013 0.5633700980392157 0.01618872549019608 0.010931372549019608
0 0.7984068627450981 0.7207414215686274 0.020833333333333332 0.013786764705882353
1 0.46691176470588236 0.5318627450980392 0.016339869281045753 0.011642156862745098
1 0.1597222222222222 0.5349264705882353 0.01715686274509804 0.013480392156862746
1 0.4750816993464052 0.4016544117647059 0.0196078431372549 0.014705882352941176
1 0.6288807189542484 0.4325980392156863 0.016748366013071895 0.011029411764705883
1 0.6875 0.3405330882352941 0.016339869281045753 0.012561274509803922
1 0.7775735294117647 0.5065870098039216 0.016748366013071895 0.011948529411764705
1 0.7397875816993464 0.3555453431372549 0.0196078431372549 0.013786764705882353
1 0.7181372549019608 0.3599877450980392 0.01715686274509804 0.011029411764705883
1 0.752312091503268 0.3952205882352941 0.018513071895424837 0.013480392156862746
1 0.5557598039215687 0.42049632352941174 0.016748366013071895 0.011948529411764705
1 0.8872549019607843 0.5127144607843137 0.017973856209150325 0.012561274509803922
1 0.4150326797385621 0.4397977941176471 0.014705882352941176 0.010723039215686275
1 0.5765931372549019 0.5943627450980392 0.016748366013071895 0.011642156862745098
1 0.6213235294117647 0.4572610294117647 0.016339869281045753 0.01133578431372549
0 0.12152777777777778 0.6668198529411765 0.014297385620915032 0.01011029411764706
1 0.1417483660130719 0.5782781862745098 0.017973856209150325 0.011948529411764705
1 0.42064542483660133 0.49404258578431376 0.019395424836601307 0.014433210784313725
1 0.5398713235294118 0.4259068627450981 0.016834150326797387 0.012965686274509804
1 0.41125 0.36247089460784315 0.015310457516339868 0.011706495098039216
0 0.42483660130718953 0.6888786764705882 0.016339869281045753 0.01133578431372549
1 0.8821486928104575 0.4756433823529412 0.02165032679738562 0.015012254901960785
1 0.7303921568627451 0.44347426470588236 0.017973856209150325 0.012561274509803922
1 0.7048611111111112 0.3708563112745098 0.017565359477124183 0.016222426470588237
1 0.2085375816993464 0.48330269607843135 0.02165032679738562 0.014399509803921568
1 0.6004901960784313 0.4638480392156863 0.014705882352941176 0.011642156862745098
1 0.4783496732026144 0.5908394607843137 0.018790849673202614 0.01133578431372549
1 0.37540849673202614 0.3521752450980392 0.016339869281045753 0.01133578431372549
1 0.7881944444444444 0.35830269607843135 0.01919934640522876 0.013174019607843137
0 0.8284742647058824 0.6871446078431372 0.015608660130718955 0.009705882352941177
1 0.7532679738562091 0.5454963235294118 0.02042483660130719 0.013786764705882353
0 0.8384395424836601 0.6564031862745098 0.016748366013071895 0.010723039215686275
1 0.48651960784313725 0.516390931372549 0.015522875816993464 0.011948529411764705
1 0.5759803921568627 0.46951593137254904 0.016339869281045753 0.011948529411764705
1 0.4673202614379085 0.6165747549019608 0.018790849673202614 0.013786764705882353
1 0.7691993464052288 0.3831188725490196 0.018790849673202614 0.01133578431372549
1 0.19383169934640523 0.35983455882352944 0.020833333333333332 0.015012254901960785
1 0.36764705882352944 0.3284313725490196 0.01715686274509804 0.012254901960784314
1 0.6654411764705882 0.33425245098039214 0.02042483660130719 0.013480392156862746
1 0.4334150326797386 0.32919730392156865 0.015522875816993464 0.01133578431372549
0 0.02246732026143791 0.632046568627451 0.016339869281045753 0.011642156862745098
1 0.29268790849673204 0.532015931372549 0.01919934640522876 0.013786764705882353
1 0.37806372549019607 0.37454044117647056 0.01919934640522876 0.012561274509803922
1 0.2455065359477124 0.48912377450980393 0.021241830065359478 0.013786764705882353
1 0.7710375816993464 0.4016544117647059 0.01919934640522876 0.012867647058823529
1 0.4025735294117647 0.5217524509803921 0.01838235294117647 0.014705882352941176
1 0.4652777777777778 0.5079656862745098 0.017973856209150325 0.012867647058823529
1 0.758578431372549 0.37714460784313725 0.017973856209150325 0.012867647058823529
1 0.5787765522875817 0.3461764705882353 0.017847222222222223 0.010980392156862745
1 0.0570608660130719 0.6123422181372549 0.01608251633986928 0.01206188725490196
1 0.6889297385620915 0.578125 0.01919934640522876 0.014093137254901961
1 0.2093545751633987 0.5333946078431373 0.01838235294117647 0.014705882352941176
1 0.5116421568627451 0.5110294117647058 0.015931372549019607 0.011642156862745098
1 0.5093852124183006 0.4618566176470588 0.019587418300653595 0.015012254901960785
1 0.13664215686274508 0.5669424019607843 0.01838235294117647 0.013174019607843137
0 0.3939950980392157 0.7737438725490197 0.02165032679738562 0.016237745098039217
1 0.6237745098039216 0.5263480392156863 0.014705882352941176 0.011029411764705883
1 0.6305147058823529 0.41329656862745096 0.020833333333333332 0.014093137254901961
1 0.49244281045751637 0.5602022058823529 0.020016339869281044 0.015625
1 0.03308823529411765 0.3509497549019608 0.02369281045751634 0.01685049019607843
1 0.6090686274509803 0.40548406862745096 0.0196078431372549 0.013174019607843137
1 0.6674836601307189 0.6044730392156863 0.022058823529411766 0.01715686274509804
1 0.19669117647058823 0.5289522058823529 0.017565359477124183 0.014399509803921568
1 0.4562908496732026 0.3371629901960784 0.01715686274509804 0.013174019607843137
1 0.6666666666666666 0.42294730392156865 0.021241830065359478 0.015012254901960785
1 0.6141748366013072 0.47549019607843135 0.015931372549019607 0.011642156862745098
1 0.3790849673202614 0.4569546568627451 0.017973856209150325 0.011948529411764705
1 0.15012254901960784 0.5585171568627451 0.01838235294117647 0.013480392156862746
1 0.7032271241830066 0.33808210784313725 0.01838235294117647 0.014399509803921568
1 0.2563316993464052 0.5062806372549019 0.02246732026143791 0.015012254901960785
1 0.5453431372549019 0.33348651960784315 0.017973856209150325 0.011948529411764705
1 0.4180759803921569 0.36662377450980393 0.015890522875816993 0.010821078431372548
1 0.7128267973856209 0.47457107843137253 0.018790849673202614 0.012867647058823529
0 0.23651960784313725 0.7810968137254902 0.02287581699346405 0.01685049019607843
1 0.2957516339869281 0.45067401960784315 0.01715686274509804 0.012867647058823529
1 0.3588643790849673 0.3023897058823529 0.01838235294117647 0.012867647058823529
1 0.5953410947712419 0.3702680759803922 0.015845588235294118 0.012594975490196078
1 0.6362336601307189 0.5150122549019608 0.015931372549019607 0.012254901960784314
1 0.6609477124183006 0.46231617647058826 0.018790849673202614 0.013480392156862746
1 0.3743239379084967 0.3963970588235294 0.01662173202614379 0.012769607843137255
1 0.4089052287581699 0.3174019607843137 0.01715686274509804 0.013480392156862746
1 0.8339460784313726 0.5698529411764706 0.023284313725490197 0.017769607843137254
0 0.545751633986928 0.6629901960784313 0.02042483660130719 0.014705882352941176
1 0.5992647058823529 0.43244485294117646 0.021241830065359478 0.015012254901960785
1 0.974468954248366 0.5065870098039216 0.024101307189542485 0.017463235294117647
0 0.8600898692810458 0.6924019607843137 0.023284313725490197 0.013480392156862746
1 0.3713235294117647 0.5052083333333334 0.02287581699346405 0.016544117647058824
1 0.6772875816993464 0.47411151960784315 0.02042483660130719 0.014399509803921568
1 0.37949346405228757 0.30392156862745096 0.0196078431372549 0.014093137254901961
1 0.42606209150326796 0.3555453431372549 0.01715686274509804 0.013786764705882353
1 0.7704248366013072 0.6326593137254902 0.03104575163398693 0.02144607843137255
1 0.40805555555555556 0.4929702818627451 0.01954248366013072 0.012901348039215686
1 0.45701593137254903 0.42451899509803925 0.016156045751633985 0.013866421568627451
1 0.603625408496732 0.36837316176470586 0.014440359477124184 0.010643382352941178
1 0.7398917483660131 0.39528492647058827 0.017365196078431372 0.011770833333333335
1 0.8203043300653595 0.4537208946078431 0.018876633986928106 0.011608455882352941
1 0.06461805555555555 0.6042631740196078 0.015674019607843138 0.009996936274509805
0 0.16155024509803922 0.6631832107843137 0.01264297385620915 0.007738970588235294
0 0.18003676470588237 0.6736963848039216 0.012851307189542483 0.008544730392156863
0 0.828468137254902 0.6819852941176471 0.014779411764705883 0.009191176470588236
0 0.810453431372549 0.6820664828431372 0.021233660130718954 0.012417279411764705
0 0.6176919934640522 0.6442846200980392 0.01071078431372549 0.005481004901960784
1 0.3779268790849673 0.3913511029411764 0.019742647058823528 0.013707107843137256
1 0.655751633986928 0.5674341299019607 0.013300653594771243 0.010481004901960784