1 0.1624795751633987 0.3736596200980392 0.02185457516339869 0.015088848039215686
1 0.6611519607843137 0.4540441176470588 0.027369281045751634 0.02022058823529412
1 0.11417483660130719 0.3086703431372549 0.017565359477124183 0.013786764705882353
1 0.10110294117647059 0.6084558823529411 0.02165032679738562 0.015318627450980392
0 0.7448937908496732 0.7143075980392157 0.02900326797385621 0.018688725490196078
0 0.004697712418300653 0.944546568627451 0.009395424836601307 0.03002450980392157
1 0.09048202614379085 0.5099571078431373 0.024918300653594773 0.018075980392156864
0 0.28375204248366015 0.7020343137254902 0.016033496732026142 0.011911764705882354
1 0.020451388888888887 0.5770909926470589 0.02456290849673203 0.01631433823529412
1 0.29125816993464054 0.3472732843137255 0.022058823529411766 0.015625
1 0.3770424836601307 0.6533394607843137 0.032679738562091505 0.022365196078431373
0 0.3374183006535948 0.6901041666666666 0.0196078431372549 0.015625
0 0.9099264705882353 0.6697303921568627 0.02900326797385621 0.01838235294117647
0 0.12111928104575163 0.9393382352941176 0.03227124183006536 0.025735294117647058
1 0.39358660130718953 0.5526960784313726 0.027369281045751634 0.022058823529411766
1 0.4170751633986928 0.6269730392156863 0.03349673202614379 0.024166666666666666
1 0.08496732026143791 0.5958946078431373 0.026143790849673203 0.017769607843137254
0 0.4526143790849673 0.7647058823529411 0.032679738562091505 0.02389705882352941
0 0.6474673202614379 0.9690563725490197 0.05065359477124183 0.042279411764705885
0 0.01919934640522876 0.9076286764705882 0.028594771241830064 0.022365196078431373
0 0.2817177287581699 0.6956387867647059 0.01604983660130719 0.010150122549019609