1 0.04595588235294118 0.03462009803921569 0.05106209150326797 0.03615196078431373
0 0.33231209150326796 0.36856617647058826 0.020833333333333332 0.012254901960784314
0 0.32802287581699346 0.38112745098039214 0.02369281045751634 0.009191176470588236
0 0.25796568627450983 0.40824142156862747 0.027369281045751634 0.015625
0 0.5298202614379085 0.4247855392156863 0.022058823529411766 0.015012254901960785
0 0.1309232026143791 0.4401041666666667 0.027369281045751634 0.016237745098039217
0 0.5518790849673203 0.4414828431372549 0.029411764705882353 0.01715686274509804
0 0.21752450980392157 0.4427083333333333 0.03227124183006536 0.015931372549019607
0 0.2875816993464052 0.45036764705882354 0.02287581699346405 0.015931372549019607
0 0.16973039215686275 0.4834558823529412 0.03390522875816993 0.0196078431372549
0 0.627859477124183 0.48575367647058826 0.018790849673202614 0.015625
0 0.08006535947712418 0.5108762254901961 0.03676470588235294 0.020526960784313725
0 0.09211601307189543 0.5303308823529411 0.030637254901960783 0.018995098039215685
0 0.23958333333333334 0.5422794117647058 0.05106209150326797 0.037377450980392156
0 0.032475490196078434 0.5484068627450981 0.0428921568627451 0.024509803921568627
0 0.11233660130718955 0.5595894607843137 0.04738562091503268 0.030943627450980393
0 0.6491013071895425 0.5693933823529411 0.02369281045751634 0.01685049019607843
0 0.43280228758169936 0.5966605392156863 0.04534313725490196 0.029105392156862746
0 0.19669117647058823 0.6092218137254902 0.053513071895424834 0.03768382352941176
1 0.7820669934640523 0.15701593137254902 0.025735294117647058 0.017463235294117647
1 0.5106209150326797 0.16850490196078433 0.03676470588235294 0.020833333333333332
1 0.6433823529411765 0.17049632352941177 0.02287581699346405 0.015625
1 0.1204718137254902 0.20526960784313725 0.06529003267973857 0.05392156862745098
1 0.785422794117647 0.04779411764705882 0.034080882352941176 0.023284313725490197
1 0.7335498366013072 0.012561274509803922 0.03491013071895425 0.025122549019607844
1 0.9643218954248366 0.11366421568627451 0.038937908496732024 0.03125
1 0.9790257352941177 0.20955882352941177 0.03076388888888889 0.024509803921568627
1 0.6939297385620915 0.4950980392156863 0.03900326797385621 0.02696078431372549
1 0.5481168300653595 0.32996323529411764 0.025155228758169935 0.02022058823529412
1 0.5820976307189543 0.22001378676470587 0.03511029411764706 0.02029718137254902
1 0.5807700163398692 0.17436427696078433 0.025919117647058825 0.02029718137254902
1 0.5905412581699346 0.20484834558823528 0.026670751633986932 0.01876531862745098
1 0.635890522875817 0.2829733455882353 0.02668300653594771 0.021829044117647058
1 0.7566666666666666 0.2805223651960784 0.027222222222222224 0.01876531862745098