1 0.7691993464052288 0.4131433823529412 0.016339869281045753 0.012561274509803922
0 0.6999591503267973 0.8321078431372549 0.01919934640522876 0.014093137254901961
1 0.8433415032679739 0.5814950980392157 0.01511437908496732 0.011029411764705883
1 0.9256535947712419 0.5733762254901961 0.015522875816993464 0.01133578431372549
0 0.3590686274509804 0.6125919117647058 0.021241830065359478 0.012561274509803922
1 0.5939767156862745 0.5825337009803921 0.02210375816993464 0.016170343137254902
1 0.9046160130718954 0.47579656862745096 0.016748366013071895 0.011642156862745098
1 0.7941176470588235 0.31878063725490197 0.016339869281045753 0.010723039215686275
1 0.826797385620915 0.5474877450980392 0.015522875816993464 0.011029411764705883
0 0.5896650326797386 0.6936274509803921 0.024918300653594773 0.012867647058823529
1 0.7452798202614379 0.5645772058823529 0.01343545751633987 0.009056372549019608
1 0.5778880718954249 0.5901593137254902 0.02178921568627451 0.016715686274509804
1 0.8031045751633987 0.30667892156862747 0.014705882352941176 0.010416666666666666
1 0.9127859477124183 0.45618872549019607 0.024101307189542485 0.014093137254901961
0 0.8212826797385621 0.6634497549019608 0.025735294117647058 0.018075980392156864
1 0.8897058823529411 0.2771139705882353 0.018790849673202614 0.013174019607843137
1 0.8762254901960784 0.38128063725490197 0.018790849673202614 0.012561274509803922
1 0.8539624183006536 0.30642310049019605 0.017565359477124183 0.012356004901960784
1 0.19088031045751633 0.5490533088235294 0.02636846405228758 0.01783700980392157
0 0.637937091503268 0.7817095588235294 0.016070261437908497 0.01133578431372549
1 0.6613562091503268 0.46139705882352944 0.02369281045751634 0.017769607843137254
1 0.806781045751634 0.38097426470588236 0.017973856209150325 0.012561274509803922
1 0.8396650326797386 0.3000919117647059 0.020016339869281044 0.014399509803921568
1 0.8609068627450981 0.5793504901960784 0.01511437908496732 0.012867647058823529
1 0.891952614379085 0.47549019607843135 0.02246732026143791 0.013480392156862746
1 0.767453022875817 0.334609375 0.014481209150326798 0.010517769607843137
1 0.7965686274509803 0.40027573529411764 0.01715686274509804 0.012561274509803922
1 0.4111519607843137 0.6485906862745098 0.03227124183006536 0.018995098039215685
1 0.10291870915032679 0.47028186274509803 0.013026960784313726 0.009191176470588236
1 0.963031045751634 0.530484068627451 0.02165032679738562 0.014399509803921568
1 0.9818218954248366 0.6383272058823529 0.02246732026143791 0.015012254901960785
0 0.5032679738562091 0.9266237745098039 0.04084967320261438 0.03155637254901961
0 0.6301062091503268 0.8535539215686274 0.024918300653594773 0.015318627450980392
0 0.26205065359477125 0.6069240196078431 0.02900326797385621 0.020833333333333332
1 0.8656045751633987 0.40441176470588236 0.017973856209150325 0.014705882352941176
1 0.9575163398692811 0.30193014705882354 0.029411764705882353 0.020526960784313725
0 0.27532679738562094 0.633765318627451 0.0196078431372549 0.01324142156862745
1 0.1227532679738562 0.6236213235294118 0.024918300653594773 0.017463235294117647
1 0.6563868464052288 0.5818688725490196 0.019473039215686275 0.014227941176470587
1 0.821078431372549 0.6637561274509803 0.025326797385620915 0.01685049019607843
1 0.8329248366013072 0.33118872549019607 0.0196078431372549 0.013480392156862746
1 0.8786764705882353 0.4018075980392157 0.01715686274509804 0.014399509803921568
1 0.9495506535947712 0.5551470588235294 0.015931372549019607 0.012867647058823529
1 0.5700571895424836 0.42439338235294116 0.0298202614379085 0.020355392156862745
0 0.3098447712418301 0.6453737745098039 0.020016339869281044 0.012561274509803922
0 0.9211376633986929 0.6996875 0.019562908496732027 0.013958333333333335
1 0.9887663398692811 0.42693014705882354 0.02246732026143791 0.01991421568627451
0 0.6701388888888888 0.6409313725490197 0.01919934640522876 0.014093137254901961
1 0.619281045751634 0.5203737745098039 0.02287581699346405 0.01685049019607843
1 0.9440359477124183 0.3707107843137255 0.02042483660130719 0.014705882352941176
1 0.7709027777777778 0.26121629901960786 0.01729575163398693 0.01324142156862745
1 0.9769199346405228 0.5073529411764706 0.024101307189542485 0.015318627450980392
1 0.9107434640522876 0.43474264705882354 0.025735294117647058 0.016544117647058824
1 0.9852941176470589 0.45235906862745096 0.02369281045751634 0.018688725490196078
1 0.8570261437908496 0.29090073529411764 0.02287581699346405 0.01685049019607843
0 0.16249183006535947 0.6140563725490196 0.020245098039215686 0.012426470588235294
0 0.20363562091503268 0.8962928921568627 0.02900326797385621 0.022365196078431373
1 0.886437908496732 0.36933210784313725 0.02042483660130719 0.015012254901960785
1 0.5704656862745098 0.6253063725490197 0.03145424836601307 0.02022058823529412
1 0.9638480392156863 0.5491727941176471 0.020833333333333332 0.013174019607843137
1 0.9934640522875817 0.3918504901960784 0.013071895424836602 0.016544117647058824
1 0.4209558823529412 0.34099264705882354 0.03308823529411765 0.023284313725490197
0 0.627859477124183 0.9011948529411765 0.03594771241830065 0.026041666666666668
1 0.9330065359477124 0.3893995098039216 0.02287581699346405 0.015931372549019607
1 0.2622549019607843 0.6063112745098039 0.027777777777777776 0.0196078431372549
1 0.7459150326797386 0.3083639705882353 0.0196078431372549 0.014399509803921568
1 0.6495098039215687 0.42080269607843135 0.03349673202614379 0.02297794117647059
1 0.4438316993464052 0.5232843137254902 0.0363562091503268 0.025122549019607844
0 0.8086192810457516 0.8998161764705882 0.03390522875816993 0.026348039215686275
1 0.2761437908496732 0.5280330882352942 0.026143790849673203 0.017463235294117647
1 0.4417892156862745 0.3524816176470588 0.034722222222222224 0.02420343137254902
1 0.6968954248366013 0.6027879901960784 0.032679738562091505 0.02420343137254902
1 0.3321078431372549 0.4152879901960784 0.032679738562091505 0.02297794117647059
0 0.4820261437908497 0.9031862745098039 0.0392156862745098 0.028799019607843136
0 0.4430147058823529 0.8592218137254902 0.034722222222222224 0.02665441176470588
1 0.43566176470588236 0.4273897058823529 0.028186274509803922 0.020833333333333332
0 0.40870098039215685 0.649203431372549 0.030637254901960783 0.02022058823529412
1 0.7344771241830066 0.4341299019607843 0.03022875816993464 0.02144607843137255
1 0.4665032679738562 0.4831495098039216 0.03431372549019608 0.025122549019607844
1 0.3131127450980392 0.5107230392156863 0.03308823529411765 0.024509803921568627
1 0.4185049019607843 0.6251531862745098 0.03227124183006536 0.022365196078431373
0 0.2681781045751634 0.7290134803921569 0.0298202614379085 0.020526960784313725
1 0.29840686274509803 0.4554227941176471 0.03553921568627451 0.02420343137254902
0 0.6337826797385621 0.7653186274509803 0.03553921568627451 0.026348039215686275
1 0.709515931372549 0.5436749387254902 0.013803104575163398 0.00953125
0 0.9266523692810458 0.7112607230392156 0.021605392156862746 0.015658700980392157
0 0.9138521241830065 0.6960278799019608 0.019697712418300654 0.01276654411764706
0 0.04823529411764706 0.5123054534313726 0.009052287581699346 0.005615808823529411
0 0.045625 0.5144669117647059 0.007916666666666666 0.004424019607843137
0 0.0209375 0.513530943627451 0.00837826797385621 0.005615808823529411
1 0.7582638888888888 0.3397671568627451 0.01244281045751634 0.009191176470588236