1 0.9027777777777778 0.35324754901960786 0.021241830065359478 0.015931372549019607
1 0.8852124183006536 0.44806985294117646 0.016339869281045753 0.01133578431372549
1 0.8678513071895425 0.538296568627451 0.009395424836601307 0.007352941176470588
1 0.9099264705882353 0.5522365196078431 0.011029411764705883 0.007659313725490196
1 0.3235294117647059 0.5655637254901961 0.032679738562091505 0.018995098039215685
1 0.8515114379084967 0.5430453431372549 0.010212418300653595 0.007659313725490196
1 0.4644607843137255 0.6355698529411765 0.031862745098039214 0.021139705882352942
1 0.1948529411764706 0.3932291666666667 0.024509803921568627 0.020526960784313725
1 0.4897875816993464 0.4597120098039216 0.035130718954248366 0.023590686274509803
1 0.42054738562091504 0.5739889705882353 0.03308823529411765 0.02420343137254902
0 0.7258986928104575 0.7864583333333334 0.021241830065359478 0.013480392156862746
1 0.30514705882352944 0.3665747549019608 0.031862745098039214 0.023590686274509803
0 0.49673202614379086 0.8736213235294118 0.025326797385620915 0.015625
1 0.6029411764705882 0.43795955882352944 0.032679738562091505 0.02665441176470588
1 0.3167892156862745 0.3897058823529412 0.03308823529411765 0.02144607843137255
1 0.22916666666666666 0.5258884803921569 0.0392156862745098 0.029105392156862746
0 0.7487745098039216 0.842984068627451 0.0196078431372549 0.012561274509803922
0 0.5804738562091504 0.7069546568627451 0.02042483660130719 0.013786764705882353
0 0.24183006535947713 0.8573835784313726 0.027777777777777776 0.01991421568627451
1 0.006331699346405229 0.3756127450980392 0.012663398692810458 0.02144607843137255
1 0.035130718954248366 0.4261642156862745 0.025326797385620915 0.016544117647058824
1 0.26000816993464054 0.49111519607843135 0.034722222222222224 0.024509803921568627
0 0.6027369281045751 0.8576899509803921 0.025735294117647058 0.017463235294117647
1 0.8457924836601307 0.43704044117647056 0.027369281045751634 0.019301470588235295
0 0.8799019607843137 0.7567401960784313 0.018790849673202614 0.012867647058823529
1 0.4166666666666667 0.5500919117647058 0.03349673202614379 0.023590686274509803
0 0.6233660130718954 0.7294730392156863 0.02042483660130719 0.016544117647058824
1 0.443218954248366 0.6542585784313726 0.03349673202614379 0.024816176470588234
1 0.5236928104575164 0.5295649509803921 0.03104575163398693 0.02665441176470588
1 0.22201797385620914 0.5856311274509803 0.03880718954248366 0.03216911764705882
1 0.06985294117647059 0.5709252450980392 0.0392156862745098 0.027879901960784315
0 0.4193218954248366 0.9155943627450981 0.03227124183006536 0.024816176470588234
1 0.9264705882352942 0.40778186274509803 0.035130718954248366 0.02696078431372549
1 0.190359477124183 0.5805759803921569 0.0392156862745098 0.03431372549019608
1 0.375 0.3762254901960784 0.031862745098039214 0.028186274509803922
1 0.19240196078431374 0.5390625 0.042483660130718956 0.036458333333333336
1 0.7507005718954248 0.552593443627451 0.010388071895424837 0.008985906862745098
1 0.8394281045751635 0.5651547181372549 0.00892156862745098 0.005922181372549019
1 0.8441237745098039 0.571078431372549 0.007691993464052287 0.006740196078431373
1 0.8368402777777778 0.5494286151960784 0.011098856209150328 0.008783700980392157
1 0.8978349673202615 0.5423820465686274 0.008905228758169934 0.006332720588235295
1 0.8696527777777777 0.5140931372549019 0.008913398692810458 0.006740196078431373
1 0.8669301470588234 0.5115395220588235 0.01000408496732026 0.005922181372549019
1 0.8813623366013071 0.517360600490196 0.011090686274509803 0.008373161764705882
1 0.8836764705882352 0.5762867647058824 0.009183006535947712 0.007352941176470588
1 0.9558353758169935 0.452921262254902 0.008075980392156863 0.005719975490196079
0 0.8075674019607842 0.5870098039215687 0.010559640522875818 0.006740196078431373
0 0.8326184640522876 0.6013066789215686 0.010008169934640522 0.006534926470588235
0 0.8824489379084968 0.5935462622549019 0.009995915032679738 0.006332720588235295
0 0.8418770424836601 0.7514292279411765 0.023623366013071894 0.015113357843137254
1 0.1681515522875817 0.38848039215686275 0.04055147058823529 0.02696078431372549