1 0.6776960784313726 0.5974264705882353 0.021241830065359478 0.014093137254901961
0 0.4852941176470588 0.7855392156862745 0.02042483660130719 0.014093137254901961
1 0.3212826797385621 0.1792279411764706 0.024918300653594773 0.018995098039215685
1 0.545751633986928 0.2617953431372549 0.024509803921568627 0.016237745098039217
1 0.608047385620915 0.5602022058823529 0.024101307189542485 0.017463235294117647
1 0.7171160130718954 0.5412071078431373 0.020016339869281044 0.015625
1 0.8208741830065359 0.4007352941176471 0.014297385620915032 0.011029411764705883
1 0.5447303921568627 0.4114583333333333 0.024918300653594773 0.015318627450980392
1 0.40645424836601307 0.30514705882352944 0.025326797385620915 0.017769607843137254
0 0.474468954248366 0.8049938725490197 0.020016339869281044 0.014399509803921568
1 0.5849673202614379 0.2533700980392157 0.022058823529411766 0.017769607843137254
0 0.6411356209150327 0.6499693627450981 0.027369281045751634 0.019301470588235295
1 0.6109068627450981 0.3098958333333333 0.02900326797385621 0.019301470588235295
1 0.45098039215686275 0.25919117647058826 0.018790849673202614 0.012254901960784314
1 0.32822712418300654 0.5314031862745098 0.01919934640522876 0.013174019607843137
1 0.5026919934640522 0.13182444852941175 0.029893790849673207 0.020389093137254902
1 0.5189950980392157 0.4263174019607843 0.024101307189542485 0.019301470588235295
1 0.7998366013071896 0.41222426470588236 0.013888888888888888 0.010723039215686275
1 0.3801062091503268 0.5026041666666666 0.015931372549019607 0.010723039215686275
1 0.7881944444444444 0.3486519607843137 0.024101307189542485 0.016544117647058824
1 0.673202614379085 0.3938419117647059 0.02369281045751634 0.016237745098039217
0 0.05759803921568627 0.7683823529411765 0.02042483660130719 0.014093137254901961
0 0.041870915032679736 0.6262254901960784 0.015931372549019607 0.011029411764705883
1 0.6564542483660131 0.6014093137254902 0.02042483660130719 0.015318627450980392
1 0.7132352941176471 0.5503982843137255 0.0196078431372549 0.014399509803921568
1 0.6613562091503268 0.29381127450980393 0.02287581699346405 0.01838235294117647
0 0.3604983660130719 0.9878982843137255 0.02900326797385621 0.021752450980392156
1 0.20874183006535948 0.5912990196078431 0.02287581699346405 0.015931372549019607
1 0.3349673202614379 0.4181985294117647 0.01715686274509804 0.012254901960784314
1 0.3291013071895425 0.2089874387254902 0.021764705882352943 0.01662683823529412
1 0.3084150326797386 0.20369638480392158 0.022058823529411766 0.01646139705882353
1 0.7857434640522876 0.4059436274509804 0.02246732026143791 0.015931372549019607
1 0.2847222222222222 0.12362132352941177 0.02287581699346405 0.016237745098039217
0 0.6372549019607843 0.7458639705882353 0.031862745098039214 0.024816176470588234
1 0.40625 0.4877450980392157 0.017565359477124183 0.012254901960784314
1 0.3431372549019608 0.4419424019607843 0.017973856209150325 0.013174019607843137
1 0.45241013071895425 0.19087009803921567 0.03308823529411765 0.020833333333333332
1 0.6162173202614379 0.19715073529411764 0.024101307189542485 0.018688725490196078
1 0.28165849673202614 0.624234068627451 0.024101307189542485 0.017463235294117647
1 0.46316176470588233 0.2024280024509804 0.030898692810457516 0.02372855392156863
1 0.2440767973856209 0.14675245098039216 0.024918300653594773 0.017769607843137254
1 0.27389705882352944 0.15134803921568626 0.024918300653594773 0.016544117647058824
1 0.5804738562091504 0.35355392156862747 0.029411764705882353 0.02022058823529412
1 0.2514297385620915 0.6464460784313726 0.02900326797385621 0.0196078431372549
1 0.5667892156862745 0.5257352941176471 0.030637254901960783 0.02144607843137255
1 0.2659313725490196 0.6957720588235294 0.024509803921568627 0.01838235294117647
1 0.4452614379084967 0.1636029411764706 0.03022875816993464 0.023284313725490197
1 0.27798202614379086 0.6833639705882353 0.024918300653594773 0.019301470588235295
1 0.5516748366013072 0.21997549019607843 0.028186274509803922 0.02144607843137255
1 0.3694852941176471 0.2935049019607843 0.024918300653594773 0.018995098039215685
1 0.6742238562091504 0.2858455882352941 0.03145424836601307 0.022058823529411766
1 0.3602941176470588 0.3431372549019608 0.02696078431372549 0.018995098039215685
1 0.4375 0.24448529411764705 0.03349673202614379 0.022058823529411766
1 0.596609477124183 0.14231004901960784 0.03308823529411765 0.02297794117647059
1 0.2959558823529412 0.2821691176470588 0.030637254901960783 0.022058823529411766
1 0.5230800653594772 0.18367034313725492 0.03390522875816993 0.026041666666666668
1 0.6223447712418301 0.24754901960784315 0.0363562091503268 0.026348039215686275
1 0.3261437908496732 0.20159313725490197 0.020751633986928104 0.012254901960784314
1 0.3961356209150327 0.19908700980392158 0.01776143790849673 0.013370098039215687
1 0.5373508986928104 0.23153339460784314 0.019963235294117646 0.013924632352941177
1 0.4514031862745098 0.2011197916666667 0.03189133986928104 0.021724877450980392