0 0.6013071895424836 0.37300857843137253 0.016339869281045753 0.01011029411764706
0 0.4438316993464052 0.4575674019607843 0.02246732026143791 0.013786764705882353
0 0.08905228758169935 0.655484068627451 0.032679738562091505 0.020526960784313725
0 0.9170751633986928 0.25704656862745096 0.014705882352941176 0.009191176470588236
1 0.7095588235294118 0.005361519607843137 0.03839869281045752 0.010723039215686275
0 0.6523692810457516 0.4583333333333333 0.02369281045751634 0.014093137254901961
0 0.8012663398692811 0.45618872549019607 0.024101307189542485 0.015318627450980392
1 0.06985294117647059 0.06112132352941176 0.03594771241830065 0.02542892156862745
0 0.7220179738562091 0.4990808823529412 0.01919934640522876 0.011642156862745098
0 0.5524918300653595 0.4476102941176471 0.027369281045751634 0.016544117647058824
0 0.8754084967320261 0.5435049019607843 0.027777777777777776 0.015318627450980392
1 0.3895016339869281 0.2916666666666667 0.0363562091503268 0.02389705882352941
0 0.769812091503268 0.38388480392156865 0.01511437908496732 0.009191176470588236
0 0.6531862745098039 0.3975183823529412 0.021241830065359478 0.013786764705882353
0 0.9671160130718954 0.37683823529411764 0.01511437908496732 0.009191176470588236
0 0.6535947712418301 0.3874080882352941 0.016339869281045753 0.010723039215686275
1 0.45894607843137253 0.11580882352941177 0.03308823529411765 0.023284313725490197
1 0.5296160130718954 0.08854166666666667 0.025735294117647058 0.018995098039215685
1 0.8533496732026143 0.11458333333333333 0.03594771241830065 0.023284313725490197
0 0.9236111111111112 0.3802083333333333 0.01715686274509804 0.00980392156862745
0 0.8016748366013072 0.42693014705882354 0.01838235294117647 0.01133578431372549
1 0.7334558823529411 0.026501225490196078 0.03553921568627451 0.02297794117647059
0 0.9628267973856209 0.5081188725490197 0.02042483660130719 0.014399509803921568
1 0.28165849673202614 0.32184436274509803 0.03553921568627451 0.02420343137254902
0 0.9530228758169934 0.5203737745098039 0.029411764705882353 0.014399509803921568
0 0.8780637254901961 0.4966299019607843 0.01919934640522876 0.012867647058823529
1 0.9203431372549019 0.09191176470588236 0.03349673202614379 0.023284313725490197
1 0.5324754901960784 0.017922794117647058 0.027369281045751634 0.021752450980392156
1 0.5498366013071896 0.08011642156862746 0.024509803921568627 0.01685049019607843
1 0.6823937908496732 0.029871323529411766 0.026552287581699346 0.01991421568627451
0 0.8398692810457516 0.39859068627450983 0.0196078431372549 0.014705882352941176
0 0.9240196078431373 0.5079656862745098 0.02287581699346405 0.014705882352941176
0 0.6832107843137255 0.36795343137254904 0.02246732026143791 0.013480392156862746
1 0.08823529411764706 0.3085171568627451 0.03676470588235294 0.026348039215686275
0 0.6968954248366013 0.4163602941176471 0.024509803921568627 0.01715686274509804
1 0.9279003267973857 0.033854166666666664 0.04044117647058824 0.02849264705882353
1 0.8357843137254902 0.09727328431372549 0.035130718954248366 0.02297794117647059
1 0.46139705882352944 0.3268995098039216 0.03308823529411765 0.024509803921568627
0 0.8080065359477124 0.40318627450980393 0.02287581699346405 0.015318627450980392
0 0.6002859477124183 0.7009803921568627 0.039624183006535946 0.032475490196078434
1 0.1301062091503268 0.31234681372549017 0.04044117647058824 0.02971813725490196
1 0.44607843137254904 0.03569240196078431 0.03431372549019608 0.02297794117647059
1 0.29554738562091504 0.3002450980392157 0.0625 0.0508578431372549
0 0.7988153594771242 0.4410232843137255 0.02246732026143791 0.015625
1 0.5821078431372549 0.042279411764705885 0.06454248366013073 0.05575980392156863
1 0.0625 0.2587316176470588 0.0718954248366013 0.05667892156862745
1 0.3958333333333333 0.012867647058823529 0.051470588235294115 0.025735294117647058
1 0.4035947712418301 0.33639705882352944 0.05800653594771242 0.04656862745098039
0 0.11948529411764706 0.5863970588235294 0.056781045751633986 0.0428921568627451
1 0.09293300653594772 0.027113970588235295 0.06740196078431372 0.05116421568627451
1 0.2971813725490196 0.0860906862745098 0.07148692810457516 0.06372549019607843
0 0.41594771241830064 0.37197457107843135 0.011633986928104575 0.008042279411764705