1 0.922998366013072 0.31464460784313725 0.01511437908496732 0.013480392156862746
1 0.10334967320261437 0.3161764705882353 0.017973856209150325 0.010416666666666666
1 0.12990196078431374 0.31985294117647056 0.018790849673202614 0.013480392156862746
1 0.49979575163398693 0.3229166666666667 0.016748366013071895 0.014705882352941176
1 0.3180147058823529 0.3239889705882353 0.020833333333333332 0.013174019607843137
1 0.22242647058823528 0.32996323529411764 0.016748366013071895 0.010416666666666666
1 0.6809640522875817 0.33777573529411764 0.0196078431372549 0.018075980392156864
1 0.8511029411764706 0.3382352941176471 0.02246732026143791 0.015931372549019607
1 0.5935457516339869 0.3414522058823529 0.0196078431372549 0.018075980392156864
1 0.6744281045751634 0.3471200980392157 0.013071895424836602 0.010416666666666666
1 0.04738562091503268 0.3550857843137255 0.013888888888888888 0.007965686274509803
1 0.7293709150326797 0.3560049019607843 0.017565359477124183 0.016544117647058824
1 0.09803921568627451 0.359375 0.015522875816993464 0.010416666666666666
1 0.8400735294117647 0.36672794117647056 0.014297385620915032 0.010416666666666666
1 0.08517156862745098 0.3674938725490196 0.014297385620915032 0.01133578431372549
1 0.21854575163398693 0.3711703431372549 0.010620915032679739 0.009497549019607842
1 0.26348039215686275 0.3821997549019608 0.015522875816993464 0.009497549019607842
1 0.060866013071895424 0.38235294117647056 0.015522875816993464 0.012254901960784314
1 0.22406045751633988 0.3840379901960784 0.01184640522875817 0.009497549019607842
1 0.03002450980392157 0.3854166666666667 0.015931372549019607 0.010416666666666666
1 0.5290032679738562 0.38909313725490197 0.0196078431372549 0.011642156862745098
1 0.5496323529411765 0.39797794117647056 0.01838235294117647 0.014093137254901961
1 0.07209967320261437 0.4094669117647059 0.01838235294117647 0.012561274509803922
1 0.44812091503267976 0.41161151960784315 0.015522875816993464 0.011948529411764705
1 0.12581699346405228 0.41299019607843135 0.018790849673202614 0.017769607843137254
1 0.24754901960784315 0.44255514705882354 0.02042483660130719 0.01685049019607843
1 0.6055964052287581 0.4543504901960784 0.020833333333333332 0.016544117647058824
1 0.15236928104575165 0.4696691176470588 0.01715686274509804 0.014705882352941176
1 0.06862745098039216 0.47610294117647056 0.014705882352941176 0.00857843137254902
1 0.08394607843137254 0.4797794117647059 0.024918300653594773 0.014093137254901961
1 0.3997140522875817 0.49050245098039214 0.01919934640522876 0.012867647058823529
1 0.7575571895424836 0.4957107843137255 0.02246732026143791 0.016544117647058824
1 0.04268790849673203 0.5016850490196079 0.01184640522875817 0.008272058823529412
1 0.012254901960784314 0.5076593137254902 0.00980392156862745 0.00428921568627451
1 0.15625 0.5301776960784313 0.02246732026143791 0.016237745098039217
1 0.33374183006535946 0.5487132352941176 0.022058823529411766 0.014705882352941176
1 0.10559640522875817 0.5591299019607843 0.02246732026143791 0.011029411764705883
1 0.630718954248366 0.5677083333333334 0.02369281045751634 0.01715686274509804
1 0.03002450980392157 0.5700061274509803 0.012663398692810458 0.009497549019607842
1 0.8890931372549019 0.5790441176470589 0.023284313725490197 0.01838235294117647
1 0.7285539215686274 0.6061580882352942 0.015931372549019607 0.012561274509803922
1 0.8829656862745098 0.6083026960784313 0.01511437908496732 0.009497549019607842
1 0.17565359477124182 0.6107536764705882 0.017973856209150325 0.012561274509803922
1 0.8278186274509803 0.6128982843137255 0.016748366013071895 0.01011029411764706
0 0.028799019607843136 0.6142769607843137 0.011029411764705883 0.00857843137254902
0 0.6043709150326797 0.6151960784313726 0.013480392156862746 0.007352941176470588
0 0.6860702614379085 0.6155024509803921 0.010212418300653595 0.006740196078431373
1 0.9466911764705882 0.6171875 0.017565359477124183 0.011948529411764705
0 0.023080065359477125 0.6174938725490197 0.011029411764705883 0.005821078431372549
0 0.6360294117647058 0.6188725490196079 0.013888888888888888 0.00857843137254902
0 0.42544934640522875 0.6191789215686274 0.00857843137254902 0.006740196078431373
0 0.08129084967320262 0.6199448529411765 0.008986928104575163 0.004595588235294118
0 0.03533496732026144 0.6213235294117647 0.011029411764705883 0.006740196078431373
0 0.1090686274509804 0.6217830882352942 0.00980392156862745 0.004595588235294118
0 0.4297385620915033 0.6222426470588235 0.012254901960784314 0.006740196078431373
0 0.0559640522875817 0.6230085784313726 0.011437908496732025 0.005821078431372549
0 0.07475490196078431 0.6231617647058824 0.012254901960784314 0.006127450980392157
0 0.41768790849673204 0.6237745098039216 0.010212418300653595 0.007352941176470588
0 0.09558823529411764 0.624234068627451 0.008169934640522876 0.004595588235294118
0 0.29983660130718953 0.624234068627451 0.00980392156862745 0.0070465686274509805
0 0.1213235294117647 0.6245404411764706 0.013071895424836602 0.005821078431372549
0 0.11049836601307189 0.625765931372549 0.009395424836601307 0.0033700980392156864
0 0.40093954248366015 0.6268382352941176 0.01184640522875817 0.006740196078431373
0 0.01613562091503268 0.6276041666666666 0.012663398692810458 0.007659313725490196
0 0.7716503267973857 0.6285232843137255 0.012254901960784314 0.0070465686274509805
0 0.21711601307189543 0.6295955882352942 0.017565359477124183 0.00857843137254902
0 0.7888071895424836 0.6303615196078431 0.010620915032679739 0.0070465686274509805
0 0.3443627450980392 0.6305147058823529 0.010620915032679739 0.007965686274509803
0 0.7792075163398693 0.6314338235294118 0.00857843137254902 0.006740196078431373
0 0.9354575163398693 0.6317401960784313 0.011437908496732025 0.006127450980392157
0 0.03002450980392157 0.6318933823529411 0.009395424836601307 0.006433823529411764
0 0.03758169934640523 0.6318933823529411 0.012254901960784314 0.007659313725490196
0 0.8629493464052288 0.6331188725490197 0.01184640522875817 0.0033700980392156864
0 0.35723039215686275 0.6334252450980392 0.013480392156862746 0.008272058823529412
0 0.71875 0.633578431372549 0.012663398692810458 0.007352941176470588
0 0.2741013071895425 0.6369485294117647 0.012254901960784314 0.004901960784313725
0 0.7263071895424836 0.6371017156862745 0.010620915032679739 0.006433823529411764
0 0.7404003267973857 0.6395526960784313 0.014297385620915032 0.007659313725490196
0 0.04003267973856209 0.639859068627451 0.012254901960784314 0.0070465686274509805
0 0.32005718954248363 0.6404718137254902 0.00857843137254902 0.005821078431372549
0 0.2790032679738562 0.6429227941176471 0.012254901960784314 0.005208333333333333
0 0.19791666666666666 0.6464460784313726 0.01184640522875817 0.006127450980392157
0 0.9172794117647058 0.6475183823529411 0.011029411764705883 0.004595588235294118
0 0.21017156862745098 0.649203431372549 0.011029411764705883 0.006127450980392157
0 0.22242647058823528 0.6501225490196079 0.010212418300653595 0.007352941176470588
0 0.7546977124183006 0.6504289215686274 0.013480392156862746 0.006740196078431373
0 0.6781045751633987 0.6515012254901961 0.00980392156862745 0.005821078431372549
0 0.13398692810457516 0.6515012254901961 0.015522875816993464 0.008884803921568627
0 0.4242238562091503 0.6542585784313726 0.017565359477124183 0.008884803921568627
0 0.3660130718954248 0.6559436274509803 0.00980392156862745 0.007352941176470588
0 0.31413398692810457 0.6565563725490197 0.013888888888888888 0.012867647058823529
0 0.08660130718954248 0.6576286764705882 0.010620915032679739 0.007659313725490196
0 0.07904411764705882 0.6596200980392157 0.013480392156862746 0.006740196078431373
0 0.9793709150326797 0.6645220588235294 0.025735294117647058 0.014093137254901961
0 0.21180555555555555 0.6652879901960784 0.012663398692810458 0.008884803921568627
0 0.9007352941176471 0.6663602941176471 0.017973856209150325 0.00857843137254902
0 0.2434640522875817 0.6675857843137255 0.011437908496732025 0.011029411764705883
0 0.9579248366013072 0.6700367647058824 0.018790849673202614 0.007965686274509803
0 0.33517156862745096 0.6749387254901961 0.012663398692810458 0.012254901960784314
0 0.7097630718954249 0.6769301470588235 0.016748366013071895 0.008884803921568627
0 0.6872957516339869 0.6790747549019608 0.017565359477124183 0.01011029411764706
0 0.6025326797385621 0.6822916666666666 0.013888888888888888 0.012867647058823529
0 0.06985294117647059 0.6844362745098039 0.012254901960784314 0.011642156862745098
0 0.6807598039215687 0.6878063725490197 0.020016339869281044 0.015931372549019607
0 0.18525326797385622 0.6968443627450981 0.011029411764705883 0.007659313725490196
0 0.36907679738562094 0.7060355392156863 0.014297385620915032 0.012561274509803922
0 0.6174428104575164 0.7178308823529411 0.011029411764705883 0.010416666666666666
0 0.5406454248366013 0.7190563725490197 0.016748366013071895 0.014705882352941176
0 0.8033088235294118 0.7192095588235294 0.020833333333333332 0.013174019607843137
0 0.12765522875816993 0.7201286764705882 0.012663398692810458 0.01133578431372549
0 0.2167075163398693 0.7253370098039216 0.01511437908496732 0.012561274509803922
0 0.8609068627450981 0.7319240196078431 0.01838235294117647 0.00980392156862745
0 0.7661356209150327 0.7323835784313726 0.01838235294117647 0.01133578431372549
0 0.4180964052287582 0.7339154411764706 0.01919934640522876 0.01685049019607843
0 0.4223856209150327 0.7391237745098039 0.017973856209150325 0.016237745098039217
0 0.24448529411764705 0.7395833333333334 0.012663398692810458 0.011642156862745098
0 0.16850490196078433 0.7431066176470589 0.01919934640522876 0.016237745098039217
0 0.8506944444444444 0.7443321078431373 0.01838235294117647 0.014399509803921568
0 0.9895833333333334 0.7460171568627451 0.01511437908496732 0.014705882352941176
0 0.764501633986928 0.7539828431372549 0.01838235294117647 0.014093137254901961
0 0.9281045751633987 0.7588848039215687 0.024509803921568627 0.012867647058823529
0 0.16544117647058823 0.7777267156862745 0.017973856209150325 0.01133578431372549
0 0.5104166666666666 0.7800245098039216 0.015931372549019607 0.00980392156862745
0 0.2708333333333333 0.7809436274509803 0.0196078431372549 0.015318627450980392
0 0.2520424836601307 0.7884497549019608 0.022058823529411766 0.017463235294117647
0 0.2142565359477124 0.7902879901960784 0.017565359477124183 0.015012254901960785
0 0.007148692810457516 0.8095894607843137 0.014297385620915032 0.014399509803921568
0 0.6317401960784313 0.8299632352941176 0.020016339869281044 0.014093137254901961
0 0.5236928104575164 0.8363970588235294 0.017973856209150325 0.010416666666666666
0 0.5243055555555556 0.8451286764705882 0.02165032679738562 0.012561274509803922
0 0.028390522875816993 0.8477328431372549 0.023284313725490197 0.015318627450980392
0 0.006740196078431373 0.8506433823529411 0.013480392156862746 0.013786764705882353
0 0.011642156862745098 0.8549325980392157 0.016748366013071895 0.015625
0 0.5469771241830066 0.8609068627450981 0.018790849673202614 0.007965686274509803
0 0.5194035947712419 0.9065563725490197 0.013480392156862746 0.013480392156862746
1 0.31842320261437906 0.23560049019607843 0.02165032679738562 0.014705882352941176
1 0.007761437908496732 0.2423406862745098 0.015522875816993464 0.012254901960784314
1 0.06413398692810457 0.2611825980392157 0.01715686274509804 0.01685049019607843
1 0.801062091503268 0.2622549019607843 0.021241830065359478 0.0196078431372549
1 0.08639705882352941 0.2682291666666667 0.017565359477124183 0.01685049019607843
1 0.6311274509803921 0.27879901960784315 0.022058823529411766 0.012867647058823529
1 0.5381944444444444 0.28262867647058826 0.016748366013071895 0.016237745098039217
1 0.255718954248366 0.30223651960784315 0.016339869281045753 0.01133578431372549
1 0.039419934640522875 0.30284926470588236 0.017565359477124183 0.013174019607843137
1 0.37354575163398696 0.39675245098039214 0.014248366013071896 0.012254901960784314