1 0.09354575163398693 0.3082107843137255 0.03758169934640523 0.023284313725490197
1 0.23284313725490197 0.36994485294117646 0.024509803921568627 0.021139705882352942
1 0.5996732026143791 0.3786764705882353 0.01715686274509804 0.014093137254901961
1 0.2526552287581699 0.38357843137254904 0.024101307189542485 0.0196078431372549
1 0.5287990196078431 0.4030330882352941 0.02900326797385621 0.026041666666666668
1 0.4401552287581699 0.45465686274509803 0.023284313725490197 0.016544117647058824
1 0.14133986928104575 0.4794730392156863 0.03104575163398693 0.02022058823529412
1 0.16196895424836602 0.48682598039215685 0.0298202614379085 0.020833333333333332
1 0.9019607843137255 0.5238970588235294 0.042483660130718956 0.03370098039215686
0 0.45608660130718953 0.6436887254901961 0.01511437908496732 0.00980392156862745
0 0.4695669934640523 0.6443014705882353 0.011029411764705883 0.015318627450980392
0 0.519812091503268 0.6587009803921569 0.013480392156862746 0.007352941176470588
0 0.3729575163398693 0.6613051470588235 0.017973856209150325 0.014399509803921568
0 0.45036764705882354 0.6697303921568627 0.015931372549019607 0.010416666666666666
0 0.48651960784313725 0.6721813725490197 0.015522875816993464 0.009191176470588236
1 0.10294117647058823 0.6737132352941176 0.029411764705882353 0.0196078431372549
0 0.8165849673202614 0.6743259803921569 0.024509803921568627 0.015318627450980392
0 0.8384395424836601 0.6842830882352942 0.025735294117647058 0.016237745098039217
0 0.5349264705882353 0.6879595588235294 0.01919934640522876 0.012561274509803922
0 0.5878267973856209 0.7022058823529411 0.015522875816993464 0.010416666666666666
0 0.855187908496732 0.710171568627451 0.02900326797385621 0.016544117647058824
0 0.5202205882352942 0.7349877450980392 0.01919934640522876 0.012867647058823529
0 0.6950571895424836 0.7401960784313726 0.01838235294117647 0.00980392156862745
0 0.6233660130718954 0.7547487745098039 0.03104575163398693 0.015625
0 0.6017156862745098 0.7568933823529411 0.02287581699346405 0.01011029411764706
0 0.5637254901960784 0.7838541666666666 0.02369281045751634 0.013174019607843137
1 0.7007761437908496 0.07873774509803921 0.03227124183006536 0.024509803921568627
0 0.7814542483660131 0.7878370098039216 0.024509803921568627 0.015012254901960785
0 0.8897058823529411 0.7939644607843137 0.022058823529411766 0.015012254901960785
0 0.7095588235294118 0.7965686274509803 0.0196078431372549 0.014705882352941176
1 0.3672385620915033 0.8056066176470589 0.02696078431372549 0.021752450980392156
0 0.6913807189542484 0.8160232843137255 0.027369281045751634 0.022365196078431373
0 0.40645424836601307 0.8187806372549019 0.024509803921568627 0.018688725490196078
0 0.5788398692810458 0.8204656862745098 0.025326797385620915 0.01838235294117647
0 0.7258986928104575 0.8218443627450981 0.016339869281045753 0.017463235294117647
0 0.7428513071895425 0.8261335784313726 0.01919934640522876 0.011948529411764705
0 0.5055147058823529 0.8267463235294118 0.02246732026143791 0.021139705882352942
0 0.789828431372549 0.836703431372549 0.025735294117647058 0.012254901960784314
0 0.48590686274509803 0.8443627450980392 0.025735294117647058 0.015931372549019607
0 0.5659722222222222 0.8449754901960784 0.025735294117647058 0.0196078431372549
0 0.7248774509803921 0.8492647058823529 0.025735294117647058 0.020833333333333332
0 0.8856209150326797 0.8494178921568627 0.02042483660130719 0.01011029411764706
0 0.9089052287581699 0.852328431372549 0.025326797385620915 0.016544117647058824
0 0.9309640522875817 0.8529411764705882 0.025326797385620915 0.017769607843137254
0 0.9769199346405228 0.8546262254901961 0.03227124183006536 0.027879901960784315
0 0.8880718954248366 0.8633578431372549 0.02287581699346405 0.017769607843137254
0 0.9703839869281046 0.8667279411764706 0.03145424836601307 0.02389705882352941
0 0.5708741830065359 0.8809742647058824 0.03227124183006536 0.02665441176470588
0 0.9409722222222222 0.899203431372549 0.03227124183006536 0.028186274509803922
0 0.9131944444444444 0.9060968137254902 0.03227124183006536 0.018688725490196078
0 0.32965686274509803 0.9082414215686274 0.03104575163398693 0.022365196078431373
0 0.49673202614379086 0.9296875 0.031862745098039214 0.02420343137254902
0 0.5375816993464052 0.9410232843137255 0.031862745098039214 0.027879901960784315
0 0.8417075163398693 0.9428615196078431 0.030637254901960783 0.023590686274509803
0 0.4709967320261438 0.9621629901960784 0.029411764705882353 0.023590686274509803
0 0.48018790849673204 0.9852941176470589 0.03308823529411765 0.028799019607843136
0 0.5412581699346405 0.9877450980392157 0.02696078431372549 0.02144607843137255
1 0.19730392156862744 0.13664215686274508 0.03349673202614379 0.025122549019607844
1 0.1954656862745098 0.1567095588235294 0.03880718954248366 0.026041666666666668
1 0.9908088235294118 0.21537990196078433 0.01838235294117647 0.027573529411764705
1 0.16196895424836602 0.26715686274509803 0.039624183006535946 0.029411764705882353
1 0.9397467320261438 0.2930453431372549 0.0363562091503268 0.03278186274509804
0 0.06293096405228758 0.49816176470588236 0.009031862745098039 0.007352941176470588
0 0.07268790849673203 0.4852941176470588 0.010571895424836601 0.00857843137254902
0 0.08090686274509803 0.48223039215686275 0.0090359477124183 0.006127450980392157