0 0.07554738562091504 0.6681020220588235 0.012205882352941176 0.0071599264705882355
0 0.230749591503268 0.6740762867647059 0.012969771241830066 0.007466299019607843
0 0.19008782679738562 0.6741222426470589 0.010894607843137255 0.007558210784313726
0 0.5831290849673203 0.6830575980392157 0.014297385620915032 0.008884803921568627
0 0.2763480392156863 0.6674325980392157 0.013480392156862746 0.008272058823529412
0 0.08169934640522876 0.7391237745098039 0.016339869281045753 0.01133578431372549
0 0.17238562091503268 0.7515318627450981 0.014705882352941176 0.00980392156862745
0 0.3897058823529412 0.6636029411764706 0.012254901960784314 0.009191176470588236
0 0.2636846405228758 0.6677389705882353 0.01184640522875817 0.007659313725490196
1 0.5091911764705882 0.38893995098039214 0.016748366013071895 0.012561274509803922
1 0.4973447712418301 0.7037377450980392 0.023284313725490197 0.02022058823529412
1 0.004697712418300653 0.4805453431372549 0.009395424836601307 0.013786764705882353
0 0.028186274509803922 0.8414522058823529 0.014705882352941176 0.01011029411764706
0 0.34620098039215685 0.6637561274509803 0.013480392156862746 0.008884803921568627
1 0.2222222222222222 0.42693014705882354 0.013888888888888888 0.010723039215686275
0 0.15747549019607843 0.7872242647058824 0.01511437908496732 0.010723039215686275
1 0.07373366013071896 0.42264093137254904 0.017565359477124183 0.013174019607843137
0 0.29677287581699346 0.6521139705882353 0.01184640522875817 0.007659313725490196
0 0.45874183006535946 0.7673100490196079 0.021241830065359478 0.012561274509803922
1 0.3813316993464052 0.5678615196078431 0.025735294117647058 0.015625
0 0.22020629084967322 0.6837469362745098 0.01394199346405229 0.0078125
0 0.2920751633986928 0.6750919117647058 0.013071895424836602 0.008884803921568627
1 0.3176062091503268 0.5559129901960784 0.01919934640522876 0.013174019607843137
1 0.4417218137254902 0.3794424019607843 0.01661356209150327 0.01011029411764706
0 0.7190829248366013 0.6792080269607843 0.014963235294117649 0.009151348039215686
1 0.17933006535947713 0.47472426470588236 0.016339869281045753 0.012561274509803922
0 0.5782271241830066 0.8080575980392157 0.023284313725490197 0.013786764705882353
1 0.6793300653594772 0.6190257352941176 0.021241830065359478 0.01685049019607843
1 0.6605392156862745 0.6107536764705882 0.02287581699346405 0.015625
0 0.12990196078431374 0.7564338235294118 0.016339869281045753 0.00980392156862745
1 0.6121323529411765 0.45496323529411764 0.01919934640522876 0.014093137254901961
1 0.03901143790849673 0.6113664215686274 0.020833333333333332 0.014399509803921568
1 0.1881127450980392 0.6127450980392157 0.024101307189542485 0.015931372549019607
0 0.36887254901960786 0.6989889705882353 0.014705882352941176 0.01011029411764706
1 0.3137254901960784 0.4381127450980392 0.017973856209150325 0.012867647058823529
0 0.1750408496732026 0.6968443627450981 0.013480392156862746 0.01011029411764706
1 0.27369281045751637 0.4290747549019608 0.017973856209150325 0.012561274509803922
0 0.1983251633986928 0.7135416666666666 0.017565359477124183 0.011642156862745098
0 0.8647875816993464 0.7147671568627451 0.018790849673202614 0.014705882352941176
1 0.857281454248366 0.6755897671568627 0.018484477124183007 0.013556985294117647
0 0.058619281045751634 0.7879901960784313 0.017565359477124183 0.012254901960784314
1 0.6566584967320261 0.6416973039215687 0.023284313725490197 0.015625
1 0.5492238562091504 0.5666360294117647 0.023284313725490197 0.01685049019607843
0 0.7328431372549019 0.8815870098039216 0.022058823529411766 0.01685049019607843
0 0.24959150326797386 0.694546568627451 0.013888888888888888 0.00980392156862745
1 0.0755718954248366 0.5903799019607843 0.018790849673202614 0.014093137254901961
1 0.017565359477124183 0.6194852941176471 0.022058823529411766 0.016544117647058824
1 0.02022058823529412 0.5223651960784313 0.01919934640522876 0.014093137254901961
0 0.8366013071895425 0.7797181372549019 0.02042483660130719 0.014093137254901961
0 0.06147875816993464 0.6686580882352942 0.01511437908496732 0.008884803921568627
1 0.4863153594771242 0.34558823529411764 0.020016339869281044 0.014705882352941176
0 0.41830065359477125 0.6669730392156863 0.01715686274509804 0.011029411764705883
0 0.5600490196078431 0.7686887254901961 0.018790849673202614 0.014093137254901961
1 0.22365196078431374 0.6239276960784313 0.02246732026143791 0.015012254901960785
0 0.041666666666666664 0.7591911764705882 0.0196078431372549 0.012867647058823529
1 0.42892156862745096 0.5782781862745098 0.024509803921568627 0.01685049019607843
1 0.48141339869281047 0.5387561274509803 0.024101307189542485 0.018075980392156864
1 0.2920751633986928 0.5585171568627451 0.021241830065359478 0.01715686274509804
1 0.5016339869281046 0.640625 0.02369281045751634 0.017769607843137254
1 0.30657679738562094 0.33517156862745096 0.020833333333333332 0.015318627450980392
1 0.7181372549019608 0.6110600490196079 0.02696078431372549 0.019301470588235295
1 0.2647058823529412 0.5569852941176471 0.025326797385620915 0.018995098039215685
1 0.40645424836601307 0.3987438725490196 0.02042483660130719 0.013786764705882353
1 0.1053921568627451 0.4973958333333333 0.021241830065359478 0.015625
1 0.5377859477124183 0.6194852941176471 0.025735294117647058 0.018995098039215685
0 0.5524918300653595 0.7530637254901961 0.020016339869281044 0.015318627450980392
0 0.27328431372549017 0.7319240196078431 0.01715686274509804 0.011029411764705883
1 0.5753676470588235 0.6341911764705882 0.024918300653594773 0.017769607843137254
0 0.44607843137254904 0.9712009803921569 0.03104575163398693 0.024509803921568627
0 0.23345588235294118 0.9563419117647058 0.02900326797385621 0.02420343137254902
0 0.4922385620915033 0.8118872549019608 0.024509803921568627 0.0196078431372549
0 0.36907679738562094 0.8192401960784313 0.023284313725490197 0.015931372549019607
1 0.44796977124183013 0.4103354779411765 0.018488562091503267 0.012460171568627451
1 0.16162377450980392 0.4486320465686275 0.011973039215686274 0.008170955882352941
0 0.306484885620915 0.6590073529411765 0.012479575163398694 0.007965686274509803
0 0.32908496732026143 0.6532889093137255 0.010294117647058823 0.006332720588235295
0 0.23063316993464053 0.6795159313725491 0.01355392156862745 0.0067034313725490196
0 0.21059436274509802 0.6818321078431373 0.009424019607843137 0.007659313725490196
0 0.19920955882352942 0.6552742034313725 0.007896241830065358 0.00478860294117647
0 0.18067606209150328 0.669155943627451 0.012495915032679739 0.008042279411764705
0 0.2537622549019608 0.6440916053921569 0.013243464052287582 0.006320465686274509
0 0.30880106209150326 0.6533210784313725 0.008125 0.00517156862745098
1 0.7292769607843137 0.6510998774509804 0.016560457516339867 0.010533088235294119
1 0.7384007352941176 0.6523621323529412 0.013566176470588236 0.009381127450980393
1 0.7185089869281046 0.6270879289215686 0.03424019607843137 0.02623468137254902
1 0.584281045751634 0.42936274509803923 0.019869281045751634 0.014362745098039217
0 0.5734395424836601 0.7150735294117647 0.014526143790849674 0.009191176470588236
0 0.5662152777777778 0.6649050245098039 0.010698529411764706 0.006893382352941176
0 0.08546772875816994 0.6682567401960785 0.009987745098039215 0.007469362745098039
0 0.08932393790849673 0.6757245710784314 0.012798202614379084 0.007086397058823529
0 0.26571486928104576 0.6474800857843137 0.011821895424836602 0.0057444852941176475