1 0.9007352941176471 0.39108455882352944 0.02287581699346405 0.019301470588235295
0 0.7265114379084967 0.4774816176470588 0.015931372549019607 0.01011029411764706
0 0.6127450980392157 0.5885416666666666 0.014705882352941176 0.009191176470588236
0 0.7422385620915033 0.586703431372549 0.0196078431372549 0.015931372549019607
0 0.5529003267973857 0.4643075980392157 0.012663398692810458 0.009497549019607842
0 0.28656045751633985 0.4996936274509804 0.013480392156862746 0.00980392156862745
0 0.9758986928104575 0.6060049019607843 0.02287581699346405 0.016544117647058824
0 0.8190359477124183 0.4427083333333333 0.013888888888888888 0.00857843137254902
0 0.9934640522875817 0.4817708333333333 0.013071895424836602 0.013174019607843137
0 0.5175653594771242 0.6346507352941176 0.014705882352941176 0.010723039215686275
0 0.3270016339869281 0.5084252450980392 0.015931372549019607 0.01011029411764706
0 0.15747549019607843 0.5416666666666666 0.01184640522875817 0.007965686274509803
0 0.5563725490196079 0.5775122549019608 0.018790849673202614 0.011642156862745098
0 0.29064542483660133 0.5807291666666666 0.01511437908496732 0.01133578431372549
0 0.6981209150326797 0.6184129901960784 0.015522875816993464 0.010723039215686275
0 0.7367238562091504 0.47181372549019607 0.015931372549019607 0.00857843137254902
0 0.7971813725490197 0.6020220588235294 0.016748366013071895 0.012254901960784314
0 0.8954248366013072 0.46047794117647056 0.018790849673202614 0.011642156862745098
0 0.4936683006535948 0.6081495098039216 0.014297385620915032 0.00980392156862745
0 0.49203431372549017 0.6305147058823529 0.016748366013071895 0.00980392156862745
0 0.5259395424836601 0.5955882352941176 0.013480392156862746 0.00980392156862745
0 0.9591503267973857 0.5873161764705882 0.0196078431372549 0.014093137254901961
0 0.8412990196078431 0.5782781862745098 0.015931372549019607 0.009497549019607842
0 0.29677287581699346 0.6205575980392157 0.017565359477124183 0.011948529411764705
0 0.7410130718954249 0.5390625 0.015522875816993464 0.008884803921568627
0 0.252859477124183 0.5981924019607843 0.02042483660130719 0.011948529411764705
0 0.23100490196078433 0.5986519607843137 0.02165032679738562 0.012254901960784314
0 0.3335375816993464 0.48253676470588236 0.017565359477124183 0.009191176470588236
1 0.8590686274509803 0.4103860294117647 0.02042483660130719 0.016237745098039217
0 0.588031045751634 0.5952818627450981 0.01511437908496732 0.010416666666666666
1 0.36437908496732024 0.42018995098039214 0.025326797385620915 0.018688725490196078
1 0.22022263071895426 0.4029764093137255 0.027863562091503265 0.01918811274509804
0 0.9599673202614379 0.6182598039215687 0.018790849673202614 0.012254901960784314
0 0.47201797385620914 0.4306066176470588 0.01511437908496732 0.009497549019607842
0 0.3845996732026144 0.4450061274509804 0.013480392156862746 0.008884803921568627
0 0.8680555555555556 0.4872855392156863 0.014705882352941176 0.009497549019607842
0 0.041666666666666664 0.5462622549019608 0.015522875816993464 0.00980392156862745
0 0.2587826797385621 0.4788602941176471 0.016748366013071895 0.00980392156862745
0 0.2636846405228758 0.47579656862745096 0.016748366013071895 0.011029411764705883
0 0.5488153594771242 0.5994178921568627 0.017565359477124183 0.01133578431372549
0 0.041666666666666664 0.5876225490196079 0.01715686274509804 0.011029411764705883
0 0.7765522875816994 0.5677083333333334 0.0196078431372549 0.012254901960784314
0 0.9622140522875817 0.5088848039215687 0.02900326797385621 0.015931372549019607
0 0.29125816993464054 0.5870098039215687 0.01715686274509804 0.011029411764705883
0 0.6897467320261438 0.6006433823529411 0.016748366013071895 0.010723039215686275
0 0.2485702614379085 0.5868566176470589 0.020016339869281044 0.012561274509803922
1 0.3598856209150327 0.1876531862745098 0.024509803921568627 0.015625
0 0.6484885620915033 0.4725796568627451 0.014297385620915032 0.009497549019607842
0 0.34191176470588236 0.5765931372549019 0.0196078431372549 0.014093137254901961
0 0.5708741830065359 0.5908394607843137 0.016748366013071895 0.010723039215686275
0 0.21915849673202614 0.4443933823529412 0.012663398692810458 0.0070465686274509805
0 0.6613562091503268 0.6760110294117647 0.021241830065359478 0.013786764705882353
0 0.4462826797385621 0.4261642156862745 0.01511437908496732 0.009191176470588236
0 0.568218954248366 0.5168504901960784 0.01715686274509804 0.010416666666666666
0 0.7794117647058824 0.5586703431372549 0.022058823529411766 0.013174019607843137
0 0.7612336601307189 0.46338848039215685 0.01511437908496732 0.008884803921568627
0 0.2988153594771242 0.4649203431372549 0.013480392156862746 0.008272058823529412
0 0.45894607843137253 0.43244485294117646 0.014297385620915032 0.009497549019607842
0 0.24080882352941177 0.4417892156862745 0.011029411764705883 0.007352941176470588
0 0.272875816993464 0.5830269607843137 0.016339869281045753 0.011642156862745098
0 0.4742647058823529 0.5315563725490197 0.016339869281045753 0.010416666666666666
1 0.19505718954248366 0.42202818627450983 0.01838235294117647 0.011948529411764705
0 0.6523692810457516 0.5652573529411765 0.013888888888888888 0.00980392156862745
1 0.860702614379085 0.1404718137254902 0.032679738562091505 0.021139705882352942
0 0.4605800653594771 0.48360906862745096 0.015931372549019607 0.009497549019607842
0 0.9150326797385621 0.44255514705882354 0.016339869281045753 0.009497549019607842
0 0.13031045751633988 0.4727328431372549 0.013071895424836602 0.009191176470588236
0 0.8390522875816994 0.5899203431372549 0.0196078431372549 0.012561274509803922
0 0.21793300653594772 0.48590686274509803 0.016748366013071895 0.011029411764705883
0 0.8372140522875817 0.45358455882352944 0.013480392156862746 0.008884803921568627
0 0.02798202614379085 0.5666360294117647 0.014297385620915032 0.009497549019607842
0 0.9082924836601307 0.42693014705882354 0.017565359477124183 0.010723039215686275
0 0.4426062091503268 0.7107843137254902 0.023284313725490197 0.015318627450980392
0 0.28431372549019607 0.5444240196078431 0.01715686274509804 0.011029411764705883
0 0.19505718954248366 0.4742647058823529 0.016748366013071895 0.00980392156862745
0 0.9891748366013072 0.5405943627450981 0.020016339869281044 0.012561274509803922
0 0.20608660130718953 0.4325980392156863 0.012663398692810458 0.009191176470588236
0 0.7608251633986928 0.47931985294117646 0.016748366013071895 0.01011029411764706
0 0.0053104575163398695 0.5183823529411765 0.010620915032679739 0.010416666666666666
0 0.33905228758169936 0.4293811274509804 0.013888888888888888 0.01011029411764706
0 0.2465277777777778 0.4882046568627451 0.016748366013071895 0.01133578431372549
0 0.2937091503267974 0.4797794117647059 0.013888888888888888 0.009191176470588236
0 0.6423611111111112 0.6034007352941176 0.016748366013071895 0.010723039215686275
0 0.39215686274509803 0.45986519607843135 0.01715686274509804 0.010416666666666666
0 0.17136437908496732 0.4612438725490196 0.014297385620915032 0.01011029411764706
0 0.9926470588235294 0.5791973039215687 0.013888888888888888 0.015625
0 0.32393790849673204 0.5318627450980392 0.0196078431372549 0.012867647058823529
1 0.9844771241830066 0.23759191176470587 0.03104575163398693 0.024816176470588234
0 0.6501225490196079 0.6073835784313726 0.02165032679738562 0.012561274509803922
0 0.37745098039215685 0.45818014705882354 0.015522875816993464 0.010723039215686275
0 0.7426470588235294 0.48192401960784315 0.016339869281045753 0.011029411764705883
0 0.18995098039215685 0.49111519607843135 0.015522875816993464 0.011029411764705883
0 0.10212418300653595 0.5511642156862745 0.018790849673202614 0.012254901960784314
0 0.2645016339869281 0.45067401960784315 0.013480392156862746 0.009191176470588236
0 0.730187908496732 0.6225490196078431 0.02165032679738562 0.012867647058823529
0 0.11254084967320262 0.49004289215686275 0.016748366013071895 0.01133578431372549
0 0.21466503267973855 0.5255821078431373 0.01511437908496732 0.010723039215686275
0 0.061683006535947715 0.5654105392156863 0.0196078431372549 0.013174019607843137
0 0.8707107843137255 0.5906862745098039 0.020016339869281044 0.013480392156862746
0 0.3457924836601307 0.5912990196078431 0.02246732026143791 0.013480392156862746
0 0.1119281045751634 0.5672487745098039 0.017973856209150325 0.011948529411764705
1 0.9916258169934641 0.2977941176470588 0.016748366013071895 0.025735294117647058
0 0.05759803921568627 0.5003063725490197 0.01715686274509804 0.011029411764705883
0 0.47406045751633985 0.6193321078431373 0.020016339869281044 0.015012254901960785
0 0.215890522875817 0.5436580882352942 0.016748366013071895 0.010723039215686275
0 0.17054738562091504 0.47870710784313725 0.016748366013071895 0.010723039215686275
0 0.840890522875817 0.4733455882352941 0.020833333333333332 0.012254901960784314
0 0.6480800653594772 0.5545343137254902 0.01919934640522876 0.012867647058823529
0 0.7918709150326797 0.5499387254901961 0.024101307189542485 0.014705882352941176
0 0.9634395424836601 0.5490196078431373 0.025735294117647058 0.014093137254901961
0 0.25326797385620914 0.4528186274509804 0.014705882352941176 0.009191176470588236
0 0.4569035947712418 0.5404411764705882 0.01511437908496732 0.011029411764705883
0 0.24285130718954248 0.49080882352941174 0.01511437908496732 0.010416666666666666
0 0.30392156862745096 0.5340073529411765 0.02042483660130719 0.013480392156862746
0 0.29901960784313725 0.5137867647058824 0.021241830065359478 0.014093137254901961
0 0.1875 0.46139705882352944 0.015522875816993464 0.011029411764705883
0 0.8991013071895425 0.5767463235294118 0.02369281045751634 0.015012254901960785
0 0.5953839869281046 0.5188419117647058 0.02165032679738562 0.012561274509803922
0 0.7610294117647058 0.5845588235294118 0.022058823529411766 0.014705882352941176
0 0.12520424836601307 0.5223651960784313 0.016748366013071895 0.011642156862745098
0 0.7450980392156863 0.5755208333333334 0.02369281045751634 0.015625
0 0.8950163398692811 0.6352634803921569 0.021241830065359478 0.015012254901960785
0 0.315359477124183 0.4800857843137255 0.014705882352941176 0.010416666666666666
0 0.639501633986928 0.5681678921568627 0.017565359477124183 0.012561274509803922
0 0.41911764705882354 0.6377144607843137 0.025326797385620915 0.01685049019607843
1 0.05800653594771242 0.32981004901960786 0.02287581699346405 0.015625
0 0.9276960784313726 0.6135110294117647 0.021241830065359478 0.015625
0 0.4411764705882353 0.6260723039215687 0.022058823529411766 0.015625
0 0.1707516339869281 0.5010723039215687 0.01715686274509804 0.01011029411764706
0 0.6830065359477124 0.6314338235294118 0.02287581699346405 0.014705882352941176
0 0.3660130718954248 0.5726102941176471 0.025326797385620915 0.015931372549019607
0 0.7571486928104575 0.5052083333333334 0.017565359477124183 0.011642156862745098
0 0.39705882352941174 0.5514705882352942 0.0196078431372549 0.012867647058823529
0 0.027165032679738563 0.5321691176470589 0.020833333333333332 0.012867647058823529
0 0.009395424836601307 0.5488664215686274 0.018790849673202614 0.014399509803921568
0 0.2587826797385621 0.5422794117647058 0.024101307189542485 0.015931372549019607
0 0.2777777777777778 0.45925245098039214 0.016339869281045753 0.011029411764705883
0 0.13562091503267973 0.5136335784313726 0.016339869281045753 0.01133578431372549
0 0.25163398692810457 0.5150122549019608 0.018790849673202614 0.013480392156862746
0 0.7777777777777778 0.6012561274509803 0.022058823529411766 0.01685049019607843
0 0.230187908496732 0.5134803921568627 0.01838235294117647 0.012867647058823529
0 0.34048202614379086 0.5482536764705882 0.02165032679738562 0.013786764705882353
0 0.3868464052287582 0.6239276960784313 0.02042483660130719 0.015012254901960785
0 0.320874183006536 0.5767463235294118 0.025735294117647058 0.017463235294117647
0 0.6096813725490197 0.6551776960784313 0.024918300653594773 0.017463235294117647
1 0.36887254901960786 0.15808823529411764 0.03431372549019608 0.025735294117647058
0 0.7113970588235294 0.5301776960784313 0.02165032679738562 0.014399509803921568
1 0.49019607843137253 0.08042279411764706 0.03349673202614379 0.02542892156862745
0 0.7879901960784313 0.5395220588235294 0.022058823529411766 0.013480392156862746
0 0.6613562091503268 0.5101102941176471 0.02369281045751634 0.014705882352941176
1 0.9462826797385621 0.09849877450980392 0.03145424836601307 0.021752450980392156
0 0.20363562091503268 0.6262254901960784 0.027369281045751634 0.02022058823529412
1 0.4507761437908497 0.20756740196078433 0.03308823529411765 0.023590686274509803
0 0.6793300653594772 0.703890931372549 0.03349673202614379 0.02665441176470588