1 0.8762254901960784 0.41482843137254904 0.012867647058823529 0.020833333333333332
1 0.6066176470588235 0.4172794117647059 0.012867647058823529 0.014297385620915032
1 0.7702205882352942 0.43075980392156865 0.023284313725490197 0.025735294117647058
1 0.530484068627451 0.4319852941176471 0.02665441176470588 0.034722222222222224
1 0.8509497549019608 0.474468954248366 0.01991421568627451 0.025735294117647058
1 0.8003982843137255 0.4979575163398693 0.01685049019607843 0.024509803921568627
1 0.946078431372549 0.5243055555555556 0.018995098039215685 0.024918300653594773
1 0.4195772058823529 0.5377859477124183 0.01685049019607843 0.02246732026143791
1 0.6781556372549019 0.5580065359477124 0.019301470588235295 0.02287581699346405
1 0.8720894607843137 0.5604575163398693 0.01685049019607843 0.01715686274509804
1 0.49892769607843135 0.5731209150326797 0.02297794117647059 0.031862745098039214
1 0.09298406862745098 0.5802696078431373 0.02297794117647059 0.024918300653594773
1 0.7431066176470589 0.5953839869281046 0.016237745098039217 0.020833333333333332
1 0.5510110294117647 0.6117238562091504 0.021752450980392156 0.026552287581699346
1 0.23115808823529413 0.6172385620915033 0.02420343137254902 0.025326797385620915
1 0.8497242647058824 0.6241830065359477 0.01685049019607843 0.0196078431372549
1 0.5096507352941176 0.6245915032679739 0.022365196078431373 0.02696078431372549
1 0.6178002450980392 0.6801470588235294 0.021139705882352942 0.029411764705882353
1 0.16804534313725492 0.7254901960784313 0.01991421568627451 0.02369281045751634
1 0.7126225490196079 0.7381535947712419 0.01838235294117647 0.01715686274509804
1 0.2426470588235294 0.7532679738562091 0.015318627450980392 0.018790849673202614
1 0.758578431372549 0.7589869281045751 0.02022058823529412 0.03431372549019608
1 0.8953737745098039 0.7863562091503268 0.014399509803921568 0.018790849673202614
1 0.1557904411764706 0.8366013071895425 0.017463235294117647 0.022058823529411766
1 0.8454350490196079 0.8545751633986928 0.017463235294117647 0.022058823529411766
0 0.5038296568627451 0.860702614379085 0.007659313725490196 0.013888888888888888
0 0.4928002450980392 0.8615196078431373 0.01011029411764706 0.012254901960784314
0 0.6842830882352942 0.8690767973856209 0.010723039215686275 0.013480392156862746
0 0.647671568627451 0.8698937908496732 0.013480392156862746 0.016748366013071895
0 0.4024203431372549 0.8760212418300654 0.010723039215686275 0.014297385620915032
0 0.2887561274509804 0.8944035947712419 0.014399509803921568 0.01838235294117647
0 0.3242953431372549 0.8950163398692811 0.018688725490196078 0.02042483660130719
0 0.328125 0.9156454248366013 0.015931372549019607 0.01838235294117647
0 0.7092524509803921 0.9162581699346405 0.011642156862745098 0.017973856209150325
0 0.7460171568627451 0.9201388888888888 0.011642156862745098 0.014297385620915032
0 0.6937806372549019 0.9272875816993464 0.013174019607843137 0.017973856209150325
0 0.6046262254901961 0.9295343137254902 0.015625 0.023284313725490197
0 0.46308210784313725 0.9323937908496732 0.013786764705882353 0.01919934640522876
0 0.5042892156862745 0.9509803921568627 0.020833333333333332 0.03022875816993464
0 0.4866727941176471 0.9618055555555556 0.021752450980392156 0.03145424836601307
0 0.7317708333333334 0.9673202614379085 0.019301470588235295 0.025326797385620915
0 0.7167585784313726 0.9775326797385621 0.015012254901960785 0.018790849673202614
0 0.25597426470588236 0.9861111111111112 0.019301470588235295 0.0196078431372549
0 0.18489583333333334 0.9863153594771242 0.018688725490196078 0.02246732026143791
0 0.7028186274509803 0.9877450980392157 0.015931372549019607 0.022058823529411766
0 0.7159926470588235 0.988562091503268 0.020833333333333332 0.02287581699346405
0 0.6372549019607843 0.9899918300653595 0.016544117647058824 0.01838235294117647
0 0.6210171568627451 0.9901960784313726 0.015931372549019607 0.0196078431372549
0 0.0545343137254902 0.9908088235294118 0.014705882352941176 0.013480392156862746
0 0.7421875 0.9920343137254902 0.014399509803921568 0.015931372549019607
0 0.0626531862745098 0.9965277777777778 0.01685049019607843 0.006944444444444444
1 0.992953431372549 0.30800653594771243 0.014093137254901961 0.025326797385620915
1 0.32735906862745096 0.32189542483660133 0.018688725490196078 0.02369281045751634
1 0.9612438725490197 0.3292483660130719 0.018075980392156864 0.025326797385620915
1 0.43443627450980393 0.3506944444444444 0.031862745098039214 0.03553921568627451
1 0.16023284313725492 0.36825980392156865 0.0196078431372549 0.027369281045751634
1 0.9921875 0.38848039215686275 0.015625 0.025326797385620915
1 0.6669730392156863 0.39215686274509803 0.020833333333333332 0.021241830065359478
1 0.5678615196078431 0.3954248366013072 0.016237745098039217 0.02042483660130719