1 0.8674428104575164 0.3166360294117647 0.025735294117647058 0.020526960784313725
1 0.8464052287581699 0.31985294117647056 0.025326797385620915 0.02267156862745098
1 0.9897875816993464 0.3304227941176471 0.02042483660130719 0.03216911764705882
1 0.9877450980392157 0.47824754901960786 0.024509803921568627 0.025122549019607844
1 0.9736519607843137 0.4882046568627451 0.03308823529411765 0.02665441176470588
0 0.9530228758169934 0.5683210784313726 0.022058823529411766 0.01838235294117647
0 0.5575980392156863 0.6075367647058824 0.022058823529411766 0.015318627450980392
0 0.7624591503267973 0.6469056372549019 0.03308823529411765 0.023590686274509803
0 0.4438316993464052 0.671875 0.027369281045751634 0.015318627450980392
0 0.5841503267973857 0.6855085784313726 0.026143790849673203 0.01685049019607843
1 0.9771241830065359 0.08072916666666667 0.031862745098039214 0.029105392156862746
0 0.3562091503267974 0.8161764705882353 0.029411764705882353 0.022058823529411766
0 0.16339869281045752 0.8275122549019608 0.03431372549019608 0.022058823529411766
1 0.931781045751634 0.12576593137254902 0.04003267973856209 0.03278186274509804
1 0.9299428104575164 0.18504901960784315 0.03390522875816993 0.030637254901960783
1 0.8274101307189542 0.22196691176470587 0.02165032679738562 0.020526960784313725
1 0.8147467320261438 0.25934436274509803 0.026552287581699346 0.01685049019607843
1 0.8131127450980392 0.27236519607843135 0.026552287581699346 0.0196078431372549
0 0.2350735294117647 0.6942018995098039 0.022434640522875818 0.013403799019607842
0 0.8491013071895425 0.7156479779411765 0.027450980392156862 0.01953125
1 0.8682986111111111 0.6936657475490197 0.02336192810457516 0.014169730392156863
0 0.02810457516339869 0.5625765931372549 0.019444444444444445 0.013020833333333334
0 0.19266544117647058 0.9650352328431373 0.03565767973856209 0.022594975490196078
0 0.2381045751633987 0.9836473651960784 0.03666666666666667 0.021829044117647058
0 0.5589093137254902 0.9476485906862745 0.024681372549019608 0.017233455882352942