1 0.23631535947712418 0.5035232843137255 0.028186274509803922 0.01991421568627451
1 0.3104575163398693 0.5592830882352942 0.02042483660130719 0.014399509803921568
1 0.15665849673202614 0.5137867647058824 0.02246732026143791 0.014705882352941176
1 0.23435049019607845 0.6872886029411764 0.025890522875816994 0.018572303921568625
1 0.21854575163398693 0.5145526960784313 0.025326797385620915 0.016237745098039217
1 0.3139297385620915 0.3802083333333333 0.02165032679738562 0.012867647058823529
1 0.20120098039215686 0.6727941176470589 0.018415032679738562 0.013480392156862746
1 0.5467728758169934 0.6709558823529411 0.024918300653594773 0.017769607843137254
0 0.48092728758169934 0.6850719975490196 0.01986111111111111 0.013526348039215685
1 0.5806781045751634 0.37484681372549017 0.024101307189542485 0.01685049019607843
0 0.809640522875817 0.6973039215686274 0.026143790849673203 0.016544117647058824
0 0.7081290849673203 0.7829350490196079 0.01838235294117647 0.014399509803921568
1 0.23897058823529413 0.5670955882352942 0.024509803921568627 0.01715686274509804
1 0.19383169934640523 0.6859681372549019 0.020016339869281044 0.014093137254901961
1 0.5800653594771242 0.49065563725490197 0.026143790849673203 0.01991421568627451
0 0.1198937908496732 0.7455575980392157 0.020016339869281044 0.013174019607843137
1 0.18218954248366012 0.5611213235294118 0.032679738562091505 0.020526960784313725
1 0.5774101307189542 0.2542892156862745 0.02165032679738562 0.016544117647058824
1 0.44138071895424835 0.3867953431372549 0.024101307189542485 0.017463235294117647
1 0.42340686274509803 0.39996936274509803 0.024101307189542485 0.017463235294117647
1 0.9534313725490197 0.6999080882352942 0.04411764705882353 0.030943627450980393
1 0.25755718954248363 0.3635110294117647 0.02165032679738562 0.015625
1 0.2569444444444444 0.6734068627450981 0.02696078431372549 0.01838235294117647
1 0.5578022875816994 0.5 0.0298202614379085 0.020833333333333332
0 0.04963235294117647 0.7098651960784313 0.020833333333333332 0.014705882352941176
1 0.32965686274509803 0.6672794117647058 0.026143790849673203 0.018995098039215685
1 0.42054738562091504 0.7734375 0.02900326797385621 0.02297794117647059
1 0.5578022875816994 0.6614583333333334 0.028186274509803922 0.0196078431372549
1 0.3287295751633987 0.5626531862745098 0.022655228758169936 0.015012254901960785
1 0.39950980392156865 0.6283700980392157 0.03022875816993464 0.020833333333333332
0 0.7218137254901961 0.7909007352941176 0.02042483660130719 0.015625
1 0.1830065359477124 0.6087622549019608 0.027777777777777776 0.01838235294117647
1 0.14113562091503268 0.5677083333333334 0.026552287581699346 0.0196078431372549
1 0.0951797385620915 0.5275735294117647 0.027777777777777776 0.020833333333333332
1 0.5996732026143791 0.4794730392156863 0.02696078431372549 0.02022058823529412
1 0.38031045751633985 0.30254289215686275 0.024509803921568627 0.018075980392156864
0 0.010416666666666666 0.7832414215686274 0.020016339869281044 0.018075980392156864
1 0.320874183006536 0.5768995098039216 0.024101307189542485 0.016544117647058824
0 0.07769403594771242 0.8371752450980392 0.027937091503267973 0.019325980392156862
1 0.5032679738562091 0.3002450980392157 0.024509803921568627 0.017769607843137254
1 0.7036356209150327 0.3475796568627451 0.025735294117647058 0.018688725490196078
1 0.4556781045751634 0.5026041666666666 0.028186274509803922 0.020526960784313725
1 0.31781045751633985 0.48452818627450983 0.028594771241830064 0.020526960784313725
1 0.44669117647058826 0.5729166666666666 0.02900326797385621 0.020833333333333332
1 0.26858660130718953 0.34482230392156865 0.024101307189542485 0.019301470588235295
1 0.6331699346405228 0.6420036764705882 0.03022875816993464 0.021752450980392156
1 0.7546977124183006 0.5179227941176471 0.037173202614379085 0.02420343137254902
1 0.31290849673202614 0.3560049019607843 0.026143790849673203 0.0196078431372549
0 0.7724673202614379 0.7763480392156863 0.02287581699346405 0.0196078431372549