0 0.9254493464052288 0.3743872549019608 0.017565359477124183 0.014093137254901961
0 0.8061683006535948 0.38495710784313725 0.02165032679738562 0.018075980392156864
0 0.07536764705882353 0.38756127450980393 0.023284313725490197 0.009191176470588236
0 0.778390522875817 0.38817401960784315 0.030637254901960783 0.02022058823529412
0 0.022263071895424837 0.38893995098039214 0.01919934640522876 0.01133578431372549
0 0.9836601307189542 0.3978247549019608 0.017973856209150325 0.01133578431372549
0 0.011233660130718954 0.39920343137254904 0.020016339869281044 0.00980392156862745
0 0.18137254901960784 0.39981617647058826 0.03104575163398693 0.012867647058823529
0 0.1147875816993464 0.4007352941176471 0.024509803921568627 0.014705882352941176
0 0.06985294117647059 0.40487132352941174 0.026143790849673203 0.015012254901960785
0 0.2506127450980392 0.40548406862745096 0.02246732026143791 0.018075980392156864
0 0.715890522875817 0.4137561274509804 0.01919934640522876 0.013786764705882353
0 0.5089869281045751 0.4260110294117647 0.03431372549019608 0.013174019607843137
0 0.6041666666666666 0.4352022058823529 0.03349673202614379 0.016237745098039217
0 0.6746323529411765 0.43596813725490197 0.014297385620915032 0.011642156862745098
0 0.207312091503268 0.44378063725490197 0.020833333333333332 0.012561274509803922
0 0.772671568627451 0.4494485294117647 0.051879084967320264 0.029411764705882353
0 0.7428513071895425 0.45818014705882354 0.02165032679738562 0.015625
0 0.6742238562091504 0.4635416666666667 0.016748366013071895 0.00857843137254902
0 0.340890522875817 0.4638480392156863 0.02900326797385621 0.016544117647058824
0 0.6578839869281046 0.4684436274509804 0.026552287581699346 0.014093137254901961
0 0.7359068627450981 0.4710477941176471 0.025735294117647058 0.015625
0 0.6752450980392157 0.47472426470588236 0.02369281045751634 0.016237745098039217
0 0.3292483660130719 0.4756433823529412 0.03104575163398693 0.021139705882352942
0 0.2005718954248366 0.4797794117647059 0.028594771241830064 0.011029411764705883
0 0.5222630718954249 0.4806985294117647 0.03390522875816993 0.02022058823529412
0 0.7485702614379085 0.48161764705882354 0.0298202614379085 0.015931372549019607
0 0.11172385620915033 0.48422181372549017 0.028186274509803922 0.017463235294117647
0 0.38174019607843135 0.48422181372549017 0.017565359477124183 0.01133578431372549
0 0.9279003267973857 0.48682598039215685 0.034722222222222224 0.029411764705882353
0 0.12928921568627452 0.48973651960784315 0.02900326797385621 0.015625
0 0.01613562091503268 0.4912683823529412 0.03227124183006536 0.022365196078431373
1 0.4973447712418301 0.04963235294117647 0.04861111111111111 0.031862745098039214
0 0.19505718954248366 0.49785539215686275 0.020833333333333332 0.018995098039215685
0 0.9070669934640523 0.5036764705882353 0.051879084967320264 0.02267156862745098
0 0.0951797385620915 0.5098039215686274 0.03104575163398693 0.017769607843137254
0 0.9948937908496732 0.5143995098039216 0.010212418300653595 0.028186274509803922
0 0.778390522875817 0.5280330882352942 0.0363562091503268 0.024816176470588234
0 0.3525326797385621 0.5329350490196079 0.022058823529411766 0.012561274509803922
0 0.4507761437908497 0.5346200980392157 0.03553921568627451 0.016544117647058824
0 0.056372549019607844 0.5373774509803921 0.03594771241830065 0.017769607843137254
0 0.35661764705882354 0.5438112745098039 0.02696078431372549 0.014705882352941176
0 0.11417483660130719 0.6147365196078431 0.03799019607843137 0.021752450980392156
0 0.6940359477124183 0.6300551470588235 0.04411764705882353 0.03400735294117647
0 0.6478758169934641 0.6498161764705882 0.04411764705882353 0.03002450980392157
0 0.3854166666666667 0.7873774509803921 0.05106209150326797 0.032475490196078434
1 0.6834150326797386 0.09375 0.04411764705882353 0.04656862745098039
1 0.8037173202614379 0.13526348039215685 0.04616013071895425 0.02849264705882353