1 0.7081290849673203 0.31204044117647056 0.02900326797385621 0.01991421568627451
1 0.1133578431372549 0.31985294117647056 0.025735294117647058 0.01838235294117647
1 0.46711601307189543 0.32276348039215685 0.02900326797385621 0.02297794117647059
1 0.1795343137254902 0.32797181372549017 0.020016339869281044 0.015625
1 0.059027777777777776 0.3391544117647059 0.023284313725490197 0.020833333333333332
1 0.040236928104575166 0.3425245098039216 0.02246732026143791 0.020833333333333332
1 0.9912173202614379 0.3471200980392157 0.017565359477124183 0.023284313725490197
1 0.8803104575163399 0.35753676470588236 0.04411764705882353 0.04044117647058824
1 0.7026143790849673 0.36672794117647056 0.04656862745098039 0.030637254901960783
1 0.31352124183006536 0.03676470588235294 0.026552287581699346 0.022058823529411766
1 0.16727941176470587 0.36917892156862747 0.028186274509803922 0.01838235294117647
1 0.4548611111111111 0.03722426470588235 0.03880718954248366 0.026041666666666668
1 0.42320261437908496 0.38265931372549017 0.02287581699346405 0.0196078431372549
1 0.2042483660130719 0.3975183823529412 0.017973856209150325 0.018075980392156864
1 0.14808006535947713 0.39828431372549017 0.027369281045751634 0.017769607843137254
1 0.00959967320261438 0.40471813725490197 0.01838235294117647 0.01838235294117647
1 0.4583333333333333 0.40931372549019607 0.028594771241830064 0.020833333333333332
1 0.3815359477124183 0.41421568627450983 0.02696078431372549 0.02144607843137255
1 0.19955065359477125 0.4149816176470588 0.030637254901960783 0.02665441176470588
1 0.1556372549019608 0.41712622549019607 0.02696078431372549 0.023590686274509803
1 0.5036764705882353 0.4183517156862745 0.0196078431372549 0.018688725490196078
1 0.08680555555555555 0.04197303921568627 0.01919934640522876 0.02022058823529412
1 0.1343954248366013 0.42172181372549017 0.03022875816993464 0.021752450980392156
1 0.4724264705882353 0.4244791666666667 0.02246732026143791 0.015625
1 0.39562908496732024 0.4348958333333333 0.020833333333333332 0.019301470588235295
1 0.29125816993464054 0.43918504901960786 0.026143790849673203 0.022365196078431373
1 0.24734477124183007 0.44316789215686275 0.027369281045751634 0.02420343137254902
1 0.32046568627450983 0.4485294117647059 0.02246732026143791 0.017769607843137254
1 0.6094771241830066 0.45389093137254904 0.0196078431372549 0.01685049019607843
1 0.536968954248366 0.4557291666666667 0.024101307189542485 0.021752450980392156
1 0.511437908496732 0.045649509803921566 0.032679738562091505 0.025735294117647058
1 0.5931372549019608 0.004748774509803921 0.031862745098039214 0.009497549019607842
1 0.3545751633986928 0.4655330882352941 0.0196078431372549 0.018075980392156864
1 0.9195261437908496 0.4696691176470588 0.0392156862745098 0.037377450980392156
1 0.278390522875817 0.4696691176470588 0.026552287581699346 0.024509803921568627
1 0.7845179738562091 0.47441789215686275 0.028186274509803922 0.02297794117647059
1 0.2943218954248366 0.47472426470588236 0.02246732026143791 0.018688725490196078
1 0.21119281045751634 0.04764093137254902 0.028594771241830064 0.023590686274509803
0 0.8029003267973857 0.47732843137254904 0.01511437908496732 0.012867647058823529
1 0.1488970588235294 0.4800857843137255 0.02165032679738562 0.01838235294117647
0 0.6358251633986928 0.4885110294117647 0.017565359477124183 0.0070465686274509805
0 0.6791258169934641 0.4892769607843137 0.01184640522875817 0.007352941176470588
0 0.7107843137254902 0.49019607843137253 0.017973856209150325 0.007965686274509803
1 0.3627450980392157 0.49295343137254904 0.017973856209150325 0.012254901960784314
0 0.7706290849673203 0.4934129901960784 0.013480392156862746 0.01011029411764706
0 0.8272058823529411 0.4957107843137255 0.015522875816993464 0.006740196078431373
0 0.7234477124183006 0.5 0.01715686274509804 0.011642156862745098
0 0.6930147058823529 0.5001531862745098 0.017565359477124183 0.008884803921568627
0 0.835171568627451 0.5001531862745098 0.012663398692810458 0.007659313725490196
1 0.16544117647058823 0.0507046568627451 0.02042483660130719 0.017463235294117647
0 0.5296160130718954 0.5059742647058824 0.02246732026143791 0.017463235294117647
0 0.7391748366013072 0.5075061274509803 0.017565359477124183 0.010723039215686275
1 0.11376633986928104 0.5090379901960784 0.01919934640522876 0.01685049019607843
0 0.6821895424836601 0.5098039215686274 0.013071895424836602 0.007352941176470588
0 0.3560049019607843 0.5134803921568627 0.014297385620915032 0.011029411764705883
1 0.26205065359477125 0.5151654411764706 0.02165032679738562 0.019301470588235295
0 0.6901552287581699 0.5183823529411765 0.01919934640522876 0.011642156862745098
0 0.45731209150326796 0.5202205882352942 0.02246732026143791 0.016544117647058824
1 0.08496732026143791 0.5203737745098039 0.0196078431372549 0.01685049019607843
1 0.1766748366013072 0.5206801470588235 0.01919934640522876 0.018075980392156864
0 0.9042075163398693 0.5303308823529411 0.015931372549019607 0.014093137254901961
0 0.17381535947712418 0.530484068627451 0.016748366013071895 0.013786764705882353
0 0.11437908496732026 0.5315563725490197 0.01715686274509804 0.007965686274509803
0 0.411968954248366 0.5337009803921569 0.015931372549019607 0.014093137254901961
1 0.24080882352941177 0.5337009803921569 0.02165032679738562 0.01838235294117647
0 0.10110294117647059 0.5355392156862745 0.013480392156862746 0.007965686274509803
0 0.8306781045751634 0.5379901960784313 0.023284313725490197 0.013480392156862746
0 0.11683006535947713 0.5384497549019608 0.014705882352941176 0.009497549019607842
1 0.6946486928104575 0.054074754901960786 0.024918300653594773 0.026041666666666668
0 0.9881535947712419 0.5396752450980392 0.02287581699346405 0.022365196078431373
1 0.3131127450980392 0.5399816176470589 0.024101307189542485 0.016237745098039217
1 0.21343954248366012 0.5410539215686274 0.027369281045751634 0.0196078431372549
0 0.8100490196078431 0.5416666666666666 0.016339869281045753 0.010416666666666666
0 0.45383986928104575 0.546109068627451 0.013888888888888888 0.011948529411764705
0 0.6828022875816994 0.546109068627451 0.020833333333333332 0.009497549019607842
1 0.27369281045751637 0.5488664215686274 0.031862745098039214 0.021139705882352942
1 0.5704656862745098 0.0055147058823529415 0.034722222222222224 0.010416666666666666
0 0.7113970588235294 0.5517769607843137 0.023284313725490197 0.02022058823529412
1 0.018790849673202614 0.5526960784313726 0.029411764705882353 0.015318627450980392
0 0.5222630718954249 0.5534620098039216 0.02246732026143791 0.019301470588235295
0 0.5798611111111112 0.5542279411764706 0.01838235294117647 0.015931372549019607
0 0.07924836601307189 0.5553002450980392 0.016339869281045753 0.015625
0 0.6819852941176471 0.5600490196078431 0.017565359477124183 0.015931372549019607
0 0.6968954248366013 0.5756740196078431 0.022058823529411766 0.014093137254901961
0 0.17483660130718953 0.578125 0.012254901960784314 0.011029411764705883
0 0.15257352941176472 0.5808823529411765 0.01838235294117647 0.00857843137254902
0 0.8980800653594772 0.5840992647058824 0.027369281045751634 0.016237745098039217
1 0.6060049019607843 0.05912990196078431 0.03799019607843137 0.02389705882352941
1 0.32822712418300654 0.05943627450980392 0.025735294117647058 0.02022058823529412
0 0.3770424836601307 0.5966605392156863 0.018790849673202614 0.013174019607843137
0 0.7359068627450981 0.6030943627450981 0.02165032679738562 0.018075980392156864
0 0.4125816993464052 0.6079963235294118 0.01715686274509804 0.008884803921568627
1 0.4891748366013072 0.061274509803921566 0.02165032679738562 0.02022058823529412
0 0.2792075163398693 0.6147365196078431 0.020016339869281044 0.016237745098039217
0 0.13051470588235295 0.6153492647058824 0.01838235294117647 0.016237745098039217
1 0.4585375816993464 0.06158088235294118 0.025735294117647058 0.02022058823529412
0 0.6309232026143791 0.6170343137254902 0.02165032679738562 0.018995098039215685
0 0.278390522875817 0.6199448529411765 0.016748366013071895 0.014399509803921568
0 0.7062908496732027 0.6204044117647058 0.022058823529411766 0.0196078431372549
0 0.45179738562091504 0.625 0.01715686274509804 0.015318627450980392
0 0.011642156862745098 0.6315870098039216 0.020016339869281044 0.017463235294117647
0 0.5688316993464052 0.6504289215686274 0.01919934640522876 0.012867647058823529
0 0.5249183006535948 0.6515012254901961 0.02287581699346405 0.014399509803921568
0 0.051879084967320264 0.6551776960784313 0.024509803921568627 0.022365196078431373
0 0.9564950980392157 0.6660539215686274 0.028186274509803922 0.024509803921568627
1 0.2883986928104575 0.06755514705882353 0.024509803921568627 0.015625
0 0.40093954248366015 0.6744791666666666 0.01919934640522876 0.018075980392156864
0 0.6266339869281046 0.6819852941176471 0.0196078431372549 0.014705882352941176
1 0.9493464052287581 0.06878063725490197 0.03431372549019608 0.024816176470588234
1 0.9201388888888888 0.06893382352941177 0.023284313725490197 0.01838235294117647
0 0.027165032679738563 0.6982230392156863 0.020833333333333332 0.01715686274509804
0 0.6047794117647058 0.7233455882352942 0.03227124183006536 0.01838235294117647
0 0.5843545751633987 0.7366727941176471 0.026552287581699346 0.023590686274509803
0 0.4791666666666667 0.7444852941176471 0.03676470588235294 0.02022058823529412
1 0.5786356209150327 0.07475490196078431 0.03145424836601307 0.0196078431372549
0 0.7779820261437909 0.7495404411764706 0.026552287581699346 0.023590686274509803
1 0.8939950980392157 0.007659313725490196 0.016748366013071895 0.015318627450980392
0 0.8388480392156863 0.7706801470588235 0.044526143790849675 0.03216911764705882
1 0.15951797385620914 0.07720588235294118 0.01838235294117647 0.0196078431372549
1 0.35110294117647056 0.078125 0.020016339869281044 0.01838235294117647
0 0.2618464052287582 0.7921262254901961 0.026143790849673203 0.022365196078431373
0 0.24040032679738563 0.8005514705882353 0.02246732026143791 0.020833333333333332
1 0.04513888888888889 0.08241421568627451 0.027369281045751634 0.015318627450980392
1 0.2694035947712418 0.08272058823529412 0.017565359477124183 0.015318627450980392
0 0.9168709150326797 0.8322610294117647 0.0559640522875817 0.033394607843137254
0 0.04003267973856209 0.8373161764705882 0.022058823529411766 0.01838235294117647
0 0.7638888888888888 0.8396139705882353 0.041666666666666664 0.03462009803921569
0 0.10866013071895425 0.8451286764705882 0.031862745098039214 0.0272671568627451
0 0.7026143790849673 0.8481924019607843 0.03022875816993464 0.02665441176470588
1 0.3966503267973856 0.08501838235294118 0.024509803921568627 0.022365196078431373
0 0.0806781045751634 0.8526348039215687 0.026552287581699346 0.02022058823529412
1 0.8803104575163399 0.0859375 0.04411764705882353 0.027879901960784315
0 0.8400735294117647 0.8599877450980392 0.03880718954248366 0.034926470588235295
0 0.8888888888888888 0.9473039215686274 0.03758169934640523 0.03799019607843137
1 0.45935457516339867 0.09589460784313726 0.028186274509803922 0.014093137254901961
1 0.7134395424836601 0.09650735294117647 0.01919934640522876 0.016544117647058824
1 0.9360702614379085 0.09650735294117647 0.025735294117647058 0.023284313725490197
1 0.6691176470588235 0.0974264705882353 0.027777777777777776 0.025735294117647058
1 0.6311274509803921 0.09865196078431372 0.0196078431372549 0.010416666666666666
1 0.7261029411764706 0.09972426470588236 0.02165032679738562 0.018075980392156864
1 0.8169934640522876 0.01011029411764706 0.04003267973856209 0.02022058823529412
1 0.30861928104575165 0.10416666666666667 0.025735294117647058 0.01838235294117647
1 0.18280228758169934 0.10814950980392157 0.030637254901960783 0.017769607843137254
1 0.6921977124183006 0.109375 0.023284313725490197 0.017769607843137254
1 0.3819444444444444 0.011029411764705883 0.02287581699346405 0.01838235294117647
1 0.23672385620915032 0.01133578431372549 0.023284313725490197 0.020833333333333332
1 0.7440767973856209 0.11611519607843138 0.023284313725490197 0.02144607843137255
1 0.9054330065359477 0.11994485294117647 0.03227124183006536 0.022365196078431373
1 0.4397467320261438 0.12178308823529412 0.020833333333333332 0.013174019607843137
1 0.4462826797385621 0.13112745098039216 0.02165032679738562 0.02022058823529412
1 0.22058823529411764 0.1326593137254902 0.024509803921568627 0.015318627450980392
1 0.2877859477124183 0.1329656862745098 0.020016339869281044 0.015931372549019607
1 0.044526143790849675 0.13388480392156862 0.028594771241830064 0.02022058823529412
1 0.2645016339869281 0.13434436274509803 0.028186274509803922 0.017463235294117647
1 0.40461601307189543 0.14552696078431374 0.020016339869281044 0.01838235294117647
1 0.46875 0.14736519607843138 0.0363562091503268 0.01715686274509804
1 0.3515114379084967 0.015165441176470588 0.030637254901960783 0.021752450980392156
1 0.12214052287581699 0.15104166666666666 0.03104575163398693 0.014705882352941176
1 0.5884395424836601 0.15410539215686275 0.024918300653594773 0.015931372549019607
1 0.08169934640522876 0.15456495098039216 0.02287581699346405 0.016237745098039217
1 0.4185049019607843 0.1556372549019608 0.01919934640522876 0.012254901960784314
1 0.1454248366013072 0.15701593137254902 0.029411764705882353 0.019301470588235295
1 0.198937908496732 0.015931372549019607 0.028594771241830064 0.018995098039215685
1 0.46691176470588236 0.16161151960784315 0.03594771241830065 0.023590686274509803
1 0.5551470588235294 0.16176470588235295 0.024509803921568627 0.012254901960784314
1 0.2624591503267974 0.016237745098039217 0.026552287581699346 0.023284313725490197
1 0.582312091503268 0.1792279411764706 0.023284313725490197 0.014093137254901961
1 0.2771650326797386 0.18336397058823528 0.01838235294117647 0.010723039215686275
1 0.636437908496732 0.18428308823529413 0.022058823529411766 0.015012254901960785
1 0.5108251633986928 0.18918504901960784 0.028186274509803922 0.023590686274509803
1 0.44546568627450983 0.1948529411764706 0.024101307189542485 0.02144607843137255
1 0.13357843137254902 0.19607843137254902 0.027777777777777776 0.018995098039215685
1 0.6546160130718954 0.19852941176470587 0.01919934640522876 0.013480392156862746
1 0.1854575163398693 0.20098039215686275 0.03022875816993464 0.018995098039215685
1 0.6715686274509803 0.20143995098039216 0.0196078431372549 0.01133578431372549
1 0.054330065359477125 0.20235906862745098 0.022058823529411766 0.015625
1 0.6321486928104575 0.20389093137254902 0.01511437908496732 0.013174019607843137
1 0.33517156862745096 0.20465686274509803 0.03227124183006536 0.02144607843137255
1 0.4131944444444444 0.2110906862745098 0.027369281045751634 0.020833333333333332
1 0.20772058823529413 0.21170343137254902 0.028186274509803922 0.017769607843137254
1 0.14276960784313725 0.21461397058823528 0.024101307189542485 0.017463235294117647
1 0.18852124183006536 0.21537990196078433 0.028186274509803922 0.014705882352941176
1 0.3815359477124183 0.21614583333333334 0.022058823529411766 0.019301470588235295
1 0.39685457516339867 0.21982230392156862 0.023284313725490197 0.018075980392156864
1 0.6742238562091504 0.022058823529411766 0.0298202614379085 0.0196078431372549
1 0.08946078431372549 0.22058823529411764 0.03022875816993464 0.02022058823529412
1 0.8715277777777778 0.2267156862745098 0.0363562091503268 0.023284313725490197
1 0.9313725490196079 0.22809436274509803 0.03594771241830065 0.021139705882352942
1 0.42626633986928103 0.23192401960784315 0.024918300653594773 0.020833333333333332
1 0.5996732026143791 0.2423406862745098 0.02042483660130719 0.01838235294117647
1 0.3874591503267974 0.24892769607843138 0.01838235294117647 0.019301470588235295
1 0.5490196078431373 0.25275735294117646 0.022058823529411766 0.01838235294117647
1 0.1352124183006536 0.25474877450980393 0.022058823529411766 0.01685049019607843
1 0.31924019607843135 0.025735294117647058 0.016748366013071895 0.016544117647058824
1 0.09681372549019608 0.025888480392156864 0.03104575163398693 0.02297794117647059
1 0.6550245098039216 0.026348039215686275 0.020016339869281044 0.015318627450980392
1 0.04125816993464052 0.27159926470588236 0.028594771241830064 0.015012254901960785
1 0.6141748366013072 0.0027573529411764708 0.030637254901960783 0.0055147058823529415
1 0.5669934640522876 0.02849264705882353 0.03349673202614379 0.01838235294117647
1 0.017361111111111112 0.29074754901960786 0.017565359477124183 0.010416666666666666
1 0.21650326797385622 0.2927389705882353 0.02287581699346405 0.015625
1 0.24897875816993464 0.029564950980392156 0.020016339869281044 0.01685049019607843
1 0.6529820261437909 0.2974877450980392 0.023284313725490197 0.02144607843137255
1 0.22549019607843138 0.29901960784313725 0.025326797385620915 0.02389705882352941