1 0.6204922385620915 0.21675857843137256 0.11598447712418301 0.0934436274509804
1 0.8318627450980393 0.19454656862745098 0.13431372549019607 0.11948529411764706
1 0.9546568627450981 0.049019607843137254 0.09068627450980392 0.09803921568627451
1 0.23851307189542484 0.19822303921568626 0.04647058823529412 0.034926470588235295
1 0.07069240196078432 0.19914215686274508 0.031090686274509803 0.0196078431372549
1 0.09392565359477124 0.2662377450980392 0.03180555555555555 0.02389705882352941
1 0.11434844771241831 0.3275122549019608 0.026899509803921567 0.02022058823529412
1 0.034293300653594774 0.27236519607843135 0.03018790849673203 0.02389705882352941
1 0.22871119281045751 0.3480392156862745 0.0317687908496732 0.024509803921568627
1 0.17520220588235294 0.06495098039215687 0.06690767973856208 0.06740196078431372
1 0.2822160947712418 0.09712009803921569 0.07668709150326797 0.06678921568627451
0 0.34920343137254906 0.6158088235294118 0.03419117647058824 0.022058823529411766
0 0.567718545751634 0.8927696078431373 0.0741625816993464 0.05392156862745098
0 0.7351838235294118 0.5723039215686274 0.03000816993464052 0.020833333333333332
1 0.18827614379084967 0.26256127450980393 0.0375 0.02389705882352941