1 0.380718954248366 0.3072916666666667 0.05555555555555555 0.037377450980392156
1 0.9391339869281046 0.3244485294117647 0.03839869281045752 0.02389705882352941
0 0.125 0.33348651960784315 0.016339869281045753 0.012561274509803922
0 0.25592320261437906 0.33869485294117646 0.014297385620915032 0.01011029411764706
0 0.11376633986928104 0.34543504901960786 0.0298202614379085 0.020526960784313725
0 0.12826797385620914 0.35370710784313725 0.015522875816993464 0.011948529411764705
0 0.2949346405228758 0.35370710784313725 0.03104575163398693 0.02297794117647059
0 0.06638071895424837 0.3556985294117647 0.03145424836601307 0.01838235294117647
0 0.30637254901960786 0.36213235294117646 0.03594771241830065 0.0196078431372549
0 0.0559640522875817 0.3628982843137255 0.015522875816993464 0.020526960784313725
0 0.8229166666666666 0.36412377450980393 0.016748366013071895 0.010723039215686275
1 0.5224673202614379 0.36795343137254904 0.06372549019607843 0.044730392156862746
0 0.36356209150326796 0.36887254901960786 0.04411764705882353 0.02144607843137255
0 0.13071895424836602 0.3737745098039216 0.042483660130718956 0.022058823529411766
0 0.7716503267973857 0.37392769607843135 0.03104575163398693 0.017463235294117647
0 0.7171160130718954 0.38174019607843135 0.03390522875816993 0.018995098039215685
0 0.2526552287581699 0.38434436274509803 0.020833333333333332 0.011948529411764705
0 0.4048202614379085 0.3851102941176471 0.03594771241830065 0.02389705882352941
0 0.12969771241830066 0.3883272058823529 0.02165032679738562 0.014399509803921568
0 0.11070261437908496 0.38924632352941174 0.02042483660130719 0.014399509803921568
0 0.02022058823529412 0.39950980392156865 0.02246732026143791 0.015318627450980392
0 0.7344771241830066 0.4024203431372549 0.018790849673202614 0.014399509803921568
0 0.5833333333333334 0.41390931372549017 0.029411764705882353 0.02267156862745098
0 0.40870098039215685 0.42049632352941174 0.0428921568627451 0.02297794117647059
0 0.04534313725490196 0.4261642156862745 0.025326797385620915 0.015931372549019607
0 0.27389705882352944 0.4384191176470588 0.0494281045751634 0.037377450980392156
0 0.14113562091503268 0.4482230392156863 0.053513071895424834 0.025122549019607844
0 0.6875 0.4528186274509804 0.05065359477124183 0.027573529411764705
0 0.2267156862745098 0.4528186274509804 0.05228758169934641 0.029411764705882353
0 0.32516339869281047 0.45389093137254904 0.05473856209150327 0.030943627450980393
0 0.752859477124183 0.45848651960784315 0.049836601307189546 0.033394607843137254
0 0.09497549019607843 0.48223039215686275 0.03799019607843137 0.015931372549019607
0 0.1096813725490196 0.4928002450980392 0.03799019607843137 0.013174019607843137
0 0.5322712418300654 0.49356617647058826 0.04656862745098039 0.023284313725490197
0 0.27736928104575165 0.5208333333333334 0.049836601307189546 0.025122549019607844
0 0.37949346405228757 0.5355392156862745 0.08251633986928104 0.042279411764705885
0 0.9470996732026143 0.5494791666666666 0.03145424836601307 0.021139705882352942
0 0.7308006535947712 0.6415441176470589 0.10620915032679738 0.051470588235294115
0 0.07965686274509803 0.6518075980392157 0.05065359477124183 0.03216911764705882
0 0.6625816993464052 0.6747855392156863 0.07352941176470588 0.04442401960784314
1 0.5232843137254902 0.10355392156862746 0.07107843137254902 0.052083333333333336
1 0.6699346405228758 0.011795343137254902 0.07924836601307189 0.021752450980392156
1 0.8566176470588235 0.15226715686274508 0.042483660130718956 0.029411764705882353
1 0.6885212418300654 0.16988357843137256 0.05841503267973856 0.04442401960784314
1 0.9636437908496732 0.21354166666666666 0.0457516339869281 0.03002450980392157
1 0.852328431372549 0.2542892156862745 0.03799019607843137 0.025735294117647058
1 0.8747957516339869 0.26807598039215685 0.0298202614379085 0.025122549019607844
1 0.9009395424836601 0.30545343137254904 0.034722222222222224 0.028799019607843136