1 0.49673202614379086 0.31954656862745096 0.0196078431372549 0.013480392156862746
1 0.525531045751634 0.3255208333333333 0.017565359477124183 0.01011029411764706
1 0.46119281045751637 0.32643995098039214 0.015522875816993464 0.011948529411764705
1 0.48304738562091504 0.32919730392156865 0.01838235294117647 0.011948529411764705
1 0.616421568627451 0.3307291666666667 0.01715686274509804 0.01133578431372549
1 0.5189950980392157 0.3350183823529412 0.023284313725490197 0.011948529411764705
1 0.45874183006535946 0.3434436274509804 0.011437908496732025 0.013480392156862746
1 0.5898692810457516 0.3480392156862745 0.02042483660130719 0.010416666666666666
1 0.4714052287581699 0.35110294117647056 0.013071895424836602 0.012254901960784314
1 0.4242238562091503 0.3515625 0.01919934640522876 0.01133578431372549
1 0.43586601307189543 0.35768995098039214 0.01715686274509804 0.01133578431372549
1 0.5016339869281046 0.3668811274509804 0.0196078431372549 0.014399509803921568
1 0.33312908496732024 0.36917892156862747 0.01838235294117647 0.014705882352941176
1 0.6047794117647058 0.37025122549019607 0.02165032679738562 0.013786764705882353
1 0.38255718954248363 0.37300857843137253 0.017565359477124183 0.013174019607843137
1 0.4279003267973856 0.3825061274509804 0.015931372549019607 0.013786764705882353
1 0.6137663398692811 0.3863357843137255 0.02246732026143791 0.013480392156862746
1 0.5290032679738562 0.3909313725490196 0.015522875816993464 0.010416666666666666
1 0.6145833333333334 0.39996936274509803 0.020833333333333332 0.015012254901960785
1 0.2965686274509804 0.4957107843137255 0.01715686274509804 0.014093137254901961
1 0.5222630718954249 0.5225183823529411 0.020833333333333332 0.013174019607843137
1 0.5181781045751634 0.5542279411764706 0.02165032679738562 0.012254901960784314
1 0.7591911764705882 0.5637254901960784 0.017565359477124183 0.015931372549019607
1 0.3852124183006536 0.5674019607843137 0.015522875816993464 0.012254901960784314
1 0.6991421568627451 0.5723039215686274 0.02246732026143791 0.0196078431372549
1 0.41217320261437906 0.5765931372549019 0.018790849673202614 0.015931372549019607
1 0.6623774509803921 0.5860906862745098 0.01919934640522876 0.016544117647058824
1 0.42116013071895425 0.5986519607843137 0.014705882352941176 0.011642156862745098
0 0.4832516339869281 0.6210171568627451 0.013888888888888888 0.009191176470588236
0 0.29554738562091504 0.6363357843137255 0.012663398692810458 0.010416666666666666
0 0.5377859477124183 0.6590073529411765 0.015931372549019607 0.012254901960784314
0 0.8261846405228758 0.6657475490196079 0.039624183006535946 0.02144607843137255
0 0.37397875816993464 0.6769301470588235 0.015931372549019607 0.014399509803921568
0 0.41217320261437906 0.6962316176470589 0.01715686274509804 0.010723039215686275
0 0.7781862745098039 0.7196691176470589 0.04330065359477124 0.028186274509803922
1 0.9291258169934641 0.0782781862745098 0.0363562091503268 0.03768382352941176
1 0.9840686274509803 0.11596200980392157 0.031862745098039214 0.04013480392156863
1 0.7939133986928104 0.19117647058823528 0.03227124183006536 0.03308823529411765
1 0.47630718954248363 0.24509803921568626 0.014705882352941176 0.00980392156862745
1 0.9540441176470589 0.2544424019607843 0.034722222222222224 0.03768382352941176
1 0.38705065359477125 0.2696078431372549 0.015931372549019607 0.012867647058823529
1 0.5843545751633987 0.27144607843137253 0.01838235294117647 0.014705882352941176
1 0.5177696078431373 0.28630514705882354 0.014297385620915032 0.011948529411764705
1 0.4812091503267974 0.29074754901960786 0.017973856209150325 0.014705882352941176
1 0.4242238562091503 0.29856004901960786 0.015931372549019607 0.013174019607843137
1 0.17763071895424837 0.4521798406862745 0.010490196078431373 0.00791360294117647
1 0.13229166666666667 0.45095435049019605 0.010498366013071895 0.00791360294117647
1 0.14083537581699346 0.45432444852941173 0.008794934640522877 0.00791360294117647
0 0.13995098039215687 0.5022212009803921 0.009477124183006535 0.006893382352941176