1 0.909109477124183 0.3086703431372549 0.03308823529411765 0.02420343137254902
1 0.3954248366013072 0.3394607843137255 0.024509803921568627 0.012867647058823529
1 0.8008578431372549 0.36412377450980393 0.027369281045751634 0.021752450980392156
1 0.4709967320261438 0.3707107843137255 0.02042483660130719 0.013480392156862746
1 0.8006535947712419 0.38587622549019607 0.029411764705882353 0.019301470588235295
1 0.3533496732026144 0.3871017156862745 0.025326797385620915 0.015625
1 0.4738562091503268 0.41130514705882354 0.03349673202614379 0.029105392156862746
1 0.6519607843137255 0.4128370098039216 0.024509803921568627 0.01685049019607843
1 0.7185457516339869 0.4270833333333333 0.03431372549019608 0.018995098039215685
1 0.43443627450980393 0.42754289215686275 0.02246732026143791 0.013174019607843137
1 0.5102124183006536 0.4299938725490196 0.03349673202614379 0.023590686274509803
1 0.6529820261437909 0.4365808823529412 0.037173202614379085 0.025122549019607844
1 0.5093954248366013 0.4410232843137255 0.021241830065359478 0.015012254901960785
1 0.5465686274509803 0.4420955882352941 0.03104575163398693 0.02267156862745098
1 0.3539624183006536 0.4543504901960784 0.016748366013071895 0.013480392156862746
1 0.3159722222222222 0.46859681372549017 0.016748366013071895 0.013174019607843137
1 0.7058823529411765 0.48192401960784315 0.03022875816993464 0.023284313725490197
1 0.7922794117647058 0.5208333333333334 0.023284313725490197 0.013480392156862746
1 0.730187908496732 0.5618872549019608 0.03145424836601307 0.020833333333333332
1 0.7391748366013072 0.5813419117647058 0.030637254901960783 0.018688725490196078
1 0.31413398692810457 0.5877757352941176 0.031862745098039214 0.01685049019607843
1 0.04084967320261438 0.5897671568627451 0.025326797385620915 0.016544117647058824
1 0.47814542483660133 0.5965073529411765 0.02900326797385621 0.02144607843137255
1 0.5910947712418301 0.6236213235294118 0.03022875816993464 0.023590686274509803
1 0.673202614379085 0.6292892156862745 0.03431372549019608 0.024509803921568627
1 0.6170343137254902 0.6323529411764706 0.039624183006535946 0.02696078431372549
1 0.5281862745098039 0.633578431372549 0.021241830065359478 0.015931372549019607
1 0.542687908496732 0.6381740196078431 0.027369281045751634 0.017769607843137254
1 0.4319852941176471 0.6409313725490197 0.025735294117647058 0.023284313725490197
1 0.11887254901960784 0.6472120098039216 0.02287581699346405 0.016237745098039217
0 0.8772467320261438 0.6894914215686274 0.01511437908496732 0.01011029411764706
1 0.7814542483660131 0.6907169117647058 0.03104575163398693 0.02665441176470588
0 0.8131127450980392 0.7104779411764706 0.016748366013071895 0.011642156862745098
0 0.8063725490196079 0.7133884803921569 0.015522875816993464 0.01011029411764706
1 0.7469362745098039 0.7156862745098039 0.037173202614379085 0.026348039215686275
1 0.18218954248366012 0.7169117647058824 0.03676470588235294 0.028799019607843136
0 0.3923611111111111 0.7175245098039216 0.01919934640522876 0.011029411764705883
0 0.8190359477124183 0.7267156862745098 0.014705882352941176 0.00980392156862745
0 0.8531454248366013 0.734375 0.016748366013071895 0.00980392156862745
0 0.8484477124183006 0.7385110294117647 0.018790849673202614 0.010723039215686275
0 0.6721813725490197 0.7386642156862745 0.013480392156862746 0.00980392156862745
0 0.8335375816993464 0.7415747549019608 0.01919934640522876 0.009497549019607842
0 0.7546977124183006 0.7506127450980392 0.013480392156862746 0.00857843137254902
0 0.6597222222222222 0.7616421568627451 0.022058823529411766 0.015318627450980392
0 0.3241421568627451 0.7720588235294118 0.025735294117647058 0.015318627450980392
0 0.16891339869281047 0.7830882352941176 0.028186274509803922 0.015318627450980392
0 0.1315359477124183 0.7849264705882353 0.028594771241830064 0.016544117647058824
0 0.10294117647058823 0.7872242647058824 0.02369281045751634 0.01685049019607843
0 0.068218954248366 0.7873774509803921 0.021241830065359478 0.011642156862745098
0 0.29677287581699346 0.7962622549019608 0.0298202614379085 0.015318627450980392
0 0.7481617647058824 0.8034620098039216 0.015931372549019607 0.013174019607843137
0 0.8029003267973857 0.8037683823529411 0.01919934640522876 0.013174019607843137
0 0.7708333333333334 0.8062193627450981 0.02287581699346405 0.014399509803921568
0 0.35518790849673204 0.8201593137254902 0.024918300653594773 0.0196078431372549
0 0.8065767973856209 0.8267463235294118 0.020016339869281044 0.010723039215686275
0 0.954248366013072 0.8307291666666666 0.027777777777777776 0.013786764705882353
0 0.3355800653594771 0.8360906862745098 0.026552287581699346 0.01838235294117647
0 0.414624183006536 0.8390012254901961 0.02042483660130719 0.015012254901960785
0 0.8082107843137255 0.8423713235294118 0.01838235294117647 0.017463235294117647
0 0.5520833333333334 0.8443627450980392 0.023284313725490197 0.013480392156862746
0 0.07393790849673203 0.8458946078431373 0.02287581699346405 0.00980392156862745
0 0.8431372549019608 0.8537071078431373 0.021241830065359478 0.015625
0 0.7975898692810458 0.8543198529411765 0.01919934640522876 0.013786764705882353
0 0.5872140522875817 0.8604473039215687 0.034722222222222224 0.02971813725490196
0 0.9421977124183006 0.8693321078431373 0.023284313725490197 0.01685049019607843
0 0.8325163398692811 0.8704044117647058 0.02369281045751634 0.015318627450980392
0 0.9095179738562091 0.8751531862745098 0.030637254901960783 0.015012254901960785
0 0.27593954248366015 0.8828125 0.024101307189542485 0.016237745098039217
0 0.006331699346405229 0.8949142156862745 0.012663398692810458 0.015318627450980392
0 0.20874183006535948 0.8962928921568627 0.017973856209150325 0.011948529411764705
0 0.9636437908496732 0.8995098039215687 0.029411764705882353 0.016544117647058824
0 0.34844771241830064 0.9024203431372549 0.02287581699346405 0.013174019607843137
0 0.9775326797385621 0.9105392156862745 0.02696078431372549 0.016544117647058824
0 0.37949346405228757 0.9151348039215687 0.017973856209150325 0.012254901960784314
1 0.17320261437908496 0.29381127450980393 0.0196078431372549 0.015931372549019607
0 0.8678941993464052 0.5920435049019608 0.010298202614379085 0.007003676470588235
0 0.8189971405228758 0.5896798406862744 0.009726307189542482 0.006565563725490196
0 0.8249489379084967 0.5825888480392156 0.008558006535947712 0.005251225490196079
0 0.7987622549019607 0.588454350490196 0.010106209150326798 0.006565563725490196