1 0.9701797385620915 0.5756740196078431 0.021241830065359478 0.016544117647058824
1 0.20894607843137256 0.41712622549019607 0.024918300653594773 0.017463235294117647
0 0.31004901960784315 0.663296568627451 0.017973856209150325 0.011642156862745098
0 0.8617238562091504 0.6868872549019608 0.017565359477124183 0.011029411764705883
1 0.397875816993464 0.39568014705882354 0.02287581699346405 0.016237745098039217
1 0.8982843137254902 0.421875 0.032679738562091505 0.02144607843137255
0 0.5610702614379085 0.7896752450980392 0.020016339869281044 0.014399509803921568
1 0.5314542483660131 0.6916360294117647 0.022058823529411766 0.013174019607843137
1 0.7977941176470589 0.6692708333333334 0.0196078431372549 0.013786764705882353
1 0.25245098039215685 0.7106311274509803 0.025326797385620915 0.018075980392156864
1 0.29820261437908496 0.6519607843137255 0.022058823529411766 0.015931372549019607
0 0.741421568627451 0.6628370098039216 0.01715686274509804 0.012561274509803922
1 0.45159313725490197 0.6118259803921569 0.02900326797385621 0.0196078431372549
1 0.5645424836601307 0.42463235294117646 0.02287581699346405 0.017769607843137254
1 0.6390931372549019 0.6090686274509803 0.024918300653594773 0.017769607843137254
0 0.8543709150326797 0.7613357843137255 0.02246732026143791 0.014705882352941176
1 0.13766339869281047 0.4028799019607843 0.02287581699346405 0.015931372549019607
1 0.7975898692810458 0.6691176470588235 0.020016339869281044 0.014093137254901961
0 0.7495915032679739 0.7143075980392157 0.022058823529411766 0.015625
1 0.9395424836601307 0.5801164215686274 0.02287581699346405 0.015625
1 0.9879493464052288 0.5127144607843137 0.02246732026143791 0.01685049019607843
1 0.2610294117647059 0.6911764705882353 0.026143790849673203 0.0196078431372549
1 0.5132761437908496 0.3154105392156863 0.023284313725490197 0.016237745098039217
0 0.17258986928104575 0.811734068627451 0.03145424836601307 0.02297794117647059
1 0.6889297385620915 0.5666360294117647 0.024101307189542485 0.017463235294117647
1 0.8016748366013072 0.3635110294117647 0.027369281045751634 0.018075980392156864
1 0.18116830065359477 0.3645833333333333 0.025735294117647058 0.017769607843137254
1 0.5500408496732027 0.2731311274509804 0.024101307189542485 0.01685049019607843
1 0.8357843137254902 0.5122549019607843 0.02696078431372549 0.0196078431372549
1 0.5976307189542484 0.3347120098039216 0.02287581699346405 0.017463235294117647
1 0.24509803921568626 0.42861519607843135 0.024509803921568627 0.017769607843137254
1 0.2716503267973856 0.4325980392156863 0.026143790849673203 0.01838235294117647
1 0.13398692810457516 0.38449754901960786 0.025326797385620915 0.01715686274509804
1 0.900531045751634 0.5327818627450981 0.026552287581699346 0.01838235294117647
1 0.8619281045751634 0.45465686274509803 0.028594771241830064 0.020833333333333332
1 0.35171568627450983 0.5223651960784313 0.026143790849673203 0.018995098039215685
1 0.6354166666666666 0.4206495098039216 0.026552287581699346 0.01838235294117647
1 0.9107434640522876 0.45588235294117646 0.027369281045751634 0.0196078431372549
0 0.9564950980392157 0.7731311274509803 0.023284313725490197 0.016237745098039217
1 0.7124183006535948 0.6121323529411765 0.025326797385620915 0.01715686274509804
1 0.5563725490196079 0.3946078431372549 0.02696078431372549 0.018995098039215685
1 0.2769607843137255 0.3509497549019608 0.03022875816993464 0.021139705882352942
1 0.6872957516339869 0.3645833333333333 0.03145424836601307 0.02144607843137255
0 0.7469362745098039 0.842984068627451 0.0298202614379085 0.02420343137254902
1 0.7551062091503268 0.3443627450980392 0.03145424836601307 0.02144607843137255
1 0.8020833333333334 0.48238357843137253 0.0298202614379085 0.021752450980392156
1 0.8492647058823529 0.5318627450980392 0.028594771241830064 0.02022058823529412
1 0.010814950980392157 0.3909313725490196 0.017544934640522876 0.014093137254901961
1 0.05799019607843137 0.375 0.011405228758169935 0.00857843137254902