1 0.9223856209150327 0.22962622549019607 0.016339869281045753 0.011948529411764705
1 0.18566176470588236 0.6069240196078431 0.017565359477124183 0.012254901960784314
1 0.37050653594771243 0.29411764705882354 0.013071895424836602 0.010416666666666666
1 0.9718137254901961 0.34237132352941174 0.01715686274509804 0.012561274509803922
1 0.14256535947712418 0.5776654411764706 0.021241830065359478 0.014399509803921568
0 0.6872957516339869 0.7480085784313726 0.013480392156862746 0.01011029411764706
1 0.4491421568627451 0.608609068627451 0.020833333333333332 0.014399509803921568
1 0.6738153594771242 0.5375306372549019 0.01919934640522876 0.013174019607843137
1 0.2741013071895425 0.6118259803921569 0.013888888888888888 0.00980392156862745
1 0.4616013071895425 0.6271446078431373 0.02287581699346405 0.016544117647058824
1 0.06025326797385621 0.5379901960784313 0.020833333333333332 0.014093137254901961
1 0.9787581699346405 0.23651960784313725 0.022058823529411766 0.015318627450980392
1 0.8092320261437909 0.6011029411764706 0.02369281045751634 0.01838235294117647
1 0.7871732026143791 0.6121323529411765 0.013071895424836602 0.010416666666666666
0 0.9342320261437909 0.7575061274509803 0.013071895424836602 0.008884803921568627
0 0.1613562091503268 0.9840686274509803 0.04330065359477124 0.030637254901960783
1 0.8670343137254902 0.46875 0.026552287581699346 0.01838235294117647
1 0.1039624183006536 0.5487132352941176 0.020833333333333332 0.015318627450980392
0 0.7093545751633987 0.7150735294117647 0.01838235294117647 0.011642156862745098
1 0.2295751633986928 0.40701593137254904 0.021241830065359478 0.014399509803921568
0 0.4387254901960784 0.7902879901960784 0.015522875816993464 0.010723039215686275
1 0.1388888888888889 0.4882046568627451 0.024509803921568627 0.017463235294117647
0 0.8933823529411765 0.6819852941176471 0.015522875816993464 0.00980392156862745
0 0.9944852941176471 0.8040747549019608 0.011029411764705883 0.018075980392156864
1 0.5829248366013072 0.3866421568627451 0.02042483660130719 0.014093137254901961
1 0.602328431372549 0.49356617647058826 0.01919934640522876 0.012867647058823529
0 0.994281045751634 0.7401960784313726 0.011437908496732025 0.011642156862745098
0 0.3506944444444444 0.8121936274509803 0.01511437908496732 0.010416666666666666
0 0.7610294117647058 0.7506127450980392 0.016339869281045753 0.011029411764705883
1 0.3909313725490196 0.2922794117647059 0.013888888888888888 0.00980392156862745
1 0.38174019607843135 0.30683210784313725 0.015931372549019607 0.011948529411764705
1 0.8435457516339869 0.24785539215686275 0.02042483660130719 0.014093137254901961
1 0.4366830065359477 0.2659313725490196 0.014705882352941176 0.011642156862745098
1 0.3388480392156863 0.6475183823529411 0.017565359477124183 0.013786764705882353
1 0.8165849673202614 0.5655637254901961 0.0196078431372549 0.012867647058823529
1 0.7034313725490197 0.47089460784313725 0.018790849673202614 0.012867647058823529
0 0.6247957516339869 0.7176776960784313 0.014297385620915032 0.01011029411764706
1 0.17994281045751634 0.5865502450980392 0.01919934640522876 0.013174019607843137
1 0.42749183006535946 0.26547181372549017 0.016748366013071895 0.012561274509803922
1 0.9452614379084967 0.21446078431372548 0.022058823529411766 0.012867647058823529
1 0.8521241830065359 0.6351102941176471 0.021241830065359478 0.016544117647058824
1 0.8286356209150327 0.3515625 0.024918300653594773 0.014399509803921568
1 0.2937091503267974 0.507046568627451 0.022058823529411766 0.013480392156862746
0 0.7455065359477124 0.7755821078431373 0.01715686274509804 0.010723039215686275
0 0.2540849673202614 0.7233455882352942 0.018790849673202614 0.013480392156862746
1 0.6744281045751634 0.5640318627450981 0.018790849673202614 0.012254901960784314
1 0.9805964052287581 0.18198529411764705 0.020016339869281044 0.014705882352941176
1 0.9381127450980392 0.38082107843137253 0.01838235294117647 0.011642156862745098
1 0.5819035947712419 0.42371323529411764 0.02246732026143791 0.014705882352941176
1 0.5649509803921569 0.5893075980392157 0.021241830065359478 0.016237745098039217
1 0.9217728758169934 0.5180759803921569 0.026552287581699346 0.01838235294117647
1 0.4536356209150327 0.26516544117647056 0.01511437908496732 0.01133578431372549
1 0.9468954248366013 0.5013786764705882 0.029411764705882353 0.021139705882352942
1 0.6446078431372549 0.5162377450980392 0.021241830065359478 0.014093137254901961
1 0.3660130718954248 0.6557904411764706 0.026143790849673203 0.017463235294117647
0 0.7169117647058824 0.7118566176470589 0.013888888888888888 0.01011029411764706
1 0.6521650326797386 0.4878982843137255 0.017565359477124183 0.013174019607843137
0 0.713031045751634 0.7666973039215687 0.015931372549019607 0.010723039215686275
0 0.8233251633986928 0.7533700980392157 0.014297385620915032 0.011029411764705883
1 0.8339460784313726 0.5418198529411765 0.023284313725490197 0.015012254901960785
1 0.2267156862745098 0.5894607843137255 0.022058823529411766 0.015931372549019607
1 0.4131944444444444 0.4803921568627451 0.02165032679738562 0.015318627450980392
1 0.8231209150326797 0.6741727941176471 0.01715686274509804 0.01133578431372549
1 0.8149509803921569 0.3443627450980392 0.01715686274509804 0.012867647058823529
1 0.9140114379084967 0.6573223039215687 0.020016339869281044 0.013786764705882353
1 0.4895833333333333 0.5543811274509803 0.02246732026143791 0.014399509803921568
1 0.7628676470588235 0.26838235294117646 0.02246732026143791 0.014093137254901961
0 0.8825571895424836 0.6985294117647058 0.020016339869281044 0.011029411764705883
1 0.33762254901960786 0.5390625 0.027369281045751634 0.018075980392156864
1 0.38255718954248363 0.571078431372549 0.020016339869281044 0.015931372549019607
0 0.6954656862745098 0.7621017156862745 0.01511437908496732 0.010723039215686275
1 0.7116013071895425 0.37576593137254904 0.027777777777777776 0.018075980392156864
1 0.5902777777777778 0.5084252450980392 0.0196078431372549 0.013786764705882353
0 0.13071895424836602 0.8085171568627451 0.0196078431372549 0.012867647058823529
0 0.9828431372549019 0.7522977941176471 0.016339869281045753 0.012561274509803922
0 0.9227941176470589 0.7777267156862745 0.015522875816993464 0.01133578431372549
1 0.16687091503267973 0.5047487745098039 0.024101307189542485 0.018075980392156864
1 0.4113562091503268 0.6498161764705882 0.02042483660130719 0.014093137254901961
0 0.8241421568627451 0.6737132352941176 0.017565359477124183 0.011642156862745098
1 0.3611111111111111 0.5672487745098039 0.02287581699346405 0.016237745098039217
1 0.14644607843137256 0.6127450980392157 0.020016339869281044 0.014093137254901961
0 0.6768790849673203 0.8321078431372549 0.016339869281045753 0.012867647058823529
1 0.6435866013071896 0.6193321078431373 0.01838235294117647 0.014399509803921568
0 0.9589460784313726 0.8203125 0.020016339869281044 0.015625
1 0.6838235294117647 0.47610294117647056 0.018790849673202614 0.014093137254901961
1 0.33843954248366015 0.5586703431372549 0.023284313725490197 0.01685049019607843
0 0.25612745098039214 0.7037377450980392 0.022058823529411766 0.014705882352941176
0 0.2979983660130719 0.7530637254901961 0.017565359477124183 0.013480392156862746
1 0.7736928104575164 0.4502144607843137 0.02042483660130719 0.013786764705882353
0 0.8141339869281046 0.7467830882352942 0.0196078431372549 0.01133578431372549
0 0.9105392156862745 0.7702205882352942 0.017973856209150325 0.012867647058823529
0 0.9834558823529411 0.8325674019607843 0.015931372549019607 0.011948529411764705
1 0.5437091503267973 0.6208639705882353 0.021241830065359478 0.015012254901960785
1 0.6356209150326797 0.4649203431372549 0.018790849673202614 0.013786764705882353
1 0.6431781045751634 0.2922794117647059 0.02246732026143791 0.015931372549019607
1 0.6901552287581699 0.2578125 0.020016339869281044 0.016237745098039217
0 0.8104575163398693 0.7555147058823529 0.01715686274509804 0.012867647058823529
1 0.7632761437908496 0.6628370098039216 0.023284313725490197 0.01685049019607843
0 0.7040441176470589 0.725796568627451 0.020016339869281044 0.012867647058823529
1 0.9072712418300654 0.5813419117647058 0.0196078431372549 0.013786764705882353
0 0.7436683006535948 0.7651654411764706 0.01919934640522876 0.012561274509803922
1 0.8715277777777778 0.25 0.020833333333333332 0.015931372549019607
1 0.2900326797385621 0.6268382352941176 0.024509803921568627 0.018995098039215685
1 0.9791666666666666 0.6174938725490197 0.02369281045751634 0.016237745098039217
0 0.7232434640522876 0.7254901960784313 0.017565359477124183 0.011029411764705883
1 0.6611519607843137 0.4618566176470588 0.02246732026143791 0.016237745098039217
1 0.5839460784313726 0.4424019607843137 0.02246732026143791 0.015931372549019607
1 0.44750816993464054 0.639859068627451 0.024918300653594773 0.017463235294117647
0 0.015318627450980392 0.835171568627451 0.025735294117647058 0.014705882352941176
0 0.21997549019607843 0.7904411764705882 0.016748366013071895 0.013480392156862746
0 0.9328022875816994 0.703890931372549 0.017565359477124183 0.013174019607843137
1 0.9797794117647058 0.6386335784313726 0.02246732026143791 0.015625
0 0.6247957516339869 0.6962316176470589 0.017565359477124183 0.011948529411764705
1 0.7922794117647058 0.32981004901960786 0.020833333333333332 0.014399509803921568
1 0.2193627450980392 0.48743872549019607 0.021241830065359478 0.015931372549019607
0 0.7363153594771242 0.6924019607843137 0.016748366013071895 0.011642156862745098
1 0.31229575163398693 0.6279105392156863 0.026552287581699346 0.01991421568627451
0 0.48733660130718953 0.7642463235294118 0.015522875816993464 0.011948529411764705
1 0.9003267973856209 0.25765931372549017 0.024509803921568627 0.016544117647058824
0 0.636437908496732 0.8229166666666666 0.0196078431372549 0.014093137254901961
1 0.6664624183006536 0.6809129901960784 0.024918300653594773 0.018075980392156864
0 0.7914624183006536 0.8193933823529411 0.020016339869281044 0.015012254901960785
1 0.7571486928104575 0.6432291666666666 0.023284313725490197 0.015625
1 0.29105392156862747 0.5291053921568627 0.023284313725490197 0.016544117647058824
0 0.5363562091503268 0.7431066176470589 0.01715686274509804 0.013174019607843137
0 0.6783088235294118 0.7775735294117647 0.020016339869281044 0.014093137254901961
1 0.12295751633986927 0.6246936274509803 0.022058823529411766 0.015931372549019607
1 0.8229166666666666 0.6528799019607843 0.023284313725490197 0.01715686274509804
1 0.2479575163398693 0.5389093137254902 0.02369281045751634 0.01715686274509804
0 0.8962418300653595 0.7536764705882353 0.021241830065359478 0.014093137254901961
0 0.5733251633986928 0.7495404411764706 0.01838235294117647 0.011948529411764705
1 0.7071078431372549 0.6548713235294118 0.025326797385620915 0.018075980392156864
1 0.19505718954248366 0.4797794117647059 0.02165032679738562 0.01715686274509804
1 0.733251633986928 0.40808823529411764 0.026143790849673203 0.018995098039215685
0 0.7851307189542484 0.7048100490196079 0.017973856209150325 0.013174019607843137
1 0.37949346405228757 0.6178002450980392 0.025326797385620915 0.018075980392156864
1 0.610498366013072 0.45511642156862747 0.020833333333333332 0.015625
1 0.9123774509803921 0.49004289215686275 0.030637254901960783 0.021752450980392156
0 0.4660947712418301 0.7902879901960784 0.021241830065359478 0.018688725490196078
1 0.18035130718954248 0.6346507352941176 0.025735294117647058 0.018688725490196078
0 0.9142156862745098 0.7987132352941176 0.022058823529411766 0.015318627450980392
0 0.4215686274509804 0.8648897058823529 0.024509803921568627 0.017769607843137254
1 0.3631535947712418 0.5448835784313726 0.02696078431372549 0.019301470588235295
1 0.0457312091503268 0.5709252450980392 0.020383986928104576 0.013786764705882353
1 0.6037254901960785 0.5859375 0.01954248366013072 0.013174019607843137