0 0.7003676470588235 0.6432291666666666 0.02246732026143791 0.013786764705882353
0 0.2142565359477124 0.4977022058823529 0.020833333333333332 0.01011029411764706
1 0.6423611111111112 0.32643995098039214 0.027369281045751634 0.016237745098039217
0 0.6276552287581699 0.47349877450980393 0.01511437908496732 0.009497549019607842
0 0.3247549019607843 0.6070772058823529 0.0196078431372549 0.011948529411764705
0 0.9405637254901961 0.6210171568627451 0.027369281045751634 0.015931372549019607
0 0.5698529411764706 0.47457107843137253 0.014705882352941176 0.00980392156862745
0 0.7401960784313726 0.49019607843137253 0.02287581699346405 0.012867647058823529
0 0.42054738562091504 0.5143995098039216 0.017565359477124183 0.012867647058823529
0 0.2312091503267974 0.6156556372549019 0.021241830065359478 0.012561274509803922
0 0.11213235294117647 0.6317401960784313 0.017565359477124183 0.011029411764705883
0 0.49080882352941174 0.5660232843137255 0.023284313725490197 0.015625
0 0.46772875816993464 0.48238357843137253 0.013071895424836602 0.009497549019607842
0 0.4035947712418301 0.5041360294117647 0.013888888888888888 0.008884803921568627
1 0.6770833333333334 0.33440563725490197 0.025735294117647058 0.015625
0 0.6168300653594772 0.5165441176470589 0.01715686274509804 0.011642156862745098
1 0.6727941176470589 0.3762254901960784 0.025326797385620915 0.01838235294117647
0 0.23100490196078433 0.5430453431372549 0.013480392156862746 0.008884803921568627
0 0.3002450980392157 0.6675857843137255 0.02287581699346405 0.012867647058823529
0 0.579452614379085 0.5977328431372549 0.017565359477124183 0.012254901960784314
0 0.7802287581699346 0.5212928921568627 0.02042483660130719 0.01133578431372549
0 0.34129901960784315 0.522671568627451 0.016748366013071895 0.00980392156862745
0 0.8443627450980392 0.5965073529411765 0.02287581699346405 0.015318627450980392
0 0.1227532679738562 0.4597120098039216 0.01838235294117647 0.010723039215686275
1 0.7242647058823529 0.45925245098039214 0.029411764705882353 0.023284313725490197
0 0.4297385620915033 0.4586397058823529 0.015522875816993464 0.010416666666666666
0 0.46895424836601307 0.5899203431372549 0.022058823529411766 0.013174019607843137
0 0.4591503267973856 0.46599264705882354 0.013071895424836602 0.007965686274509803
0 0.20772058823529413 0.6375612745098039 0.01838235294117647 0.012867647058823529
0 0.6611519607843137 0.5021446078431373 0.015931372549019607 0.00980392156862745
0 0.10743464052287582 0.4777879901960784 0.021241830065359478 0.013786764705882353
0 0.16891339869281047 0.6551776960784313 0.023284313725490197 0.013786764705882353
0 0.2549019607843137 0.6896446078431373 0.017973856209150325 0.012254901960784314
0 0.7832924836601307 0.5386029411764706 0.01919934640522876 0.011642156862745098
0 0.31004901960784315 0.6510416666666666 0.0196078431372549 0.014093137254901961
1 0.24836601307189543 0.4486825980392157 0.02287581699346405 0.01685049019607843
0 0.7598039215686274 0.5759803921568627 0.02042483660130719 0.011029411764705883
0 0.43647875816993464 0.6318933823529411 0.020833333333333332 0.013786764705882353
0 0.4591503267973856 0.5612745098039216 0.024509803921568627 0.014093137254901961
0 0.5422794117647058 0.4653799019607843 0.013480392156862746 0.00857843137254902
1 0.5161356209150327 0.18857230392156862 0.03145424836601307 0.022365196078431373
0 0.27328431372549017 0.4647671568627451 0.013888888888888888 0.009191176470588236
0 0.6262254901960784 0.5772058823529411 0.025326797385620915 0.013480392156862746
0 0.17973856209150327 0.5917585784313726 0.01715686274509804 0.010723039215686275
0 0.5868055555555556 0.484375 0.015931372549019607 0.011029411764705883
0 0.7992238562091504 0.5202205882352942 0.01919934640522876 0.011642156862745098
0 0.3151552287581699 0.49433210784313725 0.014297385620915032 0.009497549019607842
1 0.5704656862745098 0.26393995098039214 0.028186274509803922 0.020526960784313725
0 0.6000816993464052 0.4635416666666667 0.013888888888888888 0.009191176470588236
0 0.5604575163398693 0.4661458333333333 0.016339869281045753 0.008884803921568627
0 0.5882352941176471 0.5058210784313726 0.015522875816993464 0.010416666666666666
0 0.3888888888888889 0.4961703431372549 0.013071895424836602 0.008884803921568627
0 0.22426470588235295 0.5137867647058824 0.017973856209150325 0.010416666666666666
0 0.6021241830065359 0.5075061274509803 0.016339869281045753 0.010723039215686275
0 0.6781045751633987 0.5019914215686274 0.02042483660130719 0.012561274509803922
0 0.004901960784313725 0.6276041666666666 0.00980392156862745 0.014399509803921568
0 0.44546568627450983 0.5911458333333334 0.023284313725490197 0.013786764705882353
0 0.3151552287581699 0.47931985294117646 0.016748366013071895 0.01011029411764706
0 0.025531045751633986 0.6240808823529411 0.01919934640522876 0.011029411764705883
0 0.30187908496732024 0.9208026960784313 0.0457516339869281 0.033394607843137254
0 0.2806372549019608 0.5090379901960784 0.018790849673202614 0.011948529411764705
0 0.3190359477124183 0.5128676470588235 0.014705882352941176 0.009191176470588236
0 0.088031045751634 0.6072303921568627 0.020833333333333332 0.012867647058823529
0 0.7107843137254902 0.6055453431372549 0.02369281045751634 0.014399509803921568
0 0.5600490196078431 0.5631127450980392 0.022058823529411766 0.015318627450980392
0 0.8752042483660131 0.6072303921568627 0.026552287581699346 0.01715686274509804
0 0.8016748366013072 0.5372242647058824 0.01838235294117647 0.01133578431372549
0 0.3235294117647059 0.5199142156862745 0.016339869281045753 0.010416666666666666
0 0.7314133986928104 0.5559129901960784 0.02900326797385621 0.015012254901960785
0 0.35866013071895425 0.5127144607843137 0.016339869281045753 0.010723039215686275
0 0.7881944444444444 0.5039828431372549 0.01838235294117647 0.011642156862745098
0 0.7232434640522876 0.5712316176470589 0.024101307189542485 0.01685049019607843
0 0.09906045751633986 0.6708026960784313 0.025735294117647058 0.015625
0 0.45179738562091504 0.47732843137254904 0.015522875816993464 0.010416666666666666
0 0.5345179738562091 0.4768688725490196 0.015931372549019607 0.010723039215686275
0 0.5159313725490197 0.5439644607843137 0.021241830065359478 0.013174019607843137
0 0.3229166666666667 0.4885110294117647 0.014297385620915032 0.01011029411764706
0 0.5618872549019608 0.48253676470588236 0.015931372549019607 0.011029411764705883
0 0.7781862745098039 0.4808517156862745 0.016339869281045753 0.01133578431372549
0 0.7900326797385621 0.4882046568627451 0.01715686274509804 0.01133578431372549
1 0.6607434640522876 0.34849877450980393 0.027369281045751634 0.019301470588235295
0 0.3602941176470588 0.5030637254901961 0.01715686274509804 0.010416666666666666
0 0.5081699346405228 0.5923713235294118 0.021241830065359478 0.014399509803921568
0 0.6119281045751634 0.4658394607843137 0.014705882352941176 0.009497549019607842
0 0.3729575163398693 0.48636642156862747 0.017973856209150325 0.010723039215686275
0 0.4679330065359477 0.5545343137254902 0.023284313725490197 0.014705882352941176
0 0.7279411764705882 0.6363357843137255 0.02042483660130719 0.014705882352941176
0 0.6317401960784313 0.49785539215686275 0.020833333333333332 0.014093137254901961
0 0.8384395424836601 0.6390931372549019 0.03227124183006536 0.02022058823529412
0 0.4536356209150327 0.49203431372549017 0.015931372549019607 0.010416666666666666
1 0.4861111111111111 0.19776348039215685 0.029411764705882353 0.021752450980392156
1 0.01082516339869281 0.48713235294117646 0.02165032679738562 0.026348039215686275
0 0.7495915032679739 0.5678615196078431 0.022058823529411766 0.013174019607843137
0 0.7079248366013072 0.6110600490196079 0.024509803921568627 0.015012254901960785
0 0.8903186274509803 0.5188419117647058 0.01919934640522876 0.015012254901960785
0 0.1323529411764706 0.5055147058823529 0.018790849673202614 0.012254901960784314
0 0.04554738562091503 0.532015931372549 0.01838235294117647 0.012561274509803922
0 0.23284313725490197 0.4652267156862745 0.016339869281045753 0.010723039215686275
1 0.17483660130718953 0.25888480392156865 0.0392156862745098 0.028799019607843136
0 0.21037581699346405 0.6533394607843137 0.02042483660130719 0.014399509803921568
1 0.7066993464052288 0.46675857843137253 0.03022875816993464 0.02420343137254902
0 0.4375 0.48422181372549017 0.013888888888888888 0.01011029411764706
0 0.2935049019607843 0.5235906862745098 0.01919934640522876 0.012254901960784314
0 0.05473856209150327 0.5683210784313726 0.028594771241830064 0.014093137254901961
0 0.7350898692810458 0.6128982843137255 0.026552287581699346 0.018075980392156864
0 0.7097630718954249 0.5358455882352942 0.024918300653594773 0.015931372549019607
0 0.9013480392156863 0.5577512254901961 0.025735294117647058 0.01685049019607843
0 0.09170751633986927 0.6386335784313726 0.028186274509803922 0.018688725490196078
0 0.8970588235294118 0.6138174019607843 0.027777777777777776 0.018688725490196078
0 0.9634395424836601 0.6510416666666666 0.03227124183006536 0.02022058823529412
0 0.7352941176470589 0.5182291666666666 0.024509803921568627 0.014399509803921568
0 0.6574754901960784 0.5939031862745098 0.024101307189542485 0.01685049019607843
0 0.5091911764705882 0.6533394607843137 0.024101307189542485 0.01685049019607843
1 0.1977124183006536 0.2503063725490196 0.03594771241830065 0.025735294117647058
1 0.5232843137254902 0.42784926470588236 0.027777777777777776 0.020526960784313725
1 0.8666258169934641 0.49172794117647056 0.039624183006535946 0.027573529411764705
0 0.514501633986928 0.6291360294117647 0.030637254901960783 0.018075980392156864
1 0.10947712418300654 0.09283088235294118 0.04003267973856209 0.027573529411764705
1 0.6791278594771242 0.4597120098039216 0.030641339869281047 0.02297794117647059
0 0.22834967320261437 0.5912990196078431 0.022058823529411766 0.015318627450980392
0 0.032679738562091505 0.6112132352941176 0.025326797385620915 0.015318627450980392
0 0.09293300653594772 0.6470588235294118 0.027369281045751634 0.01838235294117647
1 0.08905228758169935 0.2611825980392157 0.03431372549019608 0.027879901960784315
1 0.7475490196078431 0.38556985294117646 0.03839869281045752 0.02665441176470588
0 0.5718954248366013 0.5258884803921569 0.026143790849673203 0.015012254901960785
0 0.5204248366013072 0.5125612745098039 0.02042483660130719 0.014093137254901961
0 0.2587826797385621 0.5517769607843137 0.020833333333333332 0.014093137254901961
0 0.27001633986928103 0.6358762254901961 0.025326797385620915 0.01685049019607843
0 0.207312091503268 0.6046262254901961 0.024101307189542485 0.01685049019607843
0 0.22487745098039216 0.6833639705882353 0.023284313725490197 0.017463235294117647
0 0.44955065359477125 0.6727941176470589 0.030637254901960783 0.020833333333333332
0 0.07516339869281045 0.6686580882352942 0.024509803921568627 0.018688725490196078
0 0.5888480392156863 0.5652573529411765 0.026552287581699346 0.01838235294117647
0 0.1403186274509804 0.7129289215686274 0.024918300653594773 0.018995098039215685
0 0.39685457516339867 0.6032475490196079 0.027369281045751634 0.016544117647058824
0 0.5927287581699346 0.6369485294117647 0.03676470588235294 0.026348039215686275
1 0.10804738562091504 0.20925245098039216 0.04044117647058824 0.027573529411764705
1 0.7867647058823529 0.40808823529411764 0.03839869281045752 0.025735294117647058
0 0.16196895424836602 0.5813419117647058 0.024101307189542485 0.015625
0 0.37397875816993464 0.6393995098039216 0.027369281045751634 0.0196078431372549
1 0.5232843137254902 0.3316482843137255 0.031862745098039214 0.02420343137254902
1 0.2747140522875817 0.24571078431372548 0.042075163398692814 0.030637254901960783
0 0.8974673202614379 0.6395526960784313 0.03594771241830065 0.02420343137254902
1 0.17912581699346405 0.3236825980392157 0.044526143790849675 0.030330882352941176
0 0.1395016339869281 0.5579044117647058 0.028186274509803922 0.01838235294117647