1 0.6358251633986928 0.31433823529411764 0.024101307189542485 0.017769607843137254
1 0.7373366013071896 0.31832107843137253 0.02369281045751634 0.014093137254901961
1 0.769812091503268 0.40456495098039214 0.024918300653594773 0.02420343137254902
1 0.5406454248366013 0.4177389705882353 0.030637254901960783 0.019301470588235295
1 0.6325571895424836 0.42356004901960786 0.023284313725490197 0.015012254901960785
1 0.09027777777777778 0.4263174019607843 0.03594771241830065 0.01991421568627451
1 0.6740196078431373 0.46875 0.029411764705882353 0.012867647058823529
1 0.6864787581699346 0.47931985294117646 0.020016339869281044 0.017463235294117647
1 0.6883169934640523 0.4963235294117647 0.024509803921568627 0.01715686274509804
1 0.6609477124183006 0.5030637254901961 0.022058823529411766 0.01838235294117647
0 0.13602941176470587 0.5044424019607843 0.014705882352941176 0.01133578431372549
1 0.6948529411764706 0.5091911764705882 0.025326797385620915 0.020833333333333332
0 0.17401960784313725 0.5105698529411765 0.021241830065359478 0.015012254901960785
0 0.0900735294117647 0.5117953431372549 0.015931372549019607 0.01133578431372549
0 0.0718954248366013 0.524203431372549 0.021241830065359478 0.012254901960784314
0 0.6441993464052288 0.53125 0.021241830065359478 0.012867647058823529
0 0.22181372549019607 0.5333946078431373 0.025326797385620915 0.013480392156862746
0 0.6617647058823529 0.5341605392156863 0.018790849673202614 0.011948529411764705
0 0.4583333333333333 0.5493259803921569 0.018790849673202614 0.012254901960784314
0 0.34538398692810457 0.5496323529411765 0.02246732026143791 0.015318627450980392
0 0.6374591503267973 0.5500919117647058 0.024918300653594773 0.009497549019607842
0 0.3874591503267974 0.5514705882352942 0.024918300653594773 0.01715686274509804
0 0.027369281045751634 0.5658700980392157 0.018790849673202614 0.014705882352941176
0 0.3278186274509804 0.5672487745098039 0.02165032679738562 0.018075980392156864
0 0.3915441176470588 0.5709252450980392 0.020833333333333332 0.01685049019607843
0 0.9805964052287581 0.5742953431372549 0.01511437908496732 0.009497549019607842
0 0.9095179738562091 0.5778186274509803 0.014297385620915032 0.007965686274509803
0 0.7416258169934641 0.5874693627450981 0.024101307189542485 0.014399509803921568
0 0.29268790849673204 0.5951286764705882 0.024918300653594773 0.020526960784313725
0 0.7743055555555556 0.6015625 0.015931372549019607 0.009497549019607842
0 0.7961601307189542 0.6029411764705882 0.021241830065359478 0.011029411764705883
0 0.9136029411764706 0.6184129901960784 0.02246732026143791 0.01011029411764706
0 0.8435457516339869 0.6231617647058824 0.015522875816993464 0.00980392156862745
0 0.9867238562091504 0.6253063725490197 0.020833333333333332 0.016544117647058824
0 0.36703431372549017 0.6288296568627451 0.03308823529411765 0.02665441176470588
0 0.24836601307189543 0.6305147058823529 0.03104575163398693 0.015318627450980392
0 0.9031862745098039 0.6329656862745098 0.018790849673202614 0.011642156862745098
0 0.7271241830065359 0.6449142156862745 0.018790849673202614 0.013480392156862746
0 0.8206699346405228 0.6453737745098039 0.015522875816993464 0.010723039215686275
0 0.8388480392156863 0.6501225490196079 0.02165032679738562 0.011642156862745098
0 0.8921568627450981 0.6516544117647058 0.02369281045751634 0.011642156862745098
0 0.1213235294117647 0.6597732843137255 0.024509803921568627 0.021139705882352942
0 0.9642565359477124 0.6620710784313726 0.025735294117647058 0.015318627450980392
0 0.9626225490196079 0.6704963235294118 0.020833333333333332 0.01011029411764706
0 0.9644607843137255 0.7124693627450981 0.022058823529411766 0.013174019607843137
0 0.1875 0.7431066176470589 0.04084967320261438 0.024816176470588234
0 0.43790849673202614 0.7668504901960784 0.03104575163398693 0.02144607843137255