1 0.869281045751634 0.31204044117647056 0.0196078431372549 0.01685049019607843
1 0.6744281045751634 0.3166360294117647 0.0196078431372549 0.014399509803921568
1 0.47814542483660133 0.32230392156862747 0.024101307189542485 0.016544117647058824
1 0.9624183006535948 0.32981004901960786 0.02369281045751634 0.015625
1 0.7767565359477124 0.3314950980392157 0.02165032679738562 0.013480392156862746
1 0.8774509803921569 0.3314950980392157 0.024509803921568627 0.014705882352941176
1 0.9360702614379085 0.3330269607843137 0.015931372549019607 0.012867647058823529
1 0.5306372549019608 0.3365502450980392 0.02042483660130719 0.015625
1 0.3257761437908497 0.33808210784313725 0.025735294117647058 0.014399509803921568
1 0.8092320261437909 0.33900122549019607 0.0196078431372549 0.014399509803921568
1 0.758578431372549 0.3391544117647059 0.018790849673202614 0.015931372549019607
1 0.8200571895424836 0.34528186274509803 0.017565359477124183 0.013480392156862746
1 0.7162990196078431 0.3480392156862745 0.01919934640522876 0.01838235294117647
1 0.9620098039215687 0.3489583333333333 0.02042483660130719 0.013480392156862746
1 0.046977124183006536 0.3492647058823529 0.029411764705882353 0.017769607843137254
1 0.2702205882352941 0.3492647058823529 0.023284313725490197 0.017769607843137254
1 0.8547794117647058 0.3541666666666667 0.023284313725490197 0.013480392156862746
1 0.7722630718954249 0.3633578431372549 0.01838235294117647 0.01838235294117647
1 0.943218954248366 0.36611519607843135 0.01715686274509804 0.011642156862745098
1 0.6480800653594772 0.3678002450980392 0.020016339869281044 0.010723039215686275
1 0.8445669934640523 0.36887254901960786 0.027369281045751634 0.01715686274509804
1 0.752859477124183 0.36933210784313725 0.013888888888888888 0.016237745098039217
1 0.4266748366013072 0.3720894607843137 0.01838235294117647 0.015625
1 0.8921568627450981 0.37454044117647056 0.022058823529411766 0.014399509803921568
1 0.8937908496732027 0.3874080882352941 0.021241830065359478 0.013174019607843137
1 0.2963643790849673 0.38985906862745096 0.03880718954248366 0.03462009803921569
1 0.3247549019607843 0.390625 0.035130718954248366 0.026348039215686275
1 0.3584558823529412 0.39077818627450983 0.0363562091503268 0.02420343137254902
1 0.5520833333333334 0.39797794117647056 0.014297385620915032 0.009191176470588236
1 0.9017565359477124 0.3981311274509804 0.01838235294117647 0.010723039215686275
1 0.6329656862745098 0.3996629901960784 0.01838235294117647 0.015625
1 0.9293300653594772 0.4030330882352941 0.022058823529411766 0.013174019607843137
1 0.6219362745098039 0.4056372549019608 0.01919934640522876 0.014705882352941176
1 0.4366830065359477 0.40900735294117646 0.02696078431372549 0.018995098039215685
1 0.5694444444444444 0.4096200980392157 0.016339869281045753 0.011642156862745098
1 0.9912173202614379 0.41130514705882354 0.017565359477124183 0.016237745098039217
1 0.519812091503268 0.41222426470588236 0.01919934640522876 0.011948529411764705
1 0.40665849673202614 0.4178921568627451 0.03145424836601307 0.022058823529411766
1 0.494281045751634 0.4181985294117647 0.016339869281045753 0.014093137254901961
1 0.23508986928104575 0.42800245098039214 0.0298202614379085 0.02144607843137255
1 0.5506535947712419 0.43152573529411764 0.015522875816993464 0.01133578431372549
1 0.8633578431372549 0.4342830882352941 0.020833333333333332 0.016237745098039217
1 0.10927287581699346 0.43443627450980393 0.028186274509803922 0.02696078431372549
1 0.2610294117647059 0.4401041666666667 0.035130718954248366 0.030943627450980393
1 0.9910130718954249 0.44454656862745096 0.017973856209150325 0.016544117647058824
1 0.6868872549019608 0.44776348039215685 0.01511437908496732 0.013786764705882353
1 0.5355392156862745 0.4716605392156863 0.022058823529411766 0.015012254901960785
1 0.8129084967320261 0.47181372549019607 0.017973856209150325 0.012867647058823529
1 0.36825980392156865 0.4765625 0.020833333333333332 0.016237745098039217
1 0.6785130718954249 0.48330269607843135 0.022058823529411766 0.016237745098039217
1 0.14501633986928106 0.48360906862745096 0.03431372549019608 0.024816176470588234
1 0.8029003267973857 0.49019607843137253 0.023284313725490197 0.014093137254901961
1 0.12581699346405228 0.4934129901960784 0.0392156862745098 0.029105392156862746
1 0.016748366013071895 0.5044424019607843 0.03349673202614379 0.0272671568627451
1 0.9470996732026143 0.5084252450980392 0.030637254901960783 0.01685049019607843
1 0.2935049019607843 0.5117953431372549 0.026552287581699346 0.024816176470588234
1 0.625 0.5188419117647058 0.02287581699346405 0.011948529411764705
1 0.9424019607843137 0.5194546568627451 0.028594771241830064 0.016237745098039217
1 0.8627450980392157 0.5363051470588235 0.02042483660130719 0.018075980392156864
1 0.9750816993464052 0.5424325980392157 0.022058823529411766 0.018075980392156864
1 0.6411356209150327 0.5523897058823529 0.02165032679738562 0.012867647058823529
1 0.1772875816993464 0.5634191176470589 0.027777777777777776 0.018995098039215685
1 0.8553921568627451 0.5654105392156863 0.016339869281045753 0.015012254901960785
1 0.4834558823529412 0.569546568627451 0.023284313725490197 0.020833333333333332
1 0.24673202614379086 0.569546568627451 0.025326797385620915 0.02267156862745098
1 0.34395424836601307 0.5741421568627451 0.028594771241830064 0.02144607843137255
1 0.3698937908496732 0.5827205882352942 0.026552287581699346 0.02389705882352941
1 0.17973856209150327 0.5916053921568627 0.027777777777777776 0.025735294117647058
1 0.9066584967320261 0.5960477941176471 0.01838235294117647 0.017463235294117647
1 0.9283088235294118 0.6012561274509803 0.01919934640522876 0.016237745098039217
1 0.3190359477124183 0.6067708333333334 0.03104575163398693 0.026041666666666668
1 0.015522875816993464 0.6216299019607843 0.03104575163398693 0.028186274509803922
1 0.9174836601307189 0.6237745098039216 0.01715686274509804 0.012867647058823529
1 0.7134395424836601 0.6274509803921569 0.015931372549019607 0.010416666666666666
1 0.7518382352941176 0.6288296568627451 0.01838235294117647 0.010723039215686275
1 0.125 0.6302083333333334 0.024509803921568627 0.02389705882352941
0 0.7935049019607843 0.6430759803921569 0.020016339869281044 0.012867647058823529
1 0.3445669934640523 0.6455269607843137 0.03308823529411765 0.027573529411764705
1 0.9419934640522876 0.6484375 0.013888888888888888 0.013174019607843137
1 0.7634803921568627 0.6493566176470589 0.017973856209150325 0.014399509803921568
1 0.672998366013072 0.6516544117647058 0.02165032679738562 0.011642156862745098
0 0.7890114379084967 0.6583946078431373 0.012663398692810458 0.007965686274509803
0 0.4199346405228758 0.6602328431372549 0.016339869281045753 0.014093137254901961
1 0.5402369281045751 0.6616115196078431 0.02900326797385621 0.02297794117647059
0 0.44219771241830064 0.6619178921568627 0.014297385620915032 0.006433823529411764
0 0.7598039215686274 0.6625306372549019 0.010620915032679739 0.007659313725490196
0 0.6615604575163399 0.6708026960784313 0.015931372549019607 0.007659313725490196
0 0.6217320261437909 0.6720281862745098 0.014705882352941176 0.01011029411764706
0 0.8218954248366013 0.6724877450980392 0.014705882352941176 0.009191176470588236
1 0.48508986928104575 0.6738664215686274 0.037173202614379085 0.024816176470588234
0 0.7598039215686274 0.6743259803921569 0.015522875816993464 0.009191176470588236
0 0.4464869281045752 0.6760110294117647 0.016339869281045753 0.008884803921568627
1 0.014501633986928105 0.6773897058823529 0.023284313725490197 0.0196078431372549
0 0.5700571895424836 0.6778492647058824 0.013480392156862746 0.008884803921568627
1 0.9178921568627451 0.6778492647058824 0.02042483660130719 0.013174019607843137
0 0.6321486928104575 0.6803002450980392 0.012663398692810458 0.007659313725490196
0 0.6068218954248366 0.6806066176470589 0.012663398692810458 0.0070465686274509805
0 0.3110702614379085 0.6824448529411765 0.020833333333333332 0.010723039215686275
0 0.45588235294117646 0.6827512254901961 0.015522875816993464 0.009497549019607842
0 0.7144607843137255 0.6838235294117647 0.00980392156862745 0.007965686274509803
0 0.45383986928104575 0.6844362745098039 0.02369281045751634 0.013480392156862746
0 0.7269199346405228 0.6848958333333334 0.017565359477124183 0.010723039215686275
0 0.4993872549019608 0.6859681372549019 0.011029411764705883 0.007352941176470588
1 0.36968954248366015 0.6864276960784313 0.017973856209150325 0.016237745098039217
1 0.8850081699346405 0.6876531862745098 0.01838235294117647 0.013174019607843137
0 0.6844362745098039 0.688265931372549 0.013480392156862746 0.009497549019607842
0 0.6717728758169934 0.6899509803921569 0.015931372549019607 0.00857843137254902
0 0.20874183006535948 0.6902573529411765 0.018790849673202614 0.012254901960784314
0 0.4131944444444444 0.6907169117647058 0.013480392156862746 0.011948529411764705
0 0.8033088235294118 0.6931678921568627 0.017565359477124183 0.010723039215686275
0 0.7463235294117647 0.6936274509803921 0.013888888888888888 0.010416666666666666
0 0.5447303921568627 0.6994485294117647 0.020016339869281044 0.014705882352941176
0 0.5185866013071896 0.7066482843137255 0.011029411764705883 0.009497549019607842
0 0.49468954248366015 0.7087928921568627 0.012254901960784314 0.01133578431372549
1 0.9372957516339869 0.7109375 0.020016339869281044 0.017463235294117647
0 0.5874183006535948 0.7126225490196079 0.015522875816993464 0.009191176470588236
0 0.6274509803921569 0.7144607843137255 0.015522875816993464 0.009191176470588236
0 0.565359477124183 0.7146139705882353 0.012254901960784314 0.007659313725490196
0 0.6540032679738562 0.7146139705882353 0.015522875816993464 0.008884803921568627
0 0.7081290849673203 0.7147671568627451 0.01184640522875817 0.011642156862745098
1 0.16891339869281047 0.7158394607843137 0.037173202614379085 0.02420343137254902
0 0.9689542483660131 0.7182904411764706 0.013888888888888888 0.010723039215686275
0 0.6444035947712419 0.7193627450980392 0.013480392156862746 0.011642156862745098
0 0.5951797385620915 0.7215073529411765 0.0196078431372549 0.009191176470588236
0 0.7794117647058824 0.7293198529411765 0.008986928104575163 0.010723039215686275
0 0.7935049019607843 0.7293198529411765 0.01184640522875817 0.008884803921568627
1 0.2977941176470588 0.7314644607843137 0.03839869281045752 0.024816176470588234
0 0.7003676470588235 0.7325367647058824 0.015931372549019607 0.010416666666666666
0 0.508578431372549 0.7342218137254902 0.016339869281045753 0.008884803921568627
1 0.8974673202614379 0.7434129901960784 0.02042483660130719 0.017463235294117647
0 0.24959150326797386 0.7437193627450981 0.013071895424836602 0.011948529411764705
0 0.45098039215686275 0.7463235294117647 0.02287581699346405 0.016544117647058824
0 0.5020424836601307 0.7464767156862745 0.016339869281045753 0.01011029411764706
0 0.9419934640522876 0.7470894607843137 0.017973856209150325 0.015625
1 0.9891748366013072 0.7483149509803921 0.02165032679738562 0.021752450980392156
0 0.7663398692810458 0.7545955882352942 0.014705882352941176 0.012254901960784314
1 0.9123774509803921 0.7567401960784313 0.020833333333333332 0.01715686274509804
0 0.35110294117647056 0.7579656862745098 0.012663398692810458 0.011029411764705883
0 0.4979575163398693 0.7584252450980392 0.01715686274509804 0.013174019607843137
0 0.7802287581699346 0.7593443627450981 0.014705882352941176 0.01011029411764706
0 0.5447303921568627 0.7610294117647058 0.01511437908496732 0.012254901960784314
0 0.2986111111111111 0.7642463235294118 0.016339869281045753 0.013174019607843137
0 0.3300653594771242 0.7787990196078431 0.016339869281045753 0.013480392156862746
0 0.6282679738562091 0.7791053921568627 0.021241830065359478 0.013480392156862746
0 0.207312091503268 0.7792585784313726 0.034722222222222224 0.021752450980392156
0 0.5939542483660131 0.7901348039215687 0.013888888888888888 0.00980392156862745
0 0.7299836601307189 0.7915134803921569 0.016339869281045753 0.015012254901960785
0 0.7542892156862745 0.7919730392156863 0.020833333333333332 0.012867647058823529
0 0.6605392156862745 0.7927389705882353 0.01715686274509804 0.012561274509803922
0 0.6100898692810458 0.7948835784313726 0.015931372549019607 0.015012254901960785
0 0.7820669934640523 0.7954963235294118 0.01511437908496732 0.013786764705882353
0 0.6779003267973857 0.805453431372549 0.01838235294117647 0.015931372549019607
0 0.24448529411764705 0.8066789215686274 0.020016339869281044 0.01715686274509804
0 0.894812091503268 0.8089767156862745 0.017565359477124183 0.009497549019607842
0 0.3355800653594771 0.8129595588235294 0.027369281045751634 0.015625
0 0.8314950980392157 0.8138786764705882 0.027369281045751634 0.016237745098039217
0 0.6950571895424836 0.8146446078431373 0.017565359477124183 0.014705882352941176
0 0.7761437908496732 0.8196997549019608 0.017973856209150325 0.014399509803921568
0 0.7326388888888888 0.8209252450980392 0.014297385620915032 0.014399509803921568
0 0.7606209150326797 0.8209252450980392 0.01715686274509804 0.016237745098039217
0 0.5396241830065359 0.8244485294117647 0.01715686274509804 0.010416666666666666
0 0.7467320261437909 0.8265931372549019 0.013888888888888888 0.009191176470588236
0 0.727328431372549 0.8276654411764706 0.020016339869281044 0.015012254901960785
0 0.8024918300653595 0.8354779411764706 0.02165032679738562 0.012867647058823529
0 0.516952614379085 0.836703431372549 0.02246732026143791 0.018995098039215685
0 0.9916258169934641 0.842984068627451 0.016748366013071895 0.01991421568627451
0 0.6380718954248366 0.8440563725490197 0.02042483660130719 0.017769607843137254
0 0.7263071895424836 0.8442095588235294 0.022058823529411766 0.015012254901960785
0 0.627859477124183 0.8607536764705882 0.015522875816993464 0.008884803921568627
0 0.6523692810457516 0.8607536764705882 0.014705882352941176 0.011948529411764705
0 0.6327614379084967 0.8685661764705882 0.017973856209150325 0.011642156862745098
0 0.6068218954248366 0.8711703431372549 0.020833333333333332 0.01685049019607843
0 0.6111111111111112 0.8950674019607843 0.02042483660130719 0.01685049019607843
0 0.13909313725490197 0.9030330882352942 0.024101307189542485 0.021139705882352942
0 0.4722222222222222 0.9033394607843137 0.0196078431372549 0.009497549019607842
0 0.7371323529411765 0.9047181372549019 0.01919934640522876 0.012867647058823529
0 0.5302287581699346 0.9090073529411765 0.014705882352941176 0.012867647058823529
0 0.7475490196078431 0.9125306372549019 0.02287581699346405 0.018075980392156864
0 0.44342320261437906 0.9157475490196079 0.025735294117647058 0.0196078431372549
0 0.3743872549019608 0.9159007352941176 0.024101307189542485 0.021752450980392156
0 0.45036764705882354 0.9626225490196079 0.023284313725490197 0.020833333333333332
0 0.29044117647058826 0.9644607843137255 0.026143790849673203 0.02389705882352941
1 0.8220996732026143 0.15762867647058823 0.01184640522875817 0.01011029411764706
1 0.8331290849673203 0.16191789215686275 0.012663398692810458 0.010723039215686275
1 0.8141339869281046 0.1637561274509804 0.015522875816993464 0.01011029411764706
1 0.9360702614379085 0.16651348039215685 0.014297385620915032 0.01133578431372549
1 0.7875816993464052 0.18550857843137256 0.015522875816993464 0.011948529411764705
1 0.0763888888888889 0.20496323529411764 0.03594771241830065 0.02696078431372549
1 0.6446078431372549 0.22242647058823528 0.016339869281045753 0.012867647058823529
1 0.06454248366013073 0.22886029411764705 0.032679738562091505 0.02696078431372549
1 0.04044117647058824 0.22962622549019607 0.041666666666666664 0.02297794117647059
1 0.954452614379085 0.23115808823529413 0.026552287581699346 0.014399509803921568
1 0.9581290849673203 0.24126838235294118 0.027369281045751634 0.015625
1 0.215890522875817 0.24571078431372548 0.03308823529411765 0.01838235294117647
1 0.6607434640522876 0.24877450980392157 0.012663398692810458 0.009191176470588236
1 0.6511437908496732 0.2541360294117647 0.010620915032679739 0.008884803921568627
1 0.12745098039215685 0.2708333333333333 0.03594771241830065 0.028799019607843136
1 0.9948937908496732 0.27558210784313725 0.010212418300653595 0.030330882352941176
1 0.5696486928104575 0.2778799019607843 0.020016339869281044 0.015931372549019607
1 0.6301062091503268 0.28048406862745096 0.017565359477124183 0.010723039215686275
1 0.23937908496732027 0.28201593137254904 0.025326797385620915 0.020526960784313725
1 0.7653186274509803 0.28370098039215685 0.01919934640522876 0.016544117647058824
1 0.7986111111111112 0.2846200980392157 0.02287581699346405 0.013480392156862746
1 0.7015931372549019 0.28722426470588236 0.011029411764705883 0.01133578431372549
1 0.715890522875817 0.29059436274509803 0.014297385620915032 0.013174019607843137
1 0.7502042483660131 0.3014705882352941 0.017565359477124183 0.013480392156862746
1 0.9569035947712419 0.30315563725490197 0.02900326797385621 0.013174019607843137