0 0.6466503267973857 0.6825980392156863 0.01715686274509804 0.010416666666666666
0 0.9166666666666666 0.8164828431372549 0.021241830065359478 0.012867647058823529
1 0.14624183006535948 0.4411764705882353 0.042483660130718956 0.024509803921568627
1 0.0055147058823529415 0.35171568627450983 0.011029411764705883 0.02267156862745098
1 0.8045343137254902 0.6210171568627451 0.020016339869281044 0.013480392156862746
1 0.8993055555555556 0.4909620098039216 0.01838235294117647 0.013174019607843137
1 0.497140522875817 0.3204871323529412 0.025326797385620915 0.020263480392156863
0 0.4936683006535948 0.6953125 0.014297385620915032 0.009497549019607842
1 0.9256535947712419 0.47074142156862747 0.03022875816993464 0.01991421568627451
0 0.8521241830065359 0.7043504901960784 0.016339869281045753 0.010416666666666666
0 0.7048611111111112 0.9649203431372549 0.02246732026143791 0.015625
1 0.6772875816993464 0.6734068627450981 0.02696078431372549 0.018995098039215685
0 0.11356209150326797 0.6980698529411765 0.018790849673202614 0.013174019607843137
1 0.9133986928104575 0.6988357843137255 0.027777777777777776 0.01715686274509804
0 0.661968954248366 0.9560355392156863 0.020833333333333332 0.013786764705882353
0 0.8337418300653595 0.7015931372549019 0.016339869281045753 0.010416666666666666
1 0.8553921568627451 0.6660539215686274 0.01715686274509804 0.012867647058823529
1 0.008082107843137254 0.5116421568627451 0.015347222222222222 0.014705882352941176
1 0.8462009803921569 0.6646752450980392 0.02246732026143791 0.013786764705882353
0 0.7561274509803921 0.7441789215686274 0.016339869281045753 0.011029411764705883
1 0.31924019607843135 0.4568014705882353 0.023284313725490197 0.015931372549019607
1 0.03594771241830065 0.4172794117647059 0.025326797385620915 0.018995098039215685
0 0.681781045751634 0.6989889705882353 0.01715686274509804 0.010723039215686275
0 0.8049428104575164 0.8414522058823529 0.020833333333333332 0.013174019607843137
1 0.3084150326797386 0.6884191176470589 0.0196078431372549 0.012867647058823529
0 0.8133169934640523 0.8985906862745098 0.017973856209150325 0.012867647058823529
1 0.20812908496732027 0.47702205882352944 0.025735294117647058 0.017769607843137254
0 0.8082107843137255 0.7052696078431373 0.016748366013071895 0.010416666666666666
1 0.15257352941176472 0.5968137254901961 0.026552287581699346 0.02144607843137255
0 0.963031045751634 0.7048100490196079 0.017565359477124183 0.010723039215686275
0 0.9462826797385621 0.7110906862745098 0.016748366013071895 0.009191176470588236
1 0.6578839869281046 0.4489889705882353 0.02900326797385621 0.01991421568627451
0 0.6687091503267973 0.6969975490196079 0.015522875816993464 0.010416666666666666
0 0.7618464052287581 0.6959252450980392 0.01715686274509804 0.01133578431372549
0 0.9462826797385621 0.8102022058823529 0.020016339869281044 0.015012254901960785
1 0.20526960784313725 0.5419730392156863 0.034722222222222224 0.02144607843137255
0 0.7113970588235294 0.7587316176470589 0.016748366013071895 0.012561274509803922
0 0.7118055555555556 0.8344056372549019 0.020833333333333332 0.014399509803921568
1 0.4542483660130719 0.33792892156862747 0.02369281045751634 0.015931372549019607
0 0.9066584967320261 0.8092830882352942 0.020016339869281044 0.013174019607843137
0 0.6791258169934641 0.9609375 0.02165032679738562 0.015012254901960785
0 0.8259803921568627 0.9168198529411765 0.021241830065359478 0.013786764705882353
0 0.8398692810457516 0.7166053921568627 0.015522875816993464 0.00980392156862745
1 0.5412581699346405 0.35294117647058826 0.02696078431372549 0.018995098039215685
1 0.3819444444444444 0.3252144607843137 0.02369281045751634 0.018688725490196078
1 0.6968954248366013 0.5831801470588235 0.026143790849673203 0.021752450980392156
0 0.7732843137254902 0.7003676470588235 0.016339869281045753 0.010416666666666666
0 0.8508986928104575 0.827359068627451 0.022058823529411766 0.015012254901960785
1 0.14767156862745098 0.7233455882352942 0.0298202614379085 0.020833333333333332
0 0.9477124183006536 0.7699142156862745 0.0196078431372549 0.013480392156862746
1 0.167687908496732 0.5560661764705882 0.034722222222222224 0.023284313725490197
0 0.9160539215686274 0.8622855392156863 0.024101307189542485 0.016237745098039217
0 0.7118055555555556 0.7881433823529411 0.020833333333333332 0.015012254901960785
1 0.8899101307189542 0.45327818627450983 0.03308823529411765 0.023590686274509803
0 0.7542892156862745 0.7199754901960784 0.017565359477124183 0.012254901960784314
0 0.8700980392156863 0.7198223039215687 0.018790849673202614 0.013174019607843137
0 0.741421568627451 0.8962928921568627 0.026143790849673203 0.017463235294117647
1 0.6680964052287581 0.5946691176470589 0.03227124183006536 0.022058823529411766
1 0.11662581699346405 0.3861825980392157 0.02900326797385621 0.019301470588235295
0 0.8952205882352942 0.7256433823529411 0.01838235294117647 0.01133578431372549
0 0.7706290849673203 0.7303921568627451 0.017565359477124183 0.011642156862745098
1 0.7381535947712419 0.5807291666666666 0.025326797385620915 0.015625
0 0.7728758169934641 0.7190563725490197 0.01715686274509804 0.011029411764705883
1 0.28880718954248363 0.6859681372549019 0.02369281045751634 0.01715686274509804
1 0.9628267973856209 0.5543811274509803 0.027777777777777776 0.01991421568627451
0 0.6431781045751634 0.7230392156862745 0.01919934640522876 0.012254901960784314
0 0.9571078431372549 0.7467830882352942 0.0196078431372549 0.011948529411764705
0 0.9756944444444444 0.7293198529411765 0.01838235294117647 0.012561274509803922
1 0.6921977124183006 0.6138174019607843 0.01919934640522876 0.013786764705882353
0 0.974468954248366 0.8728553921568627 0.02246732026143791 0.016544117647058824
0 0.9464869281045751 0.8458946078431373 0.02042483660130719 0.014705882352941176
0 0.1766748366013072 0.8008578431372549 0.026552287581699346 0.01838235294117647
0 0.8811274509803921 0.8261335784313726 0.021241830065359478 0.014399509803921568
0 0.8674428104575164 0.8454350490196079 0.02165032679738562 0.015012254901960785
1 0.015522875816993464 0.5428921568627451 0.026143790849673203 0.018995098039215685
1 0.514297385620915 0.5614276960784313 0.03839869281045752 0.027879901960784315
0 0.8611111111111112 0.8181678921568627 0.022058823529411766 0.015625
1 0.985702614379085 0.5087316176470589 0.028594771241830064 0.022365196078431373
1 0.0806781045751634 0.6565563725490197 0.03227124183006536 0.02267156862745098
0 0.9297385620915033 0.7630208333333334 0.021241830065359478 0.015625
1 0.33435457516339867 0.46721813725490197 0.026552287581699346 0.018995098039215685
0 0.7205882352941176 0.8325674019607843 0.021241830065359478 0.015625
1 0.5561683006535948 0.2847732843137255 0.02246732026143791 0.01685049019607843
1 0.7418300653594772 0.5686274509803921 0.02287581699346405 0.015318627450980392
1 0.3188316993464052 0.32643995098039214 0.02900326797385621 0.021139705882352942
0 0.9285130718954249 0.836703431372549 0.02287581699346405 0.016544117647058824
1 0.8339460784313726 0.45389093137254904 0.03145424836601307 0.021752450980392156
0 0.8537581699346405 0.9333639705882353 0.024509803921568627 0.018688725490196078
1 0.6015114379084967 0.7087928921568627 0.0298202614379085 0.022365196078431373
1 0.47038398692810457 0.6715686274509803 0.027369281045751634 0.02144607843137255
1 0.8809232026143791 0.6704963235294118 0.023284313725490197 0.017463235294117647
0 0.8729575163398693 0.9280024509803921 0.027777777777777776 0.02144607843137255
1 0.4068627450980392 0.6654411764705882 0.026143790849673203 0.02144607843137255
0 0.03145424836601307 0.9016544117647058 0.03349673202614379 0.02267156862745098
1 0.22508169934640523 0.5597426470588235 0.03431372549019608 0.02389705882352941
1 0.011029411764705883 0.49080882352941174 0.022058823529411766 0.029411764705882353
1 0.9211601307189542 0.6429227941176471 0.03349673202614379 0.023590686274509803
1 0.6907679738562091 0.6508884803921569 0.028594771241830064 0.01991421568627451
0 0.306781045751634 0.7409620098039216 0.02042483660130719 0.015012254901960785
1 0.48508986928104575 0.6063112745098039 0.03145424836601307 0.02144607843137255
0 0.795547385620915 0.7556678921568627 0.024101307189542485 0.01685049019607843
0 0.8357843137254902 0.9051776960784313 0.024509803921568627 0.018688725490196078
1 0.4528186274509804 0.45588235294117646 0.025735294117647058 0.020833333333333332
0 0.7103758169934641 0.8964460784313726 0.02696078431372549 0.022058823529411766
0 0.7800245098039216 0.7876838235294118 0.026552287581699346 0.01838235294117647
1 0.2616421568627451 0.6686580882352942 0.028186274509803922 0.01991421568627451
1 0.05004084967320262 0.703125 0.034722222222222224 0.025122549019607844
1 0.43443627450980393 0.6717218137254902 0.028186274509803922 0.021752450980392156
1 0.4877450980392157 0.5876225490196079 0.03022875816993464 0.020833333333333332
0 0.05371732026143791 0.8872549019607843 0.03553921568627451 0.026348039215686275
0 0.6131535947712419 0.7930453431372549 0.02369281045751634 0.01685049019607843
1 0.3445669934640523 0.6980698529411765 0.028186274509803922 0.021139705882352942
1 0.1374591503267974 0.6046262254901961 0.03390522875816993 0.02297794117647059
0 0.7312091503267973 0.9306066176470589 0.02696078431372549 0.020526960784313725
0 0.9319852941176471 0.9515931372549019 0.03390522875816993 0.026348039215686275
1 0.3196486928104575 0.5395220588235294 0.0298202614379085 0.020833333333333332
1 0.5477941176470589 0.47794117647058826 0.035130718954248366 0.025735294117647058
1 0.5328839869281046 0.41237745098039214 0.039624183006535946 0.026348039215686275
0 0.2965686274509804 0.8186274509803921 0.028594771241830064 0.0196078431372549
0 0.7867647058823529 0.8904718137254902 0.02696078431372549 0.020526960784313725
1 0.21548202614379086 0.6455269607843137 0.034722222222222224 0.024509803921568627
1 0.5645424836601307 0.4924938725490196 0.03594771241830065 0.024816176470588234
0 0.3270016339869281 0.9074754901960784 0.03308823529411765 0.02696078431372549
1 0.32351102941176474 0.507046568627451 0.024473039215686273 0.01838235294117647
1 0.46227532679738564 0.2714905024509804 0.020955882352941175 0.01663296568627451