1 0.6556372549019608 0.6122855392156863 0.025326797385620915 0.016237745098039217
1 0.8417075163398693 0.4762561274509804 0.02900326797385621 0.021139705882352942
1 0.7945261437908496 0.7133884803921569 0.02696078431372549 0.01685049019607843
1 0.018586601307189542 0.5894607843137255 0.017565359477124183 0.015318627450980392
1 0.639297385620915 0.6427696078431373 0.027777777777777776 0.01838235294117647
1 0.07618464052287582 0.532015931372549 0.030637254901960783 0.01991421568627451
1 0.11621732026143791 0.3388480392156863 0.016748366013071895 0.012254901960784314
1 0.11785130718954248 0.3235294117647059 0.017565359477124183 0.014093137254901961
1 0.2326388888888889 0.20802696078431374 0.023284313725490197 0.015318627450980392
1 0.7810457516339869 0.5530024509803921 0.03022875816993464 0.02144607843137255
1 0.24673202614379086 0.5598958333333334 0.02042483660130719 0.014399509803921568
0 0.04350490196078431 0.694546568627451 0.015931372549019607 0.010416666666666666
1 0.7214052287581699 0.6020220588235294 0.026143790849673203 0.017769607843137254
1 0.6535947712418301 0.6043198529411765 0.02696078431372549 0.021752450980392156
0 0.5690359477124183 0.7181372549019608 0.018790849673202614 0.014093137254901961
0 0.00980392156862745 0.7527573529411765 0.01715686274509804 0.016544117647058824
1 0.23651960784313725 0.22319240196078433 0.021241830065359478 0.015012254901960785
1 0.398780637254902 0.6541927083333333 0.027953431372549024 0.01855698529411765
0 0.9879493464052288 0.8423713235294118 0.024101307189542485 0.018075980392156864
0 0.13194444444444445 0.8149509803921569 0.022058823529411766 0.014093137254901961
1 0.8960375816993464 0.6659007352941176 0.026552287581699346 0.019301470588235295
0 0.23876633986928106 0.7565870098039216 0.01919934640522876 0.013174019607843137
1 0.20976307189542484 0.29794730392156865 0.02246732026143791 0.016237745098039217
0 0.6542075163398693 0.7354473039215687 0.02165032679738562 0.015625
0 0.9707924836601307 0.8125 0.023284313725490197 0.016544117647058824
0 0.08190359477124183 0.7708333333333334 0.01838235294117647 0.014093137254901961
1 0.3737745098039216 0.6531862745098039 0.024509803921568627 0.01838235294117647
1 0.7892156862745098 0.5243566176470589 0.03594771241830065 0.024816176470588234
0 0.08272058823529412 0.6622242647058824 0.015931372549019607 0.010723039215686275
0 0.0573937908496732 0.6876531862745098 0.01838235294117647 0.012561274509803922
1 0.5020424836601307 0.35324754901960786 0.02696078431372549 0.017769607843137254
1 0.6840277777777778 0.6168811274509803 0.025735294117647058 0.01685049019607843
0 0.5512663398692811 0.7075674019607843 0.01838235294117647 0.012561274509803922
1 0.5857843137254902 0.41299019607843135 0.03594771241830065 0.02267156862745098
0 0.4381127450980392 0.735140931372549 0.01511437908496732 0.010723039215686275
1 0.08660130718954248 0.5882352941176471 0.02696078431372549 0.01838235294117647
0 0.2991952614379085 0.7280943627450981 0.019142156862745098 0.011948529411764705
0 0.36580882352941174 0.7538296568627451 0.01919934640522876 0.013174019607843137
0 0.09211601307189543 0.7449448529411765 0.015931372549019607 0.010723039215686275
0 0.7677696078431373 0.7584252450980392 0.027369281045751634 0.017463235294117647
1 0.4765114379084967 0.39307598039215685 0.0298202614379085 0.02022058823529412
1 0.8813316993464052 0.641390931372549 0.02246732026143791 0.01685049019607843
0 0.5996732026143791 0.7291666666666666 0.025326797385620915 0.015318627450980392
0 0.1329656862745098 0.8478860294117647 0.020016339869281044 0.014399509803921568
0 0.13766339869281047 0.7388174019607843 0.015522875816993464 0.01011029411764706
1 0.46250612745098035 0.5306816789215686 0.02877042483660131 0.01785845588235294
1 0.670751633986928 0.49754901960784315 0.02696078431372549 0.020833333333333332
1 0.11887254901960784 0.5675551470588235 0.024509803921568627 0.015012254901960785
1 0.5581821895424837 0.5381648284313725 0.02486111111111111 0.019957107843137256
1 0.8991013071895425 0.6109068627450981 0.02696078431372549 0.017769607843137254
0 0.46834150326797386 0.7305453431372549 0.020016339869281044 0.010723039215686275
1 0.7914624183006536 0.6674325980392157 0.02900326797385621 0.020526960784313725
1 0.5939542483660131 0.508578431372549 0.022058823529411766 0.016544117647058824
1 0.0181781045751634 0.6732536764705882 0.023284313725490197 0.016237745098039217
0 0.5665849673202614 0.8048406862745098 0.025326797385620915 0.016544117647058824
1 0.007965686274509803 0.5905330882352942 0.015931372549019607 0.017463235294117647
1 0.23202614379084968 0.2688419117647059 0.02696078431372549 0.01685049019607843
0 0.042279411764705885 0.7166053921568627 0.015931372549019607 0.010416666666666666
1 0.8562091503267973 0.6387867647058824 0.02696078431372549 0.02022058823529412
1 0.3202614379084967 0.5462622549019608 0.028594771241830064 0.020833333333333332
0 0.6486928104575164 0.8045343137254902 0.025326797385620915 0.01838235294117647
0 0.28860294117647056 0.7849264705882353 0.01838235294117647 0.013480392156862746
1 0.28125 0.6501225490196079 0.028186274509803922 0.020833333333333332
1 0.7283496732026143 0.5514705882352942 0.026143790849673203 0.020833333333333332
1 0.40665849673202614 0.5448835784313726 0.023284313725490197 0.01685049019607843
0 0.5537173202614379 0.7633272058823529 0.020833333333333332 0.015625
1 0.24959150326797386 0.40517769607843135 0.02696078431372549 0.018688725490196078
0 0.008374183006535947 0.7864583333333334 0.016748366013071895 0.016544117647058824
1 0.7544934640522876 0.49264705882352944 0.029411764705882353 0.01838235294117647
1 0.6098856209150327 0.45128676470588236 0.024509803921568627 0.01715686274509804
0 0.4270833333333333 0.7922794117647058 0.02165032679738562 0.016544117647058824
0 0.16687091503267973 0.7184436274509803 0.01919934640522876 0.012867647058823529
1 0.9052287581699346 0.6400122549019608 0.026143790849673203 0.018995098039215685
0 0.8741830065359477 0.8362438725490197 0.024509803921568627 0.017463235294117647
1 0.061683006535947715 0.5024509803921569 0.027777777777777776 0.017769607843137254
1 0.6247957516339869 0.4831495098039216 0.025735294117647058 0.018995098039215685
0 0.15298202614379086 0.8576899509803921 0.027369281045751634 0.018075980392156864
1 0.39828431372549017 0.36764705882352944 0.032679738562091505 0.02267156862745098
1 0.13786764705882354 0.5424325980392157 0.027369281045751634 0.020526960784313725
0 0.5349264705882353 0.7801776960784313 0.02246732026143791 0.01685049019607843
1 0.6764705882352942 0.6734068627450981 0.02696078431372549 0.020833333333333332
1 0.8386437908496732 0.6878063725490197 0.029411764705882353 0.02144607843137255
0 0.579452614379085 0.9845281862745098 0.037173202614379085 0.02849264705882353
1 0.26633986928104575 0.5284926470588235 0.03104575163398693 0.02267156862745098
1 0.5534477124183006 0.528077512254902 0.023562091503267973 0.01816482843137255
1 0.6678635620915033 0.2913602941176471 0.024452614379084966 0.01838235294117647
0 0.29014297385620913 0.7325153186274509 0.016560457516339867 0.011599264705882352
1 0.2205902777777778 0.24590839460784314 0.022062908496732026 0.016939338235294116
1 0.7958026960784313 0.5093167892156863 0.029513888888888888 0.018020833333333333