1 0.4401552287581699 0.3069852941176471 0.013480392156862746 0.011642156862745098
1 0.33455882352941174 0.3072916666666667 0.041666666666666664 0.025122549019607844
1 0.6750408496732027 0.3151041666666667 0.023284313725490197 0.01133578431372549
1 0.7816584967320261 0.03232230392156863 0.024101307189542485 0.01991421568627451
1 0.3451797385620915 0.32199754901960786 0.015522875816993464 0.011029411764705883
1 0.14440359477124182 0.32230392156862747 0.025735294117647058 0.01838235294117647
1 0.6587009803921569 0.32276348039215685 0.02165032679738562 0.011948529411764705
1 0.34048202614379086 0.32613357843137253 0.012663398692810458 0.012561274509803922
1 0.33088235294117646 0.3284313725490196 0.01715686274509804 0.011642156862745098
1 0.31719771241830064 0.33026960784313725 0.013480392156862746 0.014093137254901961
1 0.3304738562091503 0.33440563725490197 0.015522875816993464 0.010723039215686275
1 0.5678104575163399 0.33609068627450983 0.02042483660130719 0.016544117647058824
1 0.8412990196078431 0.33609068627450983 0.024101307189542485 0.018995098039215685
1 0.37397875816993464 0.35110294117647056 0.01838235294117647 0.013480392156862746
1 0.4089052287581699 0.35692401960784315 0.021241830065359478 0.020833333333333332
0 0.7549019607843137 0.39338235294117646 0.0196078431372549 0.01715686274509804
0 0.7361111111111112 0.3978247549019608 0.029411764705882353 0.014399509803921568
1 0.6956699346405228 0.40150122549019607 0.05718954248366013 0.03707107843137255
0 0.0690359477124183 0.4036458333333333 0.02696078431372549 0.012561274509803922
0 0.8870506535947712 0.40625 0.03227124183006536 0.016544117647058824
0 0.040236928104575166 0.40808823529411764 0.025735294117647058 0.012254901960784314
0 0.8372140522875817 0.4096200980392157 0.023284313725490197 0.015931372549019607
0 0.9491421568627451 0.4114583333333333 0.020016339869281044 0.011642156862745098
0 0.9871323529411765 0.4149816176470588 0.025735294117647058 0.021752450980392156
0 0.7220179738562091 0.41620710784313725 0.03390522875816993 0.02420343137254902
0 0.10457516339869281 0.4174325980392157 0.016339869281045753 0.012561274509803922
0 0.7673611111111112 0.42294730392156865 0.03799019607843137 0.019301470588235295
0 0.04003267973856209 0.42325367647058826 0.02696078431372549 0.013174019607843137
0 0.96875 0.4339767156862745 0.023284313725490197 0.015625
1 0.8125 0.044730392156862746 0.03758169934640523 0.031862745098039214
0 0.7289624183006536 0.46568627450980393 0.025735294117647058 0.013480392156862746
0 0.7524509803921569 0.4799325980392157 0.04330065359477124 0.02542892156862745
0 0.5565767973856209 0.4831495098039216 0.024101307189542485 0.015318627450980392
0 0.6727941176470589 0.4889705882352941 0.05228758169934641 0.032475490196078434
0 0.8825571895424836 0.4960171568627451 0.04861111111111111 0.028799019607843136
1 0.8488562091503268 0.050091911764705885 0.049019607843137254 0.036458333333333336
0 0.3116830065359477 0.5071997549019608 0.03349673202614379 0.02297794117647059
0 0.5451388888888888 0.5491727941176471 0.030637254901960783 0.019301470588235295
1 0.5404411764705882 0.056372549019607844 0.031862745098039214 0.02267156862745098
1 0.12316176470588236 0.05775122549019608 0.03880718954248366 0.02971813725490196
1 0.015318627450980392 0.06969975490196079 0.030637254901960783 0.021752450980392156
1 0.9187091503267973 0.07261029411764706 0.03104575163398693 0.022058823529411766
1 0.8049428104575164 0.07552083333333333 0.04779411764705882 0.03707107843137255
1 0.2651143790849673 0.08287377450980392 0.02696078431372549 0.019301470588235295
1 0.6109068627450981 0.009037990196078432 0.034722222222222224 0.018075980392156864
1 0.6813725490196079 0.009191176470588236 0.03758169934640523 0.01838235294117647
1 0.39052287581699346 0.10738357843137254 0.027777777777777776 0.021139705882352942
1 0.8890931372549019 0.11197916666666667 0.028186274509803922 0.01991421568627451
1 0.4213643790849673 0.11213235294117647 0.03308823529411765 0.025735294117647058
1 0.15134803921568626 0.11289828431372549 0.06004901960784314 0.03707107843137255
1 0.21303104575163398 0.11366421568627451 0.03799019607843137 0.030637254901960783
1 0.957312091503268 0.12055759803921569 0.046977124183006536 0.035845588235294115
1 0.12806372549019607 0.13097426470588236 0.05024509803921569 0.03707107843137255
1 0.027777777777777776 0.14139093137254902 0.049019607843137254 0.035845588235294115
1 0.9699754901960784 0.15058210784313725 0.0428921568627451 0.02971813725490196
1 0.6589052287581699 0.15150122549019607 0.02042483660130719 0.01133578431372549
1 0.6633986928104575 0.16115196078431374 0.021241830065359478 0.015318627450980392
1 0.8184232026143791 0.16973039215686275 0.0428921568627451 0.022058823529411766
1 0.03104575163398693 0.17095588235294118 0.04411764705882353 0.032475490196078434
1 0.7830882352941176 0.17555147058823528 0.03431372549019608 0.022058823529411766
1 0.7416258169934641 0.18321078431372548 0.01838235294117647 0.015318627450980392
1 0.5910947712418301 0.18397671568627452 0.018790849673202614 0.012561274509803922
1 0.9070669934640523 0.18550857843137256 0.03390522875816993 0.021752450980392156
1 0.7207924836601307 0.19194240196078433 0.025735294117647058 0.020526960784313725
1 0.8974673202614379 0.19761029411764705 0.04003267973856209 0.020833333333333332
1 0.672998366013072 0.20082720588235295 0.02165032679738562 0.015012254901960785
1 0.05923202614379085 0.21752450980392157 0.04738562091503268 0.03676470588235294
1 0.7853349673202614 0.24586397058823528 0.024101307189542485 0.020526960784313725
1 0.8831699346405228 0.2662377450980392 0.05310457516339869 0.041666666666666664
1 0.6589052287581699 0.2685355392156863 0.021241830065359478 0.012561274509803922
1 0.25326797385620914 0.2757352941176471 0.025326797385620915 0.01838235294117647
1 0.2085375816993464 0.2774203431372549 0.056781045751633986 0.02971813725490196
1 0.24142156862745098 0.027879901960784315 0.03431372549019608 0.022058823529411766
1 0.29064542483660133 0.28324142156862747 0.04370915032679738 0.021139705882352942
1 0.400531045751634 0.2846200980392157 0.020016339869281044 0.013480392156862746
1 0.7028186274509803 0.28753063725490197 0.02900326797385621 0.01133578431372549
1 0.04493464052287582 0.2884497549019608 0.027777777777777776 0.01991421568627451
1 0.38255718954248363 0.029411764705882353 0.05106209150326797 0.04534313725490196
1 0.42606209150326796 0.30330882352941174 0.016339869281045753 0.015318627450980392
0 0.6140686274509803 0.29035692401960783 0.009183006535947712 0.00779718137254902
0 0.587593954248366 0.2956219362745098 0.007704248366013072 0.006685049019607843
0 0.5935191993464052 0.2959558823529412 0.009750816993464053 0.006127450980392157