1 0.8966503267973857 0.32567401960784315 0.031862745098039214 0.023284313725490197
1 0.8651960784313726 0.3402267156862745 0.031862745098039214 0.017463235294117647
1 0.9669117647058824 0.3405330882352941 0.029411764705882353 0.021139705882352942
1 0.9332107843137255 0.34359681372549017 0.02900326797385621 0.01685049019607843
1 0.7440767973856209 0.36044730392156865 0.0298202614379085 0.0272671568627451
1 0.980187908496732 0.3708639705882353 0.03553921568627451 0.026041666666666668
1 0.9777369281045751 0.42463235294117646 0.03390522875816993 0.025122549019607844
1 0.9393382352941176 0.4299938725490196 0.034722222222222224 0.02297794117647059
1 0.9808006535947712 0.6060049019607843 0.025326797385620915 0.018995098039215685
0 0.7634803921568627 0.7310049019607843 0.011437908496732025 0.013480392156862746
0 0.7559232026143791 0.7521446078431373 0.020833333333333332 0.015318627450980392
0 0.641952614379085 0.7547487745098039 0.020833333333333332 0.01685049019607843
0 0.6194852941176471 0.7613357843137255 0.02246732026143791 0.014705882352941176
0 0.2632761437908497 0.7814031862745098 0.01838235294117647 0.010723039215686275
0 0.5420751633986928 0.8552389705882353 0.02287581699346405 0.021752450980392156
0 0.43913398692810457 0.8579963235294118 0.031862745098039214 0.026041666666666668
0 0.3660130718954248 0.9024203431372549 0.031862745098039214 0.023590686274509803
0 0.9473039215686274 0.9223345588235294 0.029411764705882353 0.021139705882352942
0 0.4591503267973856 0.9413296568627451 0.0457516339869281 0.03216911764705882
1 0.9330065359477124 0.15333946078431374 0.03594771241830065 0.03155637254901961
1 0.8400735294117647 0.15885416666666666 0.02900326797385621 0.027879901960784315
1 0.8129084967320261 0.16743259803921567 0.03104575163398693 0.01685049019607843
1 0.7971793300653595 0.17631740196078433 0.04370506535947712 0.029105392156862746
1 0.735498366013072 0.18367034313725492 0.028186274509803922 0.02297794117647059
1 0.7716503267973857 0.18964460784313725 0.02369281045751634 0.024509803921568627
1 0.7003676470588235 0.2181372549019608 0.0298202614379085 0.018995098039215685
1 0.7696078431372549 0.2192095588235294 0.051470588235294115 0.0272671568627451
1 0.8643790849673203 0.22120098039215685 0.03676470588235294 0.02389705882352941
1 0.6280637254901961 0.22931985294117646 0.03390522875816993 0.020526960784313725
1 0.6525735294117647 0.23314950980392157 0.026552287581699346 0.01838235294117647
1 0.8357843137254902 0.24540441176470587 0.03022875816993464 0.030637254901960783
1 0.6587009803921569 0.25183823529411764 0.026552287581699346 0.01838235294117647
1 0.5941584967320261 0.2532169117647059 0.027369281045751634 0.02297794117647059
1 0.8310866013071896 0.27328431372549017 0.026552287581699346 0.01838235294117647
1 0.6680964052287581 0.2771139705882353 0.026552287581699346 0.016237745098039217
1 0.8433415032679739 0.2927389705882353 0.026552287581699346 0.012561274509803922
1 0.8613153594771242 0.29840686274509803 0.034722222222222224 0.014705882352941176
1 0.8675388071895426 0.2420343137254902 0.026744281045751633 0.020833333333333332
1 0.8904125816993465 0.24846813725490197 0.03000816993464052 0.025122549019607844
1 0.903890931372549 0.23253676470588236 0.040625 0.03002450980392157
1 0.9216789215686274 0.32506127450980393 0.02309640522875817 0.016544117647058824
1 0.48330678104575164 0.3011642156862745 0.04504493464052287 0.027573529411764705
1 0.6228799019607842 0.2420343137254902 0.025988562091503267 0.0196078431372549
1 0.6396262254901961 0.21599264705882354 0.028435457516339867 0.018995098039215685
1 0.7531740196078431 0.16023284313725492 0.030040849673202617 0.018995098039215685
1 0.8089195261437908 0.3333333333333333 0.031237745098039216 0.01715686274509804
1 0.9827205882352941 0.1479779411764706 0.033251633986928104 0.026348039215686275
0 0.07186070261437909 0.8483455882352942 0.03179330065359477 0.02144607843137255