1 0.30780228758169936 0.3382352941176471 0.02165032679738562 0.016544117647058824
1 0.5678104575163399 0.3486519607843137 0.017973856209150325 0.010416666666666666
1 0.3278186274509804 0.36887254901960786 0.0428921568627451 0.032475490196078434
1 0.2945261437908497 0.3708639705882353 0.015522875816993464 0.013786764705882353
1 0.8641748366013072 0.4100796568627451 0.027369281045751634 0.019301470588235295
0 0.6047794117647058 0.41360294117647056 0.006127450980392157 0.006127450980392157
0 0.6053921568627451 0.42018995098039214 0.012254901960784314 0.007659313725490196
0 0.75 0.43443627450980393 0.016339869281045753 0.00980392156862745
0 0.5874183006535948 0.43795955882352944 0.012254901960784314 0.009497549019607842
0 0.5733251633986928 0.4381127450980392 0.011029411764705883 0.006740196078431373
0 0.45812908496732024 0.4414828431372549 0.020833333333333332 0.015318627450980392
0 0.48713235294117646 0.44362745098039214 0.017565359477124183 0.013480392156862746
0 0.35232843137254904 0.4440870098039216 0.002042483660130719 0.0009191176470588235
0 0.5800653594771242 0.44607843137254904 0.011437908496732025 0.006127450980392157
0 0.3449754901960784 0.4485294117647059 0.020016339869281044 0.00857843137254902
0 0.9930555555555556 0.45098039215686275 0.013888888888888888 0.011642156862745098
0 0.6162173202614379 0.4525122549019608 0.012663398692810458 0.011029411764705883
0 0.6930147058823529 0.4528186274509804 0.01184640522875817 0.009191176470588236
0 0.7908496732026143 0.4615502450980392 0.016339869281045753 0.01011029411764706
0 0.5874183006535948 0.4646139705882353 0.0196078431372549 0.011948529411764705
0 0.6100898692810458 0.4658394607843137 0.016748366013071895 0.010723039215686275
0 0.7428513071895425 0.4658394607843137 0.01511437908496732 0.009497549019607842
0 0.40604575163398693 0.4794730392156863 0.022058823529411766 0.011642156862745098
0 0.5951797385620915 0.4837622549019608 0.016339869281045753 0.014093137254901961
0 0.7160947712418301 0.49525122549019607 0.01715686274509804 0.010723039215686275
0 0.7771650326797386 0.5122549019607843 0.016748366013071895 0.011029411764705883
0 0.7724673202614379 0.5168504901960784 0.013888888888888888 0.007965686274509803
0 0.7879901960784313 0.5268075980392157 0.025326797385620915 0.01685049019607843
0 0.6695261437908496 0.532015931372549 0.02042483660130719 0.013786764705882353
0 0.6875 0.5356924019607843 0.02042483660130719 0.014399509803921568
0 0.8339460784313726 0.5664828431372549 0.02246732026143791 0.014705882352941176
0 0.9293300653594772 0.5897671568627451 0.02042483660130719 0.016544117647058824
0 0.8641748366013072 0.6012561274509803 0.023284313725490197 0.014399509803921568
1 0.015318627450980392 0.06464460784313726 0.030637254901960783 0.041666666666666664
1 0.4411764705882353 0.08026960784313726 0.049836601307189546 0.034926470588235295
1 0.37173202614379086 0.09313725490196079 0.03349673202614379 0.02389705882352941
1 0.11417483660130719 0.20143995098039216 0.05024509803921569 0.03829656862745098
1 0.5655637254901961 0.2610294117647059 0.03227124183006536 0.0196078431372549
1 0.1977124183006536 0.26516544117647056 0.02287581699346405 0.022365196078431373