1 0.494281045751634 0.32276348039215685 0.0196078431372549 0.013174019607843137
1 0.4097222222222222 0.12270220588235294 0.027777777777777776 0.020526960784313725
1 0.3214869281045752 0.3092830882352941 0.01715686274509804 0.013174019607843137
0 0.3837826797385621 0.4753370098039216 0.013480392156862746 0.009497549019607842
0 0.31270424836601307 0.6017156862745098 0.01919934640522876 0.012254901960784314
0 0.6068218954248366 0.5490196078431373 0.02165032679738562 0.012867647058823529
1 0.5453431372549019 0.0059742647058823525 0.03104575163398693 0.01133578431372549
0 0.061683006535947715 0.32046568627450983 0.012254901960784314 0.007965686274509803
1 0.5365604575163399 0.04442401960784314 0.02900326797385621 0.0196078431372549
0 0.5371732026143791 0.49892769607843135 0.017973856209150325 0.011948529411764705
1 0.877859477124183 0.42693014705882354 0.04820261437908497 0.030943627450980393
1 0.38991013071895425 0.42892156862745096 0.012663398692810458 0.00857843137254902
0 0.014501633986928105 0.3226102941176471 0.012663398692810458 0.00857843137254902
0 0.6260212418300654 0.5104166666666666 0.02165032679738562 0.014093137254901961
0 0.6113153594771242 0.5562193627450981 0.017565359477124183 0.011948529411764705
0 0.684640522875817 0.6020220588235294 0.03022875816993464 0.01715686274509804
0 0.25026348039215685 0.45826746323529416 0.01604983660130719 0.00967218137254902
1 0.3709150326797386 0.3727022058823529 0.01715686274509804 0.012561274509803922
0 0.44076797385620914 0.4928002450980392 0.01715686274509804 0.01133578431372549
0 0.41299019607843135 0.6092218137254902 0.017973856209150325 0.011948529411764705
1 0.45608660130718953 0.23835784313725492 0.02246732026143791 0.014705882352941176
1 0.49019607843137253 0.1404718137254902 0.0196078431372549 0.014399509803921568
1 0.5210375816993464 0.06479779411764706 0.023284313725490197 0.018688725490196078
1 0.4897875816993464 0.3325674019607843 0.018790849673202614 0.012561274509803922
1 0.10375816993464053 0.47074142156862747 0.022058823529411766 0.013174019607843137
0 0.33986928104575165 0.5983455882352942 0.0196078431372549 0.014093137254901961
0 0.40584150326797386 0.45098039215686275 0.013480392156862746 0.00980392156862745
0 0.6111111111111112 0.5260416666666666 0.018790849673202614 0.011642156862745098
1 0.7183415032679739 0.3255208333333333 0.037173202614379085 0.023590686274509803
1 0.18729575163398693 0.20098039215686275 0.020016339869281044 0.012867647058823529
1 0.2261029411764706 0.2267156862745098 0.020833333333333332 0.014093137254901961
0 0.5016339869281046 0.49831495098039214 0.014705882352941176 0.01011029411764706
0 0.28580269607843134 0.4268428308823529 0.012781862745098039 0.008097426470588235
0 0.431781045751634 0.5061274509803921 0.015522875816993464 0.011029411764705883
1 0.21711601307189543 0.021139705882352942 0.02165032679738562 0.014705882352941176
1 0.5404411764705882 0.4178921568627451 0.0196078431372549 0.015931372549019607
1 0.7026143790849673 0.0044424019607843136 0.03676470588235294 0.008884803921568627
0 0.2246732026143791 0.46890318627450983 0.016339869281045753 0.01011029411764706
0 0.3333333333333333 0.5962009803921569 0.02042483660130719 0.013480392156862746
0 0.3997140522875817 0.49800857843137253 0.020016339869281044 0.01685049019607843
1 0.4242238562091503 0.10477941176470588 0.020833333333333332 0.015318627450980392
0 0.2152777777777778 0.5122549019607843 0.016339869281045753 0.011642156862745098
1 0.43423202614379086 0.22579656862745098 0.024509803921568627 0.016544117647058824
0 0.41973039215686275 0.48621323529411764 0.015931372549019607 0.010416666666666666
1 0.6137663398692811 0.33547794117647056 0.02246732026143791 0.01715686274509804
1 0.6617647058823529 0.4886642156862745 0.02369281045751634 0.017769607843137254
0 0.5302287581699346 0.44669117647058826 0.01715686274509804 0.00980392156862745
1 0.4424019607843137 0.07184436274509803 0.02696078431372549 0.017463235294117647
1 0.09436274509803921 0.17570465686274508 0.03104575163398693 0.021752450980392156
1 0.1840277777777778 0.18412990196078433 0.016748366013071895 0.012254901960784314
1 0.24080882352941177 0.05499387254901961 0.02246732026143791 0.017463235294117647
1 0.22099673202614378 0.20450367647058823 0.02042483660130719 0.015012254901960785
1 0.1388888888888889 0.4103860294117647 0.02369281045751634 0.016237745098039217
1 0.08190359477124183 0.3046875 0.01838235294117647 0.014399509803921568
1 0.4681372549019608 0.2689950980392157 0.02369281045751634 0.017769607843137254
1 0.47630718954248363 0.10309436274509803 0.025326797385620915 0.017463235294117647
1 0.6973039215686274 0.43183210784313725 0.027777777777777776 0.018075980392156864
0 0.4456699346405229 0.48192401960784315 0.015522875816993464 0.011642156862745098
0 0.3533496732026144 0.4947916666666667 0.017973856209150325 0.012867647058823529
1 0.40461601307189543 0.4381127450980392 0.017565359477124183 0.012867647058823529
1 0.2136437908496732 0.21476715686274508 0.018790849673202614 0.014093137254901961
1 0.3472222222222222 0.24004289215686275 0.02042483660130719 0.01685049019607843
1 0.3145424836601307 0.2697610294117647 0.021241830065359478 0.015012254901960785
0 0.34681372549019607 0.6060049019607843 0.02042483660130719 0.014093137254901961
1 0.4193218954248366 0.4410232843137255 0.016748366013071895 0.014399509803921568
0 0.32046568627450983 0.45894607843137253 0.015931372549019607 0.00980392156862745
1 0.6015114379084967 0.3834252450980392 0.024101307189542485 0.018075980392156864
1 0.44955065359477125 0.1637561274509804 0.02246732026143791 0.015625
0 0.4309640522875817 0.48544730392156865 0.016339869281045753 0.01133578431372549
1 0.4125816993464052 0.3984375 0.017973856209150325 0.012561274509803922
0 0.6544117647058824 0.47441789215686275 0.02042483660130719 0.015625
0 0.34211601307189543 0.47794117647058826 0.015931372549019607 0.00980392156862745
1 0.30494281045751637 0.19378063725490197 0.027369281045751634 0.020526960784313725
1 0.3590686274509804 0.39598651960784315 0.018790849673202614 0.013174019607843137
0 0.8129084967320261 0.4856004901960784 0.028594771241830064 0.01838235294117647
0 0.36560457516339867 0.5370710784313726 0.0196078431372549 0.014093137254901961
0 0.10355392156862746 0.47120098039215685 0.020833333333333332 0.012867647058823529
1 0.18525326797385622 0.4172794117647059 0.024918300653594773 0.016544117647058824
0 0.18872549019607843 0.4759497549019608 0.016339869281045753 0.01011029411764706
1 0.7056781045751634 0.4180453431372549 0.026552287581699346 0.019301470588235295
1 0.4577205882352941 0.3642769607843137 0.020016339869281044 0.014705882352941176
0 0.6568627450980392 0.5897671568627451 0.028594771241830064 0.017769607843137254
0 0.42340686274509803 0.5263480392156863 0.017565359477124183 0.012254901960784314
1 0.21875 0.03308823529411765 0.020833333333333332 0.015318627450980392
1 0.33700980392156865 0.40870098039215685 0.02042483660130719 0.014093137254901961
1 0.17422385620915032 0.18673406862745098 0.020016339869281044 0.013786764705882353
0 0.3874591503267974 0.5044424019607843 0.024101307189542485 0.016237745098039217
1 0.6919934640522876 0.4568014705882353 0.02369281045751634 0.018995098039215685
1 0.4019607843137255 0.14736519607843138 0.026143790849673203 0.01838235294117647
1 0.3854166666666667 0.3478860294117647 0.020833333333333332 0.015012254901960785
0 0.7834967320261438 0.47702205882352944 0.03431372549019608 0.02022058823529412
0 0.07107843137254902 0.6387867647058824 0.02042483660130719 0.015318627450980392
0 0.6464460784313726 0.5098039215686274 0.02246732026143791 0.016544117647058824
1 0.4644607843137255 0.41881127450980393 0.017973856209150325 0.012867647058823529
0 0.49244281045751637 0.5193014705882353 0.01838235294117647 0.012867647058823529
1 0.1329656862745098 0.11933210784313726 0.023284313725490197 0.017463235294117647
0 0.4354575163398693 0.5830269607843137 0.018790849673202614 0.012867647058823529
1 0.6460375816993464 0.02420343137254902 0.028186274509803922 0.022058823529411766
0 0.5285947712418301 0.5537683823529411 0.0196078431372549 0.013174019607843137
1 0.4569035947712418 0.40058210784313725 0.020833333333333332 0.014399509803921568
1 0.15155228758169934 0.010876225490196078 0.029411764705882353 0.021752450980392156
0 0.32945261437908496 0.5430453431372549 0.023284313725490197 0.017463235294117647
1 0.4140114379084967 0.4172794117647059 0.01838235294117647 0.012867647058823529
1 0.40584150326797386 0.12928921568627452 0.024918300653594773 0.018995098039215685
0 0.4035947712418301 0.5600490196078431 0.018790849673202614 0.013480392156862746
1 0.5328839869281046 0.42233455882352944 0.020833333333333332 0.015012254901960785
1 0.3776552287581699 0.011488970588235295 0.024101307189542485 0.015625
1 0.3188316993464052 0.09451593137254902 0.026552287581699346 0.01991421568627451
1 0.3764297385620915 0.14705882352941177 0.02900326797385621 0.02267156862745098
0 0.2920751633986928 0.48606004901960786 0.01715686274509804 0.011948529411764705
0 0.4646650326797386 0.5854779411764706 0.020016339869281044 0.014093137254901961
1 0.3145424836601307 0.23697916666666666 0.025326797385620915 0.018688725490196078
1 0.5126633986928104 0.020526960784313725 0.027777777777777776 0.020833333333333332
1 0.0494281045751634 0.03002450980392157 0.025326797385620915 0.017769607843137254
0 0.7606209150326797 0.5528492647058824 0.03839869281045752 0.02542892156862745
0 0.15053104575163398 0.5690870098039216 0.02165032679738562 0.016237745098039217
1 0.23508986928104575 0.21246936274509803 0.023284313725490197 0.01685049019607843
0 0.37254901960784315 0.4950980392156863 0.02287581699346405 0.017769607843137254
1 0.4818218954248366 0.2533700980392157 0.025735294117647058 0.01838235294117647
1 0.2099673202614379 0.2789522058823529 0.022058823529411766 0.01685049019607843
1 0.9272875816993464 0.5029105392156863 0.04656862745098039 0.030330882352941176
1 0.015522875816993464 0.052542892156862746 0.028594771241830064 0.020526960784313725
1 0.2261029411764706 0.2846200980392157 0.024101307189542485 0.017769607843137254
0 0.3396650326797386 0.5206801470588235 0.028186274509803922 0.018075980392156864
1 0.5330882352941176 0.08777573529411764 0.028594771241830064 0.020526960784313725
1 0.47610294117647056 0.3434436274509804 0.020833333333333332 0.015931372549019607
0 0.5220588235294118 0.5876225490196079 0.022058823529411766 0.014705882352941176
1 0.12990196078431374 0.015318627450980392 0.03022875816993464 0.024509803921568627
0 0.8186274509803921 0.5393688725490197 0.04084967320261438 0.02665441176470588
1 0.43647875816993464 0.20588235294117646 0.025735294117647058 0.01838235294117647
1 0.1781045751633987 0.30254289215686275 0.02369281045751634 0.017463235294117647
1 0.20526960784313725 0.12009803921568628 0.0298202614379085 0.02144607843137255
1 0.7620506535947712 0.41299019607843135 0.03799019607843137 0.029411764705882353
0 0.11540032679738563 0.53125 0.02900326797385621 0.0196078431372549
1 0.5531045751633987 0.029105392156862746 0.025326797385620915 0.018995098039215685
1 0.4477124183006536 0.10998774509803921 0.025326797385620915 0.0196078431372549
1 0.9499591503267973 0.3321078431372549 0.04125816993464052 0.028186274509803922
1 0.9616013071895425 0.045649509803921566 0.05555555555555555 0.03615196078431373
0 0.7369281045751634 0.5689338235294118 0.0392156862745098 0.025735294117647058
1 0.4456699346405229 0.3893995098039216 0.02287581699346405 0.016544117647058824
1 0.5978349673202614 0.10661764705882353 0.028186274509803922 0.02144607843137255
0 0.9250408496732027 0.5303308823529411 0.04044117647058824 0.026348039215686275
0 0.8962418300653595 0.5762867647058824 0.04820261437908497 0.030637254901960783
1 0.315359477124183 0.20818014705882354 0.03022875816993464 0.021139705882352942
1 0.33631331699346406 0.3630514705882353 0.013312908496732027 0.010416666666666666
0 0.2879758986928105 0.4644607843137255 0.013043300653594771 0.006740196078431373
1 0.7178410947712419 0.5225689338235294 0.017381535947712416 0.012662377450980391
1 0.50875 0.23325827205882355 0.0305718954248366 0.018599877450980393
1 0.3882761437908497 0.054666053921568626 0.023284313725490197 0.01619485294117647
0 0.32528594771241826 0.4493612132352941 0.0125 0.006565563725490196
0 0.20855800653594772 0.49980238970588237 0.015155228758169935 0.009408700980392157
0 0.3150755718954248 0.4385278799019608 0.008419117647058823 0.006344975490196078