0 0.6993464052287581 0.39169730392156865 0.012254901960784314 0.008884803921568627
0 0.7238562091503268 0.39859068627450983 0.024509803921568627 0.015931372549019607
0 0.46895424836601307 0.41559436274509803 0.024509803921568627 0.014399509803921568
0 0.48570261437908496 0.4456188725490196 0.0392156862745098 0.02849264705882353
0 0.7673611111111112 0.45526960784313725 0.05106209150326797 0.028799019607843136
0 0.7906454248366013 0.5191482843137255 0.030637254901960783 0.030943627450980393
0 0.13827614379084968 0.5251225490196079 0.027369281045751634 0.02696078431372549
0 0.41544117647058826 0.5352328431372549 0.024509803921568627 0.015931372549019607
0 0.12173202614379085 0.5370710784313726 0.03349673202614379 0.025735294117647058
0 0.7977941176470589 0.5458026960784313 0.06290849673202614 0.03768382352941176
0 0.664828431372549 0.5474877450980392 0.07312091503267974 0.04718137254901961
0 0.30861928104575165 0.5908394607843137 0.03227124183006536 0.022365196078431373
1 0.06883169934640523 0.0664828431372549 0.08946078431372549 0.0545343137254902
0 0.9522058823529411 0.7172181372549019 0.09558823529411764 0.08026960784313726
1 0.957312091503268 0.16053921568627452 0.0559640522875817 0.041666666666666664
1 0.9295343137254902 0.2668504901960784 0.07148692810457516 0.05821078431372549
0 0.2638684640522876 0.5206035539215687 0.028553921568627454 0.01608455882352941