1 0.5126633986928104 0.44424019607843135 0.02369281045751634 0.017769607843137254
1 0.3737745098039216 0.5387561274509803 0.029411764705882353 0.016237745098039217
0 0.6752450980392157 0.7173713235294118 0.018790849673202614 0.011948529411764705
1 0.3576388888888889 0.44056372549019607 0.025735294117647058 0.018995098039215685
0 0.6237745098039216 0.5926776960784313 0.0196078431372549 0.012561274509803922
1 0.377859477124183 0.3903186274509804 0.027777777777777776 0.02022058823529412
0 0.6752450980392157 0.594515931372549 0.01715686274509804 0.012561274509803922
1 0.27762459150326796 0.3557950367647059 0.023386437908496732 0.016737132352941178
1 0.3729575163398693 0.47610294117647056 0.02287581699346405 0.018995098039215685
1 0.3098447712418301 0.40119485294117646 0.0363562091503268 0.024816176470588234
1 0.3255718954248366 0.42233455882352944 0.03104575163398693 0.021139705882352942
0 0.1607434640522876 0.647671568627451 0.01838235294117647 0.012867647058823529
1 0.025124591503267974 0.17578125 0.029824346405228762 0.02190563725490196
0 0.10355392156862746 0.6533394607843137 0.016748366013071895 0.010723039215686275
1 0.07230392156862746 0.17401960784313725 0.03022875816993464 0.023284313725490197
0 0.06433823529411764 0.6343443627450981 0.020016339869281044 0.012561274509803922
1 0.38207516339869285 0.5159865196078431 0.027222222222222224 0.01971813725490196
0 0.7432598039215687 0.9829963235294118 0.0494281045751634 0.03400735294117647
0 0.5187908496732027 0.5935968137254902 0.017973856209150325 0.013174019607843137
1 0.28513071895424835 0.2846200980392157 0.032679738562091505 0.025122549019607844
0 0.15747549019607843 0.8170955882352942 0.03308823529411765 0.025122549019607844
1 0.28737745098039214 0.6519607843137255 0.028186274509803922 0.02267156862745098
1 0.3292483660130719 0.4597120098039216 0.035130718954248366 0.026041666666666668
1 0.04513888888888889 0.571078431372549 0.044526143790849675 0.03370098039215686
0 0.18055555555555555 0.7559742647058824 0.032679738562091505 0.021752450980392156
0 0.38357843137254904 0.7280943627450981 0.027777777777777776 0.021752450980392156
0 0.6464460784313726 0.655484068627451 0.026552287581699346 0.016237745098039217
1 0.4284477124183006 0.464906556372549 0.017026143790849674 0.012533700980392156
1 0.4332945261437908 0.46705116421568627 0.015281862745098037 0.012533700980392156
1 0.013707107843137254 0.181890318627451 0.027414215686274508 0.02125612745098039