1 0.49959150326797386 0.34420955882352944 0.04738562091503268 0.02849264705882353
1 0.2079248366013072 0.4537377450980392 0.0457516339869281 0.03308823529411765
1 0.30269607843137253 0.5836397058823529 0.035130718954248366 0.023284313725490197
1 0.38786764705882354 0.6001838235294118 0.042075163398692814 0.03431372549019608
0 0.7401960784313726 0.6231617647058824 0.013071895424836602 0.011029411764705883
0 0.5183823529411765 0.6416973039215687 0.025326797385620915 0.013174019607843137
0 0.9587418300653595 0.6534926470588235 0.02369281045751634 0.01838235294117647
0 0.860702614379085 0.6700367647058824 0.029411764705882353 0.012254901960784314
0 0.8086192810457516 0.6727941176470589 0.028186274509803922 0.014093137254901961
0 0.6578839869281046 0.6934742647058824 0.01838235294117647 0.016237745098039217
0 0.8600898692810458 0.7498468137254902 0.028186274509803922 0.01991421568627451
0 0.7352941176470589 0.7538296568627451 0.027777777777777776 0.022365196078431373
0 0.7534722222222222 0.7621017156862745 0.025735294117647058 0.022365196078431373