1 0.2602124183006536 0.2786458333333333 0.032679738562091505 0.021752450980392156
1 0.4583660130718954 0.4879488357843137 0.03356209150326797 0.023691789215686276
1 0.14440359477124182 0.6262254901960784 0.025735294117647058 0.01715686274509804
0 0.4701797385620915 0.7752757352941176 0.025326797385620915 0.018075980392156864
1 0.32945261437908496 0.21292892156862744 0.03227124183006536 0.02144607843137255
1 0.9356617647058824 0.41681985294117646 0.037173202614379085 0.02420343137254902
1 0.7453022875816994 0.45787377450980393 0.03308823529411765 0.02665441176470588
0 0.639297385620915 0.6608455882352942 0.024509803921568627 0.017769607843137254
1 0.16315767973856207 0.3313158700980392 0.043635620915032675 0.025989583333333333
1 0.08745098039215686 0.3097686887254902 0.03437908496732026 0.02517463235294118
1 0.7761437908496732 0.4710477941176471 0.032679738562091505 0.02297794117647059
0 0.8617238562091504 0.6901041666666666 0.026552287581699346 0.015012254901960785
0 0.5859885620915033 0.6628370098039216 0.03227124183006536 0.02297794117647059
1 0.8498754084967319 0.3408394607843137 0.056776960784313726 0.04136029411764706
0 0.6926062091503268 0.6623774509803921 0.020016339869281044 0.012254901960784314
0 0.6889297385620915 0.6890318627450981 0.02165032679738562 0.013480392156862746
0 0.3492647058823529 0.7126225490196079 0.021241830065359478 0.013480392156862746
1 0.4937683823529411 0.4862637867647059 0.04309232026143791 0.03135110294117647
1 0.2375408496732026 0.5214460784313726 0.03145424836601307 0.02389705882352941
1 0.6460375816993464 0.6127450980392157 0.03880718954248366 0.026348039215686275
1 0.9758986928104575 0.47870710784313725 0.04656862745098039 0.03768382352941176
1 0.02287581699346405 0.4114583333333333 0.03022875816993464 0.02267156862745098
0 0.7853349673202614 0.8504901960784313 0.03799019607843137 0.023284313725490197
0 0.36519607843137253 0.6689644607843137 0.015522875816993464 0.01011029411764706
1 0.5886437908496732 0.516390931372549 0.04411764705882353 0.027879901960784315
0 0.7015931372549019 0.6495098039215687 0.024918300653594773 0.015318627450980392
1 0.934640522875817 0.5427389705882353 0.035130718954248366 0.023590686274509803
1 0.673202614379085 0.5582107843137255 0.02696078431372549 0.018995098039215685
1 0.9340277777777778 0.47120098039215685 0.044526143790849675 0.03002450980392157
1 0.3584558823529412 0.6329656862745098 0.024918300653594773 0.01838235294117647
1 0.3560049019607843 0.4571078431372549 0.024918300653594773 0.018995098039215685
1 0.0298202614379085 0.4681372549019608 0.03758169934640523 0.025122549019607844
1 0.03594771241830065 0.44837622549019607 0.03022875816993464 0.01991421568627451
1 0.3700980392156863 0.4489889705882353 0.02696078431372549 0.01991421568627451
1 0.03819444444444445 0.702359068627451 0.030637254901960783 0.021139705882352942
1 0.5330882352941176 0.6187193627450981 0.02696078431372549 0.020526960784313725
1 0.7879901960784313 0.6285232843137255 0.03349673202614379 0.02420343137254902
1 0.3799019607843137 0.3527879901960784 0.03104575163398693 0.020526960784313725
1 0.33231209150326796 0.4886642156862745 0.03145424836601307 0.023284313725490197
0 0.6603349673202614 0.7204350490196079 0.025735294117647058 0.01685049019607843
1 0.02900326797385621 0.7375919117647058 0.027777777777777776 0.01991421568627451
1 0.11397058823529412 0.5061274509803921 0.029411764705882353 0.02022058823529412
1 0.05004084967320262 0.7153799019607843 0.02900326797385621 0.02022058823529412
1 0.5475898692810458 0.6862745098039216 0.0298202614379085 0.023284313725490197
1 0.26858660130718953 0.3232230392156863 0.03145424836601307 0.02267156862745098
1 0.1576797385620915 0.49693627450980393 0.03104575163398693 0.02144607843137255
0 0.7118055555555556 0.6760110294117647 0.024101307189542485 0.015012254901960785
1 0.18770424836601307 0.4221813725490196 0.03390522875816993 0.022058823529411766
0 0.9840686274509803 0.9007352941176471 0.031862745098039214 0.037377450980392156
1 0.0639297385620915 0.4221813725490196 0.039624183006535946 0.02696078431372549
1 0.9078839869281046 0.5749080882352942 0.0494281045751634 0.03462009803921569
0 0.2520424836601307 0.828890931372549 0.025326797385620915 0.021139705882352942
1 0.10825163398692811 0.7075674019607843 0.031862745098039214 0.02297794117647059
1 0.20833333333333334 0.5209865196078431 0.03431372549019608 0.02542892156862745
1 0.22549019607843138 0.4644607843137255 0.03104575163398693 0.022058823529411766
1 0.04595588235294118 0.5041360294117647 0.03227124183006536 0.020526960784313725
1 0.41094771241830064 0.4440870098039216 0.02696078431372549 0.019301470588235295
1 0.15216503267973855 0.6516544117647058 0.03390522875816993 0.024509803921568627
1 0.7144607843137255 0.49356617647058826 0.05065359477124183 0.037377450980392156
0 0.9691584967320261 0.9733455882352942 0.061683006535947715 0.0508578431372549
0 0.4366830065359477 0.7797181372549019 0.03676470588235294 0.023284313725490197
1 0.09252450980392157 0.40579044117647056 0.04044117647058824 0.02665441176470588
0 0.4105392156862745 0.7434129901960784 0.03839869281045752 0.026041666666666668
0 0.21956699346405228 0.8930759803921569 0.0494281045751634 0.03860294117647059
1 0.27532679738562094 0.5275735294117647 0.03349673202614379 0.025122549019607844
0 0.7504084967320261 0.9303002450980392 0.05800653594771242 0.0389093137254902
1 0.2916666666666667 0.43903186274509803 0.03431372549019608 0.024509803921568627
1 0.06740196078431372 0.44806985294117646 0.0392156862745098 0.027879901960784315
1 0.2542892156862745 0.4563419117647059 0.03227124183006536 0.022365196078431373
0 0.8300653594771242 0.8636642156862745 0.05310457516339869 0.037377450980392156
1 0.18647875816993464 0.36565563725490197 0.037173202614379085 0.024816176470588234
1 0.10355392156862746 0.3325674019607843 0.04125816993464052 0.02971813725490196
1 0.0479983660130719 0.5657169117647058 0.03308823529411765 0.02297794117647059
1 0.3115502450980392 0.327921262254902 0.03568218954248366 0.023489583333333335
0 0.6773059640522876 0.6676623774509803 0.019644607843137256 0.013020833333333334
1 0.27103962418300653 0.6140364583333333 0.01920343137254902 0.014224877450980392