1 0.733251633986928 0.6660539215686274 0.021241830065359478 0.015931372549019607
0 0.8946078431372549 0.7259497549019608 0.013071895424836602 0.008884803921568627
0 0.40665849673202614 0.7164522058823529 0.012663398692810458 0.008272058823529412
1 0.6503022875816994 0.6257276348039216 0.013839869281045752 0.010646446078431373
0 0.7665441176470589 0.7383578431372549 0.015931372549019607 0.00980392156862745
1 0.16809640522875818 0.5816482843137255 0.023284313725490197 0.016237745098039217
1 0.5991625816993464 0.6135110294117647 0.012050653594771242 0.01011029411764706
1 0.9097222222222222 0.5281862745098039 0.02696078431372549 0.01715686274509804
0 0.42544934640522875 0.7241115196078431 0.013480392156862746 0.008272058823529412
1 0.8776552287581699 0.6651348039215687 0.01838235294117647 0.011029411764705883
1 0.7046058006535948 0.7195542279411765 0.023590686274509803 0.01753982843137255
1 0.7122406045751635 0.6717984068627451 0.014350490196078432 0.009650735294117647
0 0.8012663398692811 0.7333026960784313 0.014297385620915032 0.008884803921568627
1 0.5394199346405228 0.6199448529411765 0.024918300653594773 0.014399509803921568
1 0.8545751633986928 0.6392463235294118 0.017973856209150325 0.013786764705882353
1 0.6006944444444444 0.34329044117647056 0.020833333333333332 0.013786764705882353
1 0.017361111111111112 0.640625 0.027369281045751634 0.018995098039215685
0 0.16176470588235295 0.6934742647058824 0.022058823529411766 0.013786764705882353
0 0.30330882352941174 0.7227328431372549 0.01511437908496732 0.010416666666666666
0 0.8601919934640523 0.7010569852941176 0.013684640522875817 0.008731617647058824
1 0.7192606209150327 0.5807674632352942 0.014501633986928105 0.010186887254901961
0 0.9595588235294118 0.7098651960784313 0.015522875816993464 0.00980392156862745
1 0.5404411764705882 0.3648897058823529 0.018790849673202614 0.013480392156862746
0 0.9197303921568627 0.7504595588235294 0.014297385620915032 0.009497549019607842
1 0.3737745098039216 0.4181985294117647 0.021241830065359478 0.014705882352941176
0 0.9088296568627451 0.6912714460784314 0.012920751633986928 0.007542892156862746
1 0.6088643790849673 0.41099877450980393 0.020016339869281044 0.014399509803921568
0 0.2757352941176471 0.7123161764705882 0.02042483660130719 0.012254901960784314
1 0.5147058823529411 0.5387561274509803 0.01715686274509804 0.011948529411764705
0 0.5412581699346405 0.6914828431372549 0.014705882352941176 0.009191176470588236
1 0.6842320261437909 0.7185968137254902 0.0196078431372549 0.015625
1 0.9895833333333334 0.508578431372549 0.01919934640522876 0.016544117647058824
1 0.39072712418300654 0.32858455882352944 0.01919934640522876 0.013174019607843137
1 0.7179330065359477 0.5055147058823529 0.016748366013071895 0.011642156862745098
0 0.8739787581699346 0.6893382352941176 0.014297385620915032 0.00980392156862745
1 0.43647875816993464 0.31096813725490197 0.020833333333333332 0.015318627450980392
1 0.610702614379085 0.38128063725490197 0.0196078431372549 0.015012254901960785
1 0.4977532679738562 0.3492647058823529 0.01838235294117647 0.012867647058823529
1 0.772671568627451 0.3802083333333333 0.025735294117647058 0.014705882352941176
1 0.6279105392156863 0.6192356004901961 0.013991013071895425 0.009917279411764705
1 0.6842320261437909 0.3639705882352941 0.021241830065359478 0.015931372549019607
1 0.9456699346405228 0.5871629901960784 0.02287581699346405 0.013786764705882353
1 0.21977124183006536 0.32674632352941174 0.02696078431372549 0.019301470588235295
1 0.39889705882352944 0.31556372549019607 0.020016339869281044 0.013480392156862746
0 0.5745506535947712 0.7535232843137255 0.01511437908496732 0.01011029411764706
1 0.8390522875816994 0.39950980392156865 0.0196078431372549 0.014093137254901961
1 0.7046568627450981 0.6443014705882353 0.018790849673202614 0.013480392156862746
0 0.8866176470588235 0.6933394607843137 0.01343137254901961 0.009227941176470588
0 0.7093545751633987 0.7464767156862745 0.017565359477124183 0.011948529411764705
1 0.1031454248366013 0.6392463235294118 0.02900326797385621 0.019301470588235295
0 0.7295751633986928 0.7228860294117647 0.016339869281045753 0.01133578431372549
1 0.4660947712418301 0.3635110294117647 0.02369281045751634 0.018075980392156864
0 0.7986111111111112 0.7418811274509803 0.015522875816993464 0.010723039215686275
0 0.1294934640522876 0.6988357843137255 0.018790849673202614 0.015931372549019607
1 0.5831290849673203 0.34574142156862747 0.023284313725490197 0.017463235294117647
1 0.7290645424836601 0.39763327205882354 0.02022058823529412 0.016467524509803922
0 0.5102124183006536 0.8653492647058824 0.0196078431372549 0.013786764705882353
0 0.827001633986928 0.7250306372549019 0.01511437908496732 0.010723039215686275
1 0.9162581699346405 0.5955882352941176 0.0196078431372549 0.013480392156862746
0 0.14930555555555555 0.8529411764705882 0.034722222222222224 0.02144607843137255
0 0.8713235294117647 0.8423713235294118 0.022058823529411766 0.015625
0 0.23427287581699346 0.758578431372549 0.01838235294117647 0.011642156862745098
1 0.6621732026143791 0.3727022058823529 0.022058823529411766 0.016237745098039217
1 0.6558415032679739 0.43673406862745096 0.024101307189542485 0.019301470588235295
1 0.7060866013071896 0.5658700980392157 0.024101307189542485 0.01715686274509804
0 0.9409722222222222 0.7052696078431373 0.014297385620915032 0.009191176470588236
0 0.7714460784313726 0.7423207720588235 0.01919934640522876 0.011602328431372549
1 0.6576797385620915 0.36090686274509803 0.022058823529411766 0.015318627450980392
1 0.4646650326797386 0.33808210784313725 0.025735294117647058 0.018688725490196078
0 0.704248366013072 0.7670036764705882 0.021241830065359478 0.015012254901960785
0 0.514501633986928 0.8581495098039216 0.02165032679738562 0.015931372549019607
0 0.42626633986928103 0.8938419117647058 0.020833333333333332 0.015625
1 0.9446486928104575 0.5704656862745098 0.024101307189542485 0.015318627450980392
1 0.4636437908496732 0.31204044117647056 0.02369281045751634 0.018075980392156864
1 0.4103349673202614 0.3544730392156863 0.024918300653594773 0.015931372549019607
0 0.4528186274509804 0.8137254901960784 0.015931372549019607 0.012867647058823529
1 0.49203431372549017 0.4443933823529412 0.02165032679738562 0.013786764705882353
1 0.610498366013072 0.596890318627451 0.015931372549019607 0.011795343137254902
1 0.38500816993464054 0.43642769607843135 0.02246732026143791 0.016237745098039217
0 0.5149101307189542 0.8299632352941176 0.016748366013071895 0.013480392156862746
1 0.28982843137254904 0.6063112745098039 0.024918300653594773 0.01838235294117647
0 0.4562908496732026 0.7660845588235294 0.0196078431372549 0.012561274509803922
1 0.8741830065359477 0.6145833333333334 0.02287581699346405 0.015318627450980392
0 0.3925653594771242 0.9578737745098039 0.02287581699346405 0.017463235294117647
0 0.9283088235294118 0.7967218137254902 0.01919934640522876 0.015625
0 0.4840686274509804 0.8475796568627451 0.024509803921568627 0.016237745098039217
1 0.29820261437908496 0.6299019607843137 0.027777777777777776 0.0196078431372549
1 0.9577205882352942 0.6112132352941176 0.02246732026143791 0.015318627450980392
1 0.8999183006535948 0.5473345588235294 0.024509803921568627 0.01685049019607843
0 0.8999183006535948 0.7944240196078431 0.0196078431372549 0.014093137254901961
0 0.8760212418300654 0.7391237745098039 0.017565359477124183 0.011948529411764705
0 0.9046160130718954 0.7089460784313726 0.015931372549019607 0.011029411764705883
1 0.8200571895424836 0.5556066176470589 0.024918300653594773 0.015012254901960785
0 0.9301470588235294 0.6997549019607843 0.015522875816993464 0.00980392156862745
0 0.8127042483660131 0.7953431372549019 0.020016339869281044 0.013480392156862746
0 0.880718954248366 0.828890931372549 0.024509803921568627 0.017463235294117647
1 0.38643790849673204 0.3411458333333333 0.022058823529411766 0.016237745098039217
0 0.34395424836601307 0.7265625 0.02042483660130719 0.012561274509803922
1 0.24080882352941177 0.5914522058823529 0.0298202614379085 0.01991421568627451
1 0.4818218954248366 0.4053308823529412 0.024101307189542485 0.01715686274509804
1 0.6621732026143791 0.6228753063725491 0.02369281045751634 0.016583946078431375
0 0.25857843137254904 0.8189338235294118 0.027777777777777776 0.0196078431372549
1 0.3619281045751634 0.6216299019607843 0.022058823529411766 0.015931372549019607
1 0.49060457516339867 0.4928002450980392 0.026143790849673203 0.017463235294117647
1 0.9291258169934641 0.47702205882352944 0.02246732026143791 0.015318627450980392
0 0.7422385620915033 0.8235294117647058 0.017973856209150325 0.014705882352941176
1 0.5010212418300654 0.4557291666666667 0.02165032679738562 0.015625
1 0.9325980392156863 0.4944852941176471 0.02287581699346405 0.015318627450980392
1 0.40604575163398693 0.6182598039215687 0.027777777777777776 0.02022058823529412
1 0.2824754901960784 0.515625 0.03390522875816993 0.02144607843137255
1 0.9150326797385621 0.43918504901960786 0.02369281045751634 0.015012254901960785
0 0.8478349673202614 0.866421568627451 0.023284313725490197 0.01715686274509804
1 0.46282679738562094 0.4028799019607843 0.02042483660130719 0.01715686274509804
1 0.47610294117647056 0.38924632352941174 0.026552287581699346 0.019301470588235295
0 0.39052287581699346 0.9002757352941176 0.02369281045751634 0.018075980392156864
0 0.710171568627451 0.8826593137254902 0.023284313725490197 0.0196078431372549
1 0.8361928104575164 0.6118259803921569 0.026143790849673203 0.01838235294117647
1 0.7420343137254902 0.6583946078431373 0.026552287581699346 0.02022058823529412
1 0.6830065359477124 0.47120098039215685 0.027777777777777776 0.02022058823529412
1 0.6437908496732027 0.3449754901960784 0.021241830065359478 0.015931372549019607
0 0.8302696078431373 0.8772977941176471 0.024918300653594773 0.017463235294117647
1 0.5696486928104575 0.5517769607843137 0.025735294117647058 0.01715686274509804
1 0.31985294117647056 0.6845894607843137 0.027777777777777776 0.020526960784313725
1 0.6756535947712419 0.6416973039215687 0.022058823529411766 0.01685049019607843
1 0.4074754901960784 0.3428308823529412 0.02246732026143791 0.015931372549019607
1 0.7910539215686274 0.6171875 0.020833333333333332 0.015012254901960785
1 0.8212826797385621 0.5110294117647058 0.024101307189542485 0.015931372549019607
1 0.6570669934640523 0.47120098039215685 0.026552287581699346 0.01838235294117647
0 0.528390522875817 0.8730085784313726 0.02246732026143791 0.016237745098039217
1 0.7765522875816994 0.6009497549019608 0.02287581699346405 0.018075980392156864
1 0.7083333333333334 0.5214460784313726 0.02287581699346405 0.015931372549019607
0 0.7988153594771242 0.8889399509803921 0.024918300653594773 0.018688725490196078
1 0.6525735294117647 0.5536151960784313 0.024101307189542485 0.01838235294117647
1 0.809640522875817 0.5779718137254902 0.022058823529411766 0.01685049019607843
1 0.3880718954248366 0.6021752450980392 0.029411764705882353 0.021139705882352942
1 0.630718954248366 0.3561580882352941 0.021241830065359478 0.016237745098039217
1 0.5549428104575164 0.6651348039215687 0.024918300653594773 0.01715686274509804
1 0.4832516339869281 0.5180759803921569 0.026143790849673203 0.01715686274509804
1 0.36437908496732024 0.5462622549019608 0.031862745098039214 0.02022058823529412
0 0.3037173202614379 0.8990502450980392 0.026552287581699346 0.021139705882352942
1 0.7064950980392157 0.4492953431372549 0.026552287581699346 0.018688725490196078
0 0.30621936274509803 0.8644500612745099 0.02502042483660131 0.018115808823529412
1 0.29391339869281047 0.5657169117647058 0.03145424836601307 0.021752450980392156
1 0.21384803921568626 0.5176164215686274 0.030637254901960783 0.021139705882352942
1 0.6950571895424836 0.5341605392156863 0.024101307189542485 0.017463235294117647
0 0.7310049019607843 0.8872549019607843 0.024101307189542485 0.0196078431372549
1 0.6215277777777778 0.4299938725490196 0.023284313725490197 0.017463235294117647
1 0.7113970588235294 0.3944546568627451 0.026552287581699346 0.019301470588235295
1 0.4505718954248366 0.2977941176470588 0.024509803921568627 0.01715686274509804
1 0.7638888888888888 0.6640625 0.026143790849673203 0.019301470588235295
1 0.10355392156862746 0.4684436274509804 0.030637254901960783 0.02144607843137255
1 0.2448937908496732 0.31265318627450983 0.03227124183006536 0.022365196078431373
1 0.7934313725490196 0.6271629901960785 0.011699346405228758 0.008615196078431373
1 0.8057312091503268 0.6371017156862745 0.01178921568627451 0.007659313725490196
0 0.7673386437908496 0.6911963848039215 0.014252450980392158 0.008618259803921568
0 0.8988316993464053 0.6929764093137255 0.010898692810457517 0.0072763480392156864
0 0.5000959967320261 0.6933409926470588 0.009995915032679738 0.00555453431372549
0 0.3053186274509804 0.8548560049019608 0.022401960784313727 0.013020833333333334
1 0.40974468954248366 0.3502405024509804 0.020469771241830064 0.01359375