1 0.42626633986928103 0.3952205882352941 0.024918300653594773 0.01715686274509804
1 0.45302287581699346 0.4059436274509804 0.03349673202614379 0.02022058823529412
1 0.5375816993464052 0.41299019607843135 0.025326797385620915 0.0196078431372549
1 0.8598856209150327 0.46890318627450983 0.025326797385620915 0.014399509803921568
1 0.6815767973856209 0.49846813725490197 0.03308823529411765 0.017769607843137254
1 0.8639705882352942 0.5274203431372549 0.03839869281045752 0.018688725490196078
1 0.951797385620915 0.5450367647058824 0.013888888888888888 0.011029411764705883
1 0.3047385620915033 0.5824142156862745 0.035130718954248366 0.020833333333333332
1 0.4054330065359477 0.5827205882352942 0.024918300653594773 0.020833333333333332
1 0.47814542483660133 0.6605392156862745 0.03145424836601307 0.024509803921568627
1 0.7320261437908496 0.6734068627450981 0.028594771241830064 0.027573529411764705
1 0.5249183006535948 0.6825980392156863 0.026143790849673203 0.0196078431372549
0 0.24877450980392157 0.7094056372549019 0.028594771241830064 0.017463235294117647
0 0.7314133986928104 0.7233455882352942 0.01838235294117647 0.016544117647058824
1 0.5888480392156863 0.7352941176470589 0.01838235294117647 0.01838235294117647
0 0.6966911764705882 0.7377450980392157 0.013480392156862746 0.011642156862745098
0 0.15257352941176472 0.7408088235294118 0.025735294117647058 0.02022058823529412
0 0.9401552287581699 0.7486213235294118 0.01919934640522876 0.016237745098039217
0 0.9822303921568627 0.7558210784313726 0.023284313725490197 0.01715686274509804
0 0.49407679738562094 0.7682291666666666 0.039624183006535946 0.024816176470588234
0 0.8082107843137255 0.7837009803921569 0.016748366013071895 0.012254901960784314
0 0.6905637254901961 0.7910539215686274 0.015931372549019607 0.015318627450980392
0 0.8253676470588235 0.7974877450980392 0.01838235294117647 0.016544117647058824
0 0.8666258169934641 0.803921568627451 0.02246732026143791 0.018995098039215685
0 0.20690359477124182 0.8765318627450981 0.05106209150326797 0.03370098039215686
0 0.4334150326797386 0.9041053921568627 0.021241830065359478 0.015931372549019607
0 0.46139705882352944 0.9085477941176471 0.01919934640522876 0.01133578431372549
0 0.5959967320261438 0.9273897058823529 0.029411764705882353 0.024509803921568627
0 0.13500816993464052 0.9404105392156863 0.04616013071895425 0.03462009803921569
0 0.622140522875817 0.9600183823529411 0.03022875816993464 0.019301470588235295
0 0.9538398692810458 0.9704350490196079 0.03022875816993464 0.026041666666666668
0 0.6429738562091504 0.9761029411764706 0.03104575163398693 0.027573529411764705
0 0.30106209150326796 0.983609068627451 0.056372549019607844 0.03278186274509804