0 0.9591503267973857 0.7432598039215687 0.022058823529411766 0.016544117647058824
0 0.15239787581699346 0.6660753676470589 0.01639705882352941 0.011072303921568627
1 0.00959967320261438 0.453125 0.015931372549019607 0.013480392156862746
0 0.9348447712418301 0.6557904411764706 0.02900326797385621 0.018688725490196078
0 0.7308006535947712 0.7536764705882353 0.024509803921568627 0.016544117647058824
1 0.046131535947712424 0.46174785539215685 0.015465686274509803 0.011731004901960784
1 0.012050653594771242 0.7230392156862745 0.024101307189542485 0.025122549019607844
0 0.11580882352941177 0.6469056372549019 0.01838235294117647 0.013174019607843137
0 0.1184640522875817 0.6694240196078431 0.026143790849673203 0.015931372549019607
0 0.9579248366013072 0.6588541666666666 0.027777777777777776 0.01991421568627451
1 0.10089869281045752 0.3483455882352941 0.026143790849673203 0.01838235294117647
0 0.6188725490196079 0.7627144607843137 0.025326797385620915 0.01991421568627451
0 0.3631535947712418 0.828125 0.028594771241830064 0.022058823529411766
1 0.0247140522875817 0.47579656862745096 0.030637254901960783 0.022058823529411766
1 0.052477532679738564 0.4613311887254902 0.013451797385620915 0.010284926470588235