0 0.29064542483660133 0.7268688725490197 0.015931372549019607 0.009497549019607842
1 0.3697242647058824 0.457234987745098 0.021311274509803923 0.01373468137254902
0 0.9754901960784313 0.9342830882352942 0.03022875816993464 0.022365196078431373
0 0.5751633986928104 0.7201286764705882 0.021241830065359478 0.013174019607843137
1 0.3663888888888889 0.3836044730392157 0.026078431372549022 0.01782169117647059
1 0.2540849673202614 0.6965379901960784 0.02696078431372549 0.019301470588235295
1 0.6938316993464052 0.5249693627450981 0.024918300653594773 0.018075980392156864
1 0.17817401960784315 0.4370909926470588 0.021380718954248368 0.013887867647058823
0 0.6854575163398693 0.7691482843137255 0.016339869281045753 0.010723039215686275
1 0.6409313725490197 0.3114782475490196 0.0196078431372549 0.014500612745098038
1 0.006535947712418301 0.7593443627450981 0.013071895424836602 0.019301470588235295
1 0.14947508169934642 0.7113710171568627 0.017087418300653592 0.011590073529411764
1 0.5753676470588235 0.7202818627450981 0.02165032679738562 0.014093137254901961
0 0.9887663398692811 0.7434129901960784 0.01511437908496732 0.010723039215686275
1 0.7593954248366013 0.6654411764705882 0.029411764705882353 0.020833333333333332
1 0.39239583333333333 0.6973039215686274 0.025804738562091502 0.020833333333333332
0 0.76140522875817 0.7221706495098039 0.01218954248366013 0.00867953431372549
0 0.9035947712418301 0.8805147058823529 0.02369281045751634 0.01715686274509804
0 0.6766748366013072 0.9283088235294118 0.025735294117647058 0.01715686274509804
1 0.7714460784313726 0.6194852941176471 0.024918300653594773 0.018995098039215685
1 0.2806372549019608 0.7054227941176471 0.029411764705882353 0.02420343137254902
1 0.4585375816993464 0.7172181372549019 0.0298202614379085 0.020833333333333332
0 0.7653533496732027 0.7251332720588235 0.014366830065359477 0.00970281862745098
0 0.21711601307189543 0.7480085784313726 0.01919934640522876 0.011948529411764705
1 0.2369281045751634 0.7127757352941176 0.03022875816993464 0.021752450980392156
1 0.8223039215686274 0.6904105392156863 0.026143790849673203 0.01685049019607843
1 0.7473447712418301 0.41207107843137253 0.0298202614379085 0.020833333333333332
1 0.4462826797385621 0.7489276960784313 0.025735294117647058 0.016237745098039217
0 0.7144607843137255 0.8167892156862745 0.02042483660130719 0.014705882352941176
1 0.5622957516339869 0.32107843137254904 0.02246732026143791 0.015931372549019607
1 0.3167197712418301 0.6118259803921569 0.03131535947712418 0.02144607843137255
1 0.16013071895424835 0.5061274509803921 0.02369281045751634 0.016544117647058824
1 0.5639297385620915 0.5196078431372549 0.02900326797385621 0.0196078431372549
1 0.8506944444444444 0.657015931372549 0.034722222222222224 0.02420343137254902
1 0.9383169934640523 0.6764705882352942 0.03594771241830065 0.023284313725490197
1 0.04330065359477124 0.5793504901960784 0.02696078431372549 0.017769607843137254
1 0.1488970588235294 0.43673406862745096 0.02246732026143791 0.015625
1 0.44485294117647056 0.43673406862745096 0.031862745098039214 0.020526960784313725
1 0.4660947712418301 0.49984681372549017 0.026143790849673203 0.019301470588235295
0 0.5008169934640523 0.8147977941176471 0.02042483660130719 0.015012254901960785
1 0.7285539215686274 0.6672794117647058 0.02900326797385621 0.020833333333333332
1 0.2164358660130719 0.5284160539215687 0.026825980392156862 0.018229166666666668
1 0.48999183006535946 0.727328431372549 0.02900326797385621 0.022058823529411766
1 0.4667075163398693 0.5724571078431373 0.028186274509803922 0.019301470588235295
1 0.17595996732026145 0.7201286764705882 0.02022058823529412 0.013786764705882353
1 0.7224959150326797 0.39348498774509805 0.029959150326797388 0.019200367647058823
0 0.7491830065359477 0.8365502450980392 0.02369281045751634 0.016237745098039217
1 0.35130718954248363 0.36182598039215685 0.024509803921568627 0.015931372549019607
1 0.41217320261437906 0.6024816176470589 0.026143790849673203 0.01991421568627451
1 0.5249183006535948 0.4957107843137255 0.026143790849673203 0.01838235294117647
1 0.03982843137254902 0.7944240196078431 0.0298202614379085 0.020833333333333332
1 0.7185457516339869 0.5759803921568627 0.03349673202614379 0.022058823529411766
1 0.272875816993464 0.3818933823529412 0.025326797385620915 0.018075980392156864
1 0.25939542483660133 0.46721813725490197 0.026143790849673203 0.017769607843137254
1 0.3954248366013072 0.5546875 0.027777777777777776 0.021139705882352942
1 0.400531045751634 0.7207414215686274 0.027369281045751634 0.021139705882352942
1 0.6029411764705882 0.4664522058823529 0.028594771241830064 0.019301470588235295
1 0.5332924836601307 0.6796875 0.028186274509803922 0.01991421568627451
1 0.37173202614379086 0.42356004901960786 0.02696078431372549 0.017463235294117647
1 0.5606617647058824 0.4882046568627451 0.028186274509803922 0.021139705882352942
1 0.6019199346405228 0.6793811274509803 0.03390522875816993 0.022365196078431373
0 0.37050653594771243 0.8880208333333334 0.02696078431372549 0.021139705882352942
1 0.42463235294117646 0.7236519607843137 0.025735294117647058 0.02022058823529412
1 0.3176062091503268 0.6977634803921569 0.03390522875816993 0.023590686274509803
1 0.44873366013071897 0.5061274509803921 0.0298202614379085 0.02022058823529412
1 0.1983251633986928 0.609375 0.030637254901960783 0.0196078431372549
1 0.5126633986928104 0.5454963235294118 0.029411764705882353 0.021139705882352942
1 0.41830065359477125 0.5456495098039216 0.02696078431372549 0.0196078431372549
1 0.39500408496732026 0.41030943627450983 0.022851307189542484 0.01608455882352941
1 0.37892769607843135 0.48463082107843136 0.013574346405228756 0.00970281862745098
1 0.4145302287581699 0.4677282475490196 0.016968954248366013 0.013275122549019608
1 0.4324040032679739 0.7091758578431373 0.015951797385620914 0.011488970588235295
1 0.2684946895424837 0.6635768995098039 0.02310049019607843 0.017104779411764706
0 0.7034763071895425 0.7294469975490196 0.015612745098039215 0.00791360294117647
0 0.7859150326797386 0.7250811887254902 0.01218954248366013 0.00714767156862745
1 0.44669934640522874 0.7343244485294118 0.03228758169934641 0.021957720588235294