1 0.29534313725490197 0.07659313725490197 0.03349673202614379 0.026348039215686275
1 0.17912581699346405 0.35003063725490197 0.026552287581699346 0.020526960784313725
1 0.05718954248366013 0.33808210784313725 0.028594771241830064 0.018075980392156864
0 0.8282271241830066 0.9103860294117647 0.07883986928104575 0.048100490196078434
0 0.5575980392156863 0.40425857843137253 0.02369281045751634 0.018688725490196078
0 0.5749591503267973 0.4099264705882353 0.0363562091503268 0.02389705882352941
0 0.7395833333333334 0.8218443627450981 0.0494281045751634 0.03952205882352941
1 0.004697712418300653 0.39215686274509803 0.009395424836601307 0.02696078431372549
1 0.046977124183006536 0.20113357843137256 0.041666666666666664 0.030330882352941176
0 0.3047385620915033 0.44684436274509803 0.02287581699346405 0.013174019607843137
1 0.3300653594771242 0.3590686274509804 0.025326797385620915 0.01838235294117647
1 0.030841503267973858 0.28339460784313725 0.028186274509803922 0.018995098039215685
1 0.12826797385620914 0.13572303921568626 0.04656862745098039 0.034926470588235295
1 0.1381168300653595 0.012918198529411765 0.05401143790849673 0.02583639705882353
0 0.8139297385620915 0.5690870098039216 0.04370915032679738 0.02297794117647059
0 0.7128267973856209 0.42325367647058826 0.028594771241830064 0.018075980392156864
1 0.8161764705882353 0.17723651960784315 0.04738562091503268 0.03216911764705882
1 0.36968954248366015 0.02619485294117647 0.03839869281045752 0.02849264705882353
0 0.7046568627450981 0.4018075980392157 0.02287581699346405 0.016237745098039217
0 0.9820261437908496 0.42049632352941174 0.03431372549019608 0.02542892156862745
0 0.32516339869281047 0.41253063725490197 0.018790849673202614 0.011948529411764705
1 0.6964174836601307 0.25433976715686274 0.0333578431372549 0.022159926470588235
0 0.6924019607843137 0.4325980392156863 0.02696078431372549 0.016544117647058824
0 0.6329656862745098 0.40701593137254904 0.030637254901960783 0.018688725490196078
1 0.5275735294117647 0.2850796568627451 0.03308823529411765 0.0272671568627451
1 0.09089052287581699 0.01639093137254902 0.04861111111111111 0.03155637254901961
0 0.7338643790849673 0.45450367647058826 0.03880718954248366 0.021752450980392156
1 0.013276143790849673 0.07337622549019608 0.026552287581699346 0.03216911764705882
1 0.8347630718954249 0.32981004901960786 0.04044117647058824 0.0272671568627451
1 0.2608251633986928 0.14950980392156862 0.03227124183006536 0.024509803921568627
1 0.2659313725490196 0.1132046568627451 0.03758169934640523 0.030943627450980393
1 0.5467728758169934 0.36151960784313725 0.03799019607843137 0.03002450980392157
1 0.30514705882352944 0.32276348039215685 0.03431372549019608 0.02420343137254902
1 0.30575980392156865 0.015931372549019607 0.04370915032679738 0.028186274509803922
0 0.6595179738562091 0.4574142156862745 0.02900326797385621 0.017769607843137254
1 0.6084558823529411 0.17647058823529413 0.06004901960784314 0.0428921568627451
1 0.7902369281045751 0.16222426470588236 0.04044117647058824 0.029105392156862746
1 0.041870915032679736 0.32735906862745096 0.042075163398692814 0.030330882352941176
0 0.1840277777777778 0.5439644607843137 0.030637254901960783 0.022365196078431373
0 0.8139297385620915 0.4996936274509804 0.04616013071895425 0.03125
0 0.40461601307189543 0.5036764705882353 0.0428921568627451 0.025122549019607844
0 0.13766339869281047 0.6017156862745098 0.059640522875817 0.04105392156862745
1 0.1670751633986928 0.1053921568627451 0.05065359477124183 0.04044117647058824
1 0.7894199346405228 0.09911151960784313 0.07475490196078431 0.0585171568627451
0 0.375 0.4724264705882353 0.04330065359477124 0.029411764705882353
1 0.0690359477124183 0.09252450980392157 0.049836601307189546 0.03615196078431373
0 0.7790032679738562 0.6421568627450981 0.07107843137254902 0.044730392156862746
0 0.8684640522875817 0.5810355392156863 0.06454248366013073 0.040747549019607844
1 0.2121813725490196 0.3440563725490196 0.024035947712418303 0.01838235294117647
1 0.30960375816993463 0.3509497549019608 0.021985294117647058 0.015012254901960785
1 0.2918341503267974 0.03829656862745098 0.048537581699346403 0.031862745098039214