1 0.5049019607843137 0.6921982230392157 0.022058823529411766 0.016136642156862745
0 0.7474816176470589 0.7161458333333334 0.018656045751633987 0.01133578431372549
0 0.9605800653594772 0.7068520220588235 0.017565359477124183 0.011130514705882352
0 0.32005718954248363 0.7017463235294118 0.017565359477124183 0.011948529411764705
1 0.7003676470588235 0.7003676470588235 0.020833333333333332 0.016544117647058824
0 0.6296977124183006 0.6862745098039216 0.01511437908496732 0.010416666666666666
1 0.604031862745098 0.6419010416666666 0.020972222222222222 0.014806985294117647
1 0.4075449346405229 0.5610186887254902 0.020972222222222222 0.01603247549019608
1 0.5228758169934641 0.6167279411764706 0.025326797385620915 0.017769607843137254
0 0.1809640522875817 0.7248774509803921 0.01715686274509804 0.011642156862745098
0 0.7444852941176471 0.7229886642156863 0.020016339869281044 0.013379289215686275
0 0.8719362745098039 0.7665946691176471 0.017565359477124183 0.01296875
0 0.4765114379084967 0.6856112132352942 0.013480392156862746 0.00847732843137255
1 0.7593954248366013 0.6204044117647058 0.02042483660130719 0.015931372549019607
1 0.9291952614379085 0.6224463848039216 0.017704248366013073 0.012049632352941176
0 0.2527246732026144 0.7171675857843137 0.016070261437908497 0.00847732843137255
1 0.6582924836601307 0.6864782475490196 0.02246732026143791 0.01572610294117647
1 0.8327205882352942 0.6920955882352942 0.027369281045751634 0.01715686274509804
0 0.21058006535947713 0.7326899509803921 0.017565359477124183 0.013786764705882353
0 0.7316176470588235 0.7145634191176471 0.0196078431372549 0.013072916666666667
1 0.8043300653594772 0.6403186274509803 0.03022875816993464 0.02267156862745098
1 0.5191993464052288 0.6665134803921569 0.022058823529411766 0.015012254901960785
1 0.646515522875817 0.6701899509803921 0.01852124183006536 0.013174019607843137
0 0.670547385620915 0.7549019607843137 0.02165032679738562 0.015318627450980392
0 0.19240196078431374 0.8007046568627451 0.02369281045751634 0.01991421568627451
0 0.4354575163398693 0.7814031862745098 0.018790849673202614 0.014399509803921568
1 0.5818361928104575 0.5092417279411765 0.021515522875816994 0.014806985294117647
1 0.8931107026143791 0.5408501838235295 0.027234477124183008 0.019200367647058823
1 0.5784313725490197 0.600796568627451 0.026143790849673203 0.02022058823529412
1 0.6811008986928104 0.6728446691176471 0.020698529411764706 0.01603247549019608
0 0.7963643790849673 0.7719056372549019 0.024918300653594773 0.018075980392156864
0 0.5435049019607843 0.7945772058823529 0.024918300653594773 0.018075980392156864
1 0.6156740196078432 0.6352634803921569 0.026282679738562093 0.018075980392156864
0 0.15747549019607843 0.7564338235294118 0.025735294117647058 0.018995098039215685
0 0.6227532679738562 0.8033088235294118 0.024101307189542485 0.017769607843137254
0 0.6919934640522876 0.8501838235294118 0.028594771241830064 0.02022058823529412
0 0.5949754901960784 0.8383884803921569 0.02900326797385621 0.02297794117647059
1 0.4832312091503268 0.5105193014705882 0.020383986928104576 0.01552389705882353
1 0.6429473039215686 0.6683011642156863 0.017920751633986928 0.013072916666666667
1 0.6724897875816994 0.6631939338235294 0.018999183006535948 0.013275122549019608
1 0.651797385620915 0.6241835171568627 0.025 0.01674938725490196
1 0.6477144607843137 0.6378676470588235 0.020919117647058824 0.014705882352941176
1 0.9348039215686275 0.6188725490196079 0.014215686274509802 0.010416666666666666
0 0.2483394607843137 0.7220174632352941 0.01628676470588235 0.009598651960784313
0 0.32403799019607843 0.6996522671568627 0.018991013071895425 0.010824142156862745
0 0.7927287581699346 0.7263066789215686 0.01519607843137255 0.009598651960784313
0 0.8911785130718954 0.6760615808823529 0.01193218954248366 0.006534926470588235
0 0.8996200980392157 0.6883164828431373 0.011658496732026144 0.006534926470588235
0 0.9159579248366012 0.6868872549019608 0.011654411764705884 0.006740196078431373
0 0.9386948529411765 0.6862745098039216 0.011376633986928106 0.006740196078431373
0 0.9471364379084968 0.6741222426470589 0.011919934640522876 0.00694546568627451
0 0.9499938725490196 0.6702405024509804 0.014366830065359477 0.007760416666666666
0 0.9317504084967321 0.6702405024509804 0.012193627450980392 0.006534926470588235
0 0.9013888888888889 0.6768795955882353 0.012745098039215686 0.007558210784313726
0 0.9391033496732026 0.6862745098039216 0.01301062091503268 0.007352941176470588
0 0.9814460784313725 0.6807598039215687 0.010277777777777778 0.006127450980392157
0 0.8898182189542484 0.6855591299019608 0.011662581699346405 0.006534926470588235
0 0.91609477124183 0.6709558823529411 0.011928104575163398 0.006740196078431373