0 0.9552696078431373 0.46047794117647056 0.015931372549019607 0.011029411764705883
0 0.9211601307189542 0.49846813725490197 0.01715686274509804 0.012254901960784314
0 0.948937908496732 0.4650735294117647 0.013888888888888888 0.009191176470588236
0 0.7786683006535948 0.46078431372549017 0.014852941176470588 0.009191176470588236
1 0.5798611111111112 0.09957107843137254 0.024918300653594773 0.0196078431372549
0 0.9918300653594772 0.5225183823529411 0.015522875816993464 0.015012254901960785
1 0.6658496732026143 0.14537377450980393 0.015522875816993464 0.01133578431372549
1 0.6511437908496732 0.4140625 0.018790849673202614 0.013174019607843137
0 0.5108251633986928 0.4753370098039216 0.015931372549019607 0.010723039215686275
1 0.5120526960784314 0.23746629901960786 0.015935457516339867 0.012310049019607843
1 0.6919934640522876 0.41988357843137253 0.015522875816993464 0.01133578431372549
1 0.061070261437908495 0.500765931372549 0.04044117647058824 0.030943627450980393
1 0.6141748366013072 0.07567401960784313 0.020833333333333332 0.01838235294117647
1 0.9726307189542484 0.3981311274509804 0.026143790849673203 0.018075980392156864
1 0.17095588235294118 0.06587009803921569 0.03227124183006536 0.02267156862745098
0 0.6468545751633987 0.4888174019607843 0.016748366013071895 0.010723039215686275
1 0.809640522875817 0.3229166666666667 0.021241830065359478 0.015931372549019607
0 0.13480392156862744 0.6165747549019608 0.015522875816993464 0.01011029411764706
1 0.6905637254901961 0.4273897058823529 0.01838235294117647 0.011642156862745098
1 0.17892156862745098 0.2113970588235294 0.029411764705882353 0.02144607843137255
0 0.6799428104575164 0.5278799019607843 0.016748366013071895 0.010416666666666666
0 0.058823529411764705 0.5435049019607843 0.02369281045751634 0.016544117647058824
1 0.09538398692810457 0.04917279411764706 0.030637254901960783 0.022365196078431373
0 0.9133986928104575 0.5464154411764706 0.017973856209150325 0.011948529411764705
1 0.38562091503267976 0.01011029411764706 0.02696078431372549 0.016544117647058824
0 0.4238153594771242 0.4600183823529412 0.015931372549019607 0.01133578431372549
1 0.3464052287581699 0.1715686274509804 0.03431372549019608 0.022058823529411766
1 0.5600490196078431 0.43995098039215685 0.022058823529411766 0.015931372549019607
0 0.8047385620915033 0.49831495098039214 0.013888888888888888 0.009497549019607842
1 0.7189542483660131 0.2688419117647059 0.021241830065359478 0.013786764705882353
0 0.9873366013071896 0.47120098039215685 0.016339869281045753 0.012254901960784314
0 0.39685457516339867 0.5909926470588235 0.017565359477124183 0.012254901960784314
0 0.16380718954248366 0.49080882352941174 0.015522875816993464 0.00980392156862745
1 0.11968954248366014 0.22288602941176472 0.042483660130718956 0.030330882352941176
1 0.7434640522875817 0.12316176470588236 0.018790849673202614 0.014093137254901961
1 0.27124183006535946 0.2185968137254902 0.03349673202614379 0.02297794117647059
0 0.7007761437908496 0.6211703431372549 0.016748366013071895 0.010723039215686275
1 0.3423202614379085 0.29503676470588236 0.02369281045751634 0.017769607843137254
0 0.9626225490196079 0.5265012254901961 0.02900326797385621 0.017463235294117647
0 0.4019607843137255 0.5551470588235294 0.01715686274509804 0.011029411764705883
1 0.6734068627450981 0.35768995098039214 0.024101307189542485 0.015625
0 0.4352532679738562 0.5160845588235294 0.020016339869281044 0.013174019607843137
0 0.3474264705882353 0.48391544117647056 0.016748366013071895 0.01011029411764706
1 0.0053104575163398695 0.4088541666666667 0.010620915032679739 0.02297794117647059
1 0.0857843137254902 0.43213848039215685 0.03676470588235294 0.02420343137254902
0 0.46078431372549017 0.4996936274509804 0.0196078431372549 0.012867647058823529
0 0.6791258169934641 0.49954044117647056 0.01511437908496732 0.010723039215686275
0 0.6587009803921569 0.6021752450980392 0.015931372549019607 0.010723039215686275
0 0.6660539215686274 0.4892769607843137 0.015931372549019607 0.011029411764705883
0 0.8276143790849673 0.48575367647058826 0.017973856209150325 0.011948529411764705
0 0.3786764705882353 0.5027573529411765 0.022058823529411766 0.012254901960784314
1 0.5435049019607843 0.049019607843137254 0.026552287581699346 0.0196078431372549
0 0.777610294117647 0.47168811274509803 0.018455882352941176 0.01139093137254902
0 0.5810866013071896 0.5269607843137255 0.01838235294117647 0.012254901960784314
1 0.7105065359477124 0.2893964460784314 0.026405228758169936 0.019356617647058823
0 0.7399918300653595 0.4719669117647059 0.01838235294117647 0.013174019607843137
0 0.6791258169934641 0.5744485294117647 0.01919934640522876 0.012867647058823529
1 0.00980392156862745 0.3947610294117647 0.0196078431372549 0.02297794117647059
1 0.547998366013072 0.3872549019607843 0.02246732026143791 0.015931372549019607
1 0.9534313725490197 0.09482230392156862 0.026143790849673203 0.019301470588235295
0 0.18218954248366012 0.7012867647058824 0.028594771241830064 0.017769607843137254
1 0.7040441176470589 0.2037377450980392 0.01919934640522876 0.013480392156862746
1 0.5641339869281046 0.3599877450980392 0.02287581699346405 0.01838235294117647
1 0.4207516339869281 0.06464460784313726 0.03594771241830065 0.02389705882352941
0 0.8441584967320261 0.5626531862745098 0.025735294117647058 0.015625
0 0.7446895424836601 0.5421262254901961 0.0196078431372549 0.01133578431372549
1 0.8310866013071896 0.0940563725490196 0.02246732026143791 0.01715686274509804
0 0.023284313725490197 0.5479473039215687 0.02042483660130719 0.013786764705882353
0 0.7647058823529411 0.5139399509803921 0.02042483660130719 0.013174019607843137
1 0.5902777777777778 0.5022977941176471 0.024509803921568627 0.018688725490196078
1 0.12683823529411764 0.44577205882352944 0.04125816993464052 0.026348039215686275
0 0.3206699346405229 0.6015625 0.02369281045751634 0.015625
0 0.6615604575163399 0.7020526960784313 0.026552287581699346 0.018688725490196078
0 0.5931372549019608 0.616421568627451 0.018790849673202614 0.013480392156862746
0 0.19464869281045752 0.6078431372549019 0.020833333333333332 0.013480392156862746
1 0.8705065359477124 0.34650735294117646 0.027777777777777776 0.020833333333333332
0 0.5067401960784313 0.6462928921568627 0.025735294117647058 0.015625
1 0.9026286764705883 0.09735753676470588 0.02584558823529412 0.02069546568627451
1 0.8502859477124183 0.20404411764705882 0.024918300653594773 0.016544117647058824
0 0.8033088235294118 0.5343137254901961 0.024918300653594773 0.015318627450980392
1 0.06944444444444445 0.016697303921568627 0.03758169934640523 0.024816176470588234
1 0.9820261437908496 0.12300857843137254 0.02696078431372549 0.01991421568627451
1 0.3112745098039216 0.047487745098039214 0.03022875816993464 0.024509803921568627
0 0.7595996732026143 0.6256127450980392 0.023284313725490197 0.015318627450980392
0 0.4221813725490196 0.6346507352941176 0.024918300653594773 0.017463235294117647
1 0.5980392156862745 0.32628676470588236 0.03022875816993464 0.02022058823529412
1 0.4897875816993464 0.5168504901960784 0.02696078431372549 0.0196078431372549
1 0.8901143790849673 0.47089460784313725 0.029411764705882353 0.02144607843137255
0 0.41421568627450983 0.5628063725490197 0.021241830065359478 0.013480392156862746
0 0.1693218954248366 0.5366115196078431 0.02246732026143791 0.015012254901960785
0 0.809640522875817 0.5511642156862745 0.026143790849673203 0.015318627450980392
1 0.23672385620915032 0.03936887254901961 0.027369281045751634 0.021752450980392156
0 0.6178513071895425 0.5839460784313726 0.024101307189542485 0.015931372549019607
1 0.12459150326797386 0.33455882352941174 0.04493464052287582 0.03002450980392157
0 0.6223447712418301 0.7028186274509803 0.028186274509803922 0.018995098039215685
0 0.33169934640522875 0.6971507352941176 0.03431372549019608 0.017463235294117647
0 0.2346813725490196 0.5574448529411765 0.025735294117647058 0.016237745098039217
0 0.45302287581699346 0.6515012254901961 0.02696078431372549 0.015012254901960785
1 0.42544934640522875 0.23131127450980393 0.026552287581699346 0.02022058823529412
1 0.18974673202614378 0.46078431372549017 0.0363562091503268 0.02696078431372549
1 0.7834967320261438 0.3246017156862745 0.03431372549019608 0.02420343137254902
1 0.2412173202614379 0.08946078431372549 0.03145424836601307 0.02389705882352941
1 0.5565767973856209 0.10324754901960784 0.027369281045751634 0.02144607843137255
0 0.4021650326797386 0.6305147058823529 0.026552287581699346 0.017769607843137254
1 0.8999183006535948 0.31724877450980393 0.02696078431372549 0.019301470588235295
1 0.7212009803921569 0.31954656862745096 0.026552287581699346 0.02022058823529412
1 0.08741830065359477 0.4071691176470588 0.04411764705882353 0.03002450980392157
0 0.5375816993464052 0.7011335784313726 0.026143790849673203 0.01991421568627451
1 0.37173202614379086 0.05361519607843137 0.03431372549019608 0.025122549019607844
0 0.2610294117647059 0.5425857843137255 0.025326797385620915 0.015931372549019607
1 0.8717320261437909 0.45419730392156865 0.031862745098039214 0.021752450980392156
1 0.7610294117647058 0.3059129901960784 0.03431372549019608 0.02297794117647059
1 0.6352124183006536 0.07735906862745098 0.032679738562091505 0.02420343137254902
0 0.3306781045751634 0.6534926470588235 0.02900326797385621 0.01838235294117647
1 0.7308006535947712 0.014705882352941176 0.03758169934640523 0.027573529411764705
1 0.2673611111111111 0.45358455882352944 0.03390522875816993 0.024816176470588234
0 0.4401552287581699 0.6389399509803921 0.02165032679738562 0.016237745098039217
1 0.14297385620915032 0.19653799019607843 0.04330065359477124 0.03278186274509804
0 0.4936683006535948 0.6560968137254902 0.024101307189542485 0.016237745098039217
0 0.6905637254901961 0.7012867647058824 0.03145424836601307 0.022058823529411766
1 0.710171568627451 0.36090686274509803 0.024101307189542485 0.01715686274509804
1 0.752859477124183 0.1870404411764706 0.026143790849673203 0.01991421568627451
1 0.5843995098039215 0.5125337009803922 0.02255718954248366 0.0128125
0 0.1988235294117647 0.45412837009803925 0.01937908496732026 0.01058517156862745
1 0.6565339052287581 0.42449295343137255 0.018133169934640522 0.011976102941176472
0 0.8743933823529412 0.5553416053921568 0.015126633986928106 0.008354779411764705