1 0.3047385620915033 0.44255514705882354 0.021241830065359478 0.015625
0 0.12316176470588236 0.8278186274509803 0.020016339869281044 0.014093137254901961
0 0.1889297385620915 0.7985600490196079 0.017565359477124183 0.01133578431372549
0 0.18627450980392157 0.8219975490196079 0.01715686274509804 0.013480392156862746
0 0.40908496732026145 0.6868305759803922 0.01669934640522876 0.011528799019607844
0 0.7120098039215687 0.8330269607843137 0.0196078431372549 0.014093137254901961
0 0.05024509803921569 0.7490808823529411 0.022058823529411766 0.013480392156862746
1 0.5886437908496732 0.3290441176470588 0.02042483660130719 0.015931372549019607
1 0.17933006535947713 0.5848268995098039 0.022058823529411766 0.014629289215686275
0 0.265625 0.9080882352941176 0.018995098039215685 0.012867647058823529
0 0.10620915032679738 0.9033394607843137 0.02287581699346405 0.014399509803921568
0 0.2275326797385621 0.7918198529411765 0.01715686274509804 0.013174019607843137
1 0.13398692810457516 0.5059742647058824 0.02696078431372549 0.021752450980392156
0 0.3613153594771242 0.7334558823529411 0.014297385620915032 0.012254901960784314
0 0.36008986928104575 0.7012867647058824 0.014297385620915032 0.010416666666666666
0 0.3403799019607843 0.6953308823529412 0.018995098039215685 0.012598039215686275
0 0.3590686274509804 0.8849571078431373 0.01715686274509804 0.012561274509803922
1 0.068218954248366 0.6435355392156863 0.024509803921568627 0.018075980392156864
0 0.25033292483660136 0.9048529411764706 0.018639705882352944 0.013137254901960785
0 0.15359477124183007 0.7235952818627451 0.0196078431372549 0.012754289215686275
0 0.590890522875817 0.7518382352941176 0.017565359477124183 0.011642156862745098
0 0.34906045751633985 0.7855392156862745 0.016748366013071895 0.011029411764705883
0 0.3552389705882353 0.9050444240196078 0.021752450980392156 0.015358455882352942
1 0.23202614379084968 0.5349264705882353 0.02287581699346405 0.015931372549019607
0 0.5943627450980392 0.7394301470588235 0.0196078431372549 0.01133578431372549
0 0.3827614379084967 0.8244485294117647 0.0196078431372549 0.013480392156862746
1 0.5902001633986927 0.39410998774509803 0.02190359477124183 0.016161151960784315
0 0.05249183006535948 0.7774203431372549 0.016748366013071895 0.012561274509803922
0 0.34763071895424835 0.735140931372549 0.01715686274509804 0.012561274509803922
1 0.3541666666666667 0.3633578431372549 0.02042483660130719 0.014093137254901961
1 0.8049183006535948 0.5301776960784313 0.021601307189542486 0.014399509803921568
0 0.3952205882352941 0.7135416666666666 0.016748366013071895 0.011029411764705883
0 0.5990604575163399 0.702359068627451 0.020016339869281044 0.012561274509803922
0 0.3298611111111111 0.9028799019607843 0.023284313725490197 0.015931372549019607
0 0.2252859477124183 0.9067095588235294 0.024918300653594773 0.015625
0 0.30657679738562094 0.8547794117647058 0.01838235294117647 0.012254901960784314
0 0.3073937908496732 0.8331801470588235 0.02246732026143791 0.015012254901960785
0 0.14154411764705882 0.8962928921568627 0.02165032679738562 0.016237745098039217
0 0.4789624183006536 0.7795649509803921 0.023284313725490197 0.014399509803921568
0 0.39705882352941174 0.8143382352941176 0.018790849673202614 0.012867647058823529
0 0.2252859477124183 0.8218443627450981 0.02165032679738562 0.014399509803921568
1 0.37520424836601307 0.3098958333333333 0.015931372549019607 0.011948529411764705
0 0.07822712418300654 0.9033394607843137 0.020016339869281044 0.014399509803921568
0 0.34701797385620914 0.8910845588235294 0.01919934640522876 0.013174019607843137
1 0.4891748366013072 0.5686274509803921 0.02165032679738562 0.014705882352941176
0 0.6188725490196079 0.8036151960784313 0.016339869281045753 0.011642156862745098
0 0.32455065359477125 0.8958333333333334 0.02246732026143791 0.015931372549019607
0 0.34681372549019607 0.8296568627450981 0.01715686274509804 0.012254901960784314
1 0.37030228758169936 0.4185049019607843 0.02165032679738562 0.017769607843137254
0 0.957312091503268 0.8455882352941176 0.024101307189542485 0.015318627450980392
1 0.9934640522875817 0.7386642156862745 0.013071895424836602 0.02696078431372549
0 0.6495098039215687 0.7210477941176471 0.02287581699346405 0.013174019607843137
0 0.2875816993464052 0.734375 0.016339869281045753 0.011642156862745098
1 0.5971446078431373 0.3821231617647059 0.02435457516339869 0.015471813725490197
1 0.7516339869281046 0.7411151960784313 0.024509803921568627 0.01838235294117647
1 0.15441176470588236 0.4189644607843137 0.02042483660130719 0.015012254901960785
1 0.7732843137254902 0.5992647058823529 0.026143790849673203 0.01838235294117647
0 0.17177287581699346 0.865905330882353 0.01919934640522876 0.014286151960784315
0 0.7969771241830066 0.8140318627450981 0.0196078431372549 0.015931372549019607
0 0.42966299019607845 0.7067248774509803 0.013737745098039216 0.008425245098039215
0 0.40461601307189543 0.9002757352941176 0.02246732026143791 0.015625
0 0.5490196078431373 0.7549019607843137 0.018790849673202614 0.012254901960784314
0 0.5810866013071896 0.8189338235294118 0.023284313725490197 0.013480392156862746
1 0.4867238562091503 0.5131740196078431 0.02246732026143791 0.015931372549019607
0 0.6096303104575164 0.7235186887254902 0.01664624183006536 0.01137561274509804
1 0.07107843137254902 0.48682598039215685 0.022058823529411766 0.015931372549019607
0 0.4636437908496732 0.7489276960784313 0.01715686274509804 0.011948529411764705
0 0.6877042483660131 0.6968443627450981 0.020016339869281044 0.014399509803921568
1 0.7581699346405228 0.6280637254901961 0.027777777777777776 0.01838235294117647
0 0.3400735294117647 0.8857230392156863 0.01838235294117647 0.014093137254901961
0 0.1636029411764706 0.7536764705882353 0.01838235294117647 0.013480392156862746
1 0.13991013071895425 0.6050857843137255 0.024101307189542485 0.015318627450980392
0 0.6813725490196079 0.8037683823529411 0.02287581699346405 0.015012254901960785
0 0.017565359477124183 0.7683823529411765 0.02369281045751634 0.014705882352941176
0 0.35498366013071897 0.8196997549019608 0.022058823529411766 0.014399509803921568
0 0.3053513071895425 0.8270526960784313 0.023284313725490197 0.015012254901960785
0 0.2839052287581699 0.8072916666666666 0.018790849673202614 0.014093137254901961
1 0.4639767156862745 0.29059436274509803 0.021090686274509805 0.014399509803921568
0 0.30943627450980393 0.8425245098039216 0.020833333333333332 0.014705882352941176
0 0.4736519607843137 0.7568933823529411 0.01838235294117647 0.011948529411764705
0 0.43014705882352944 0.6856617647058824 0.01715686274509804 0.013480392156862746
1 0.8431372549019608 0.6228553921568627 0.024509803921568627 0.0196078431372549
0 0.954248366013072 0.8969056372549019 0.021241830065359478 0.016237745098039217
1 0.34229575163398696 0.6511948529411765 0.023643790849673205 0.016237745098039217
1 0.6793300653594772 0.5736825980392157 0.025326797385620915 0.018688725490196078
0 0.2935049019607843 0.9103860294117647 0.02246732026143791 0.015625
0 0.3249591503267974 0.8275122549019608 0.017565359477124183 0.012867647058823529
1 0.26411968954248366 0.5129825367647058 0.02252042483660131 0.017386642156862746
0 0.1977124183006536 0.8875612745098039 0.021241830065359478 0.015318627450980392
1 0.26062091503267976 0.6372549019607843 0.02287581699346405 0.016544117647058824
0 0.1830065359477124 0.8970588235294118 0.026143790849673203 0.01838235294117647
1 0.5077614379084967 0.28308823529411764 0.022058823529411766 0.016544117647058824
1 0.0457516339869281 0.5245098039215687 0.022058823529411766 0.014705882352941176
0 0.5943627450980392 0.9126838235294118 0.024509803921568627 0.01838235294117647
0 0.6868872549019608 0.7411151960784313 0.02165032679738562 0.014705882352941176
0 0.2806372549019608 0.8907781862745098 0.021241830065359478 0.015625
0 0.17769607843137256 0.6956188725490197 0.024509803921568627 0.016237745098039217
1 0.2549019607843137 0.34420955882352944 0.017973856209150325 0.012561274509803922
0 0.14072712418300654 0.8249080882352942 0.01919934640522876 0.015012254901960785
1 0.13771446078431374 0.6753599877450981 0.024611928104575163 0.018612132352941176
0 0.11540032679738563 0.8825061274509803 0.020016339869281044 0.016237745098039217
1 0.9166666666666666 0.7323835784313726 0.02696078431372549 0.022365196078431373
1 0.3858251633986928 0.42034313725490197 0.02165032679738562 0.01715686274509804
0 0.0676062091503268 0.8327205882352942 0.024101307189542485 0.01715686274509804
0 0.9401552287581699 0.8867953431372549 0.026552287581699346 0.017463235294117647
0 0.31924019607843135 0.9920343137254902 0.02900326797385621 0.015931372549019607
0 0.7124183006535948 0.7984068627450981 0.02042483660130719 0.014705882352941176
0 0.12622549019607843 0.8151041666666666 0.02042483660130719 0.014399509803921568
0 0.32373366013071897 0.8529411764705882 0.02246732026143791 0.014705882352941176
1 0.7461192810457516 0.6992953431372549 0.025735294117647058 0.01685049019607843
0 0.9360702614379085 0.9042585784313726 0.026552287581699346 0.018688725490196078
1 0.28513071895424835 0.649203431372549 0.024509803921568627 0.015931372549019607
0 0.5279820261437909 0.7887561274509803 0.020833333333333332 0.015012254901960785
1 0.034109477124183 0.40778186274509803 0.020833333333333332 0.015318627450980392
0 0.7081290849673203 0.7389705882352942 0.02246732026143791 0.015318627450980392
1 0.06331699346405228 0.6544117647058824 0.028594771241830064 0.018995098039215685
1 0.1823937908496732 0.4375 0.02165032679738562 0.015931372549019607
1 0.2790032679738562 0.6842830882352942 0.02287581699346405 0.016237745098039217
0 0.5507557189542484 0.673828125 0.0181781045751634 0.01371017156862745
1 0.3102532679738562 0.29840686274509803 0.01838235294117647 0.014093137254901961
0 0.7769607843137255 0.8207720588235294 0.022058823529411766 0.015318627450980392
1 0.3584558823529412 0.6343443627450981 0.02246732026143791 0.01685049019607843
1 0.08797998366013073 0.6508685661764706 0.020731209150326797 0.013746936274509803
0 0.8178104575163399 0.8253676470588235 0.022058823529411766 0.01715686274509804
0 0.7003676470588235 0.8397671568627451 0.023284313725490197 0.01715686274509804
1 0.9303513071895425 0.7256433823529411 0.0298202614379085 0.02297794117647059
1 0.13031045751633988 0.42922794117647056 0.022058823529411766 0.015931372549019607
1 0.3952205882352941 0.2939644607843137 0.017565359477124183 0.013786764705882353
1 0.4585375816993464 0.3014705882352941 0.020016339869281044 0.014093137254901961
1 0.025939542483660132 0.539828431372549 0.02165032679738562 0.015318627450980392
1 0.2877859477124183 0.5779718137254902 0.02165032679738562 0.016237745098039217
1 0.04534313725490196 0.2925857843137255 0.022058823529411766 0.014705882352941176
1 0.25735294117647056 0.36504289215686275 0.02042483660130719 0.014399509803921568
1 0.8115543300653595 0.5216375612745098 0.028337418300653595 0.01999080882352941
1 0.3451797385620915 0.5840992647058824 0.02696078431372549 0.01991421568627451
0 0.2406045751633987 0.7895220588235294 0.021241830065359478 0.016544117647058824
1 0.016748366013071895 0.6001838235294118 0.029411764705882353 0.02144607843137255
0 0.5788398692810458 0.9050245098039216 0.026143790849673203 0.018995098039215685
1 0.24734477124183007 0.5183823529411765 0.024918300653594773 0.018995098039215685
1 0.20588235294117646 0.3943014705882353 0.02287581699346405 0.016544117647058824
0 0.02389705882352941 0.742953431372549 0.03227124183006536 0.025122549019607844
1 0.2832924836601307 0.6311274509803921 0.02246732026143791 0.01715686274509804
1 0.934640522875817 0.7714460784313726 0.029411764705882353 0.02144607843137255
0 0.7691993464052288 0.8059129901960784 0.02287581699346405 0.01685049019607843
1 0.08537581699346405 0.6147365196078431 0.026143790849673203 0.01685049019607843
1 0.8660130718954249 0.6283700980392157 0.03104575163398693 0.020833333333333332
1 0.0727124183006536 0.40088848039215685 0.027777777777777776 0.021139705882352942
1 0.8137254901960784 0.6772365196078431 0.03431372549019608 0.023590686274509803
0 0.7299836601307189 0.84375 0.027777777777777776 0.02022058823529412
1 0.2426470588235294 0.5744485294117647 0.03022875816993464 0.023284313725490197
1 0.8966503267973857 0.6861213235294118 0.03022875816993464 0.022365196078431373
0 0.9869281045751634 0.9803921568627451 0.026143790849673203 0.02696078431372549
1 0.33925653594771243 0.5272671568627451 0.0298202614379085 0.02144607843137255
0 0.5267565359477124 0.8261335784313726 0.024918300653594773 0.01991421568627451
1 0.616421568627451 0.6046262254901961 0.026143790849673203 0.01991421568627451
1 0.04146241830065359 0.3356311274509804 0.025735294117647058 0.018688725490196078
1 0.07618464052287582 0.5346200980392157 0.023284313725490197 0.017769607843137254
1 0.27965686274509804 0.5137668504901961 0.021732026143790852 0.01589154411764706
1 0.5360702614379085 0.44332107843137253 0.023937908496732028 0.015318627450980392
1 0.08907066993464052 0.6440716911764706 0.020461601307189544 0.01608455882352941
0 0.2518096405228758 0.6035355392156863 0.014240196078431373 0.009767156862745098
0 0.33614787581699346 0.6601761642156863 0.014616013071895426 0.010916053921568629
0 0.4278737745098039 0.7029335171568627 0.014244281045751633 0.008808210784313725
0 0.3014910130718954 0.8979396446078431 0.016380718954248367 0.013403799019607842
0 0.2794669117647059 0.9019806985294118 0.022169117647058825 0.014745710784313725
0 0.41659109477124184 0.6389782475490197 0.009652777777777777 0.006510416666666667
0 0.47160334967320255 0.6659007352941176 0.01346813725490196 0.010723039215686275
0 0.451875 0.6709375 0.014861111111111111 0.009767156862745098