0 0.18484477124183007 0.5752144607843137 0.012663398692810458 0.008272058823529412
0 0.40187295751633983 0.5832674632352941 0.011262254901960785 0.007833946078431372
1 0.36560457516339867 0.4250919117647059 0.018790849673202614 0.013174019607843137
1 0.058182189542483664 0.38340379901960786 0.01587418300653595 0.011292892156862746
0 0.5857843137254902 0.5948223039215687 0.013071895424836602 0.008272058823529412
0 0.1656454248366013 0.5764399509803921 0.013480392156862746 0.008884803921568627
0 0.7616421568627451 0.7182904411764706 0.01919934640522876 0.013786764705882353
1 0.31413398692810457 0.41482843137254904 0.016339869281045753 0.010416666666666666
1 0.11131535947712418 0.6294424019607843 0.014297385620915032 0.01011029411764706
1 0.193890931372549 0.5483409926470588 0.012781862745098039 0.00967218137254902
1 0.40029820261437904 0.5174632352941176 0.014648692810457517 0.011029411764705883
0 0.661968954248366 0.5952818627450981 0.017565359477124183 0.011029411764705883
1 0.37540849673202614 0.5807291666666666 0.014705882352941176 0.01133578431372549
0 0.9689542483660131 0.8674938725490197 0.03022875816993464 0.021752450980392156
1 0.48508986928104575 0.35738357843137253 0.023284313725490197 0.014399509803921568
1 0.21650326797385622 0.5589767156862745 0.013888888888888888 0.011948529411764705
0 0.25980392156862747 0.6079963235294118 0.012254901960784314 0.008272058823529412
1 0.4223856209150327 0.36795343137254904 0.018790849673202614 0.011642156862745098
0 0.22201797385620914 0.5865502450980392 0.013480392156862746 0.008884803921568627
1 0.7220179738562091 0.3258272058823529 0.01838235294117647 0.011948529411764705
0 0.3576388888888889 0.5847120098039216 0.01184640522875817 0.008272058823529412
0 0.5502450980392157 0.8635110294117647 0.0196078431372549 0.015625
1 0.2681781045751634 0.5170036764705882 0.015931372549019607 0.01133578431372549
0 0.4904003267973856 0.6076899509803921 0.016748366013071895 0.011948529411764705
1 0.21017156862745098 0.4244791666666667 0.01511437908496732 0.011948529411764705
1 0.49816176470588236 0.5908394607843137 0.01511437908496732 0.011948529411764705
0 0.24387254901960784 0.6084558823529411 0.013071895424836602 0.007965686274509803
0 0.34354575163398693 0.5880821078431373 0.013888888888888888 0.008272058823529412
0 0.4738562091503268 0.8362438725490197 0.017973856209150325 0.012561274509803922
1 0.3860294117647059 0.546875 0.014705882352941176 0.010416666666666666
0 0.33639705882352944 0.5746017156862745 0.01511437908496732 0.01011029411764706
1 0.41964256535947714 0.3300949754901961 0.016572712418300654 0.01190563725490196
0 0.3176062091503268 0.59375 0.012663398692810458 0.007965686274509803
1 0.2005718954248366 0.3785232843137255 0.015522875816993464 0.012561274509803922
1 0.5969893790849673 0.4682245710784314 0.022410130718954247 0.016106004901960784
1 0.43157679738562094 0.5274203431372549 0.016748366013071895 0.01133578431372549
1 0.23850490196078433 0.5439859068627451 0.014591503267973855 0.01076593137254902
0 0.17401960784313725 0.6331188725490197 0.013071895424836602 0.008272058823529412
0 0.040236928104575166 0.6672794117647058 0.01511437908496732 0.010416666666666666
0 0.47630718954248363 0.8246017156862745 0.017973856209150325 0.013786764705882353
1 0.6617647058823529 0.30284926470588236 0.01715686274509804 0.011948529411764705
0 0.4362745098039216 0.6276041666666666 0.012254901960784314 0.008272058823529412
0 0.6926062091503268 0.6862745098039216 0.016748366013071895 0.012254901960784314
1 0.0545343137254902 0.5775122549019608 0.015931372549019607 0.011029411764705883
1 0.11286151960784314 0.42445772058823533 0.015755718954248366 0.010680147058823529
1 0.6542075163398693 0.3200061274509804 0.01919934640522876 0.013786764705882353
0 0.24162581699346405 0.6461397058823529 0.012663398692810458 0.009191176470588236
1 0.5575980392156863 0.43995098039215685 0.022058823529411766 0.013480392156862746
1 0.508578431372549 0.3851102941176471 0.024509803921568627 0.015931372549019607
1 0.6172385620915033 0.44224877450980393 0.02042483660130719 0.013786764705882353
1 0.04840686274509804 0.6416973039215687 0.020016339869281044 0.015012254901960785
1 0.13214869281045752 0.5978860294117647 0.01919934640522876 0.012561274509803922
1 0.7116299019607842 0.5847334558823529 0.0172140522875817 0.011991421568627451
1 0.5816993464052288 0.46277573529411764 0.0196078431372549 0.013786764705882353
1 0.5330882352941176 0.5862438725490197 0.017973856209150325 0.013174019607843137
1 0.5802696078431373 0.29411764705882354 0.01919934640522876 0.012867647058823529
1 0.5760396241830066 0.2776608455882353 0.016458333333333332 0.011204044117647059
0 0.004901960784313725 0.7155330882352942 0.00980392156862745 0.013174019607843137
1 0.46405228758169936 0.44025735294117646 0.02042483660130719 0.012254901960784314
1 0.6924019607843137 0.43213848039215685 0.018790849673202614 0.013786764705882353
1 0.43218954248366015 0.3400735294117647 0.014705882352941176 0.011029411764705883
1 0.3584558823529412 0.3972120098039216 0.020016339869281044 0.012561274509803922
1 0.2716503267973856 0.42049632352941174 0.016339869281045753 0.012561274509803922
1 0.3368055555555556 0.5746017156862745 0.01511437908496732 0.010723039215686275
1 0.1198937908496732 0.49433210784313725 0.01919934640522876 0.014399509803921568
0 0.3533496732026144 0.6200980392156863 0.013071895424836602 0.00980392156862745
1 0.6593137254901961 0.5507046568627451 0.02042483660130719 0.013786764705882353
0 0.2694035947712418 0.6629901960784313 0.012663398692810458 0.00857843137254902
0 0.20649509803921567 0.6536458333333334 0.012663398692810458 0.008272058823529412
1 0.3506944444444444 0.3857230392156863 0.01838235294117647 0.012254901960784314
1 0.2534722222222222 0.27323988970588237 0.016748366013071895 0.012166053921568628
1 0.6542075163398693 0.2849264705882353 0.01838235294117647 0.012254901960784314
1 0.6601307189542484 0.46308210784313725 0.0196078431372549 0.012561274509803922
1 0.12826797385620914 0.35110294117647056 0.017973856209150325 0.012867647058823529
1 0.2708333333333333 0.532015931372549 0.015522875816993464 0.010723039215686275
1 0.16482843137254902 0.3602941176470588 0.016748366013071895 0.011642156862745098
1 0.43361928104575165 0.28109681372549017 0.020016339869281044 0.012561274509803922
0 0.3097283496732026 0.6089154411764706 0.012430555555555556 0.0070465686274509805
1 0.29983660130718953 0.6009497549019608 0.014705882352941176 0.009497549019607842
1 0.35314542483660133 0.3544730392156863 0.017565359477124183 0.013480392156862746
1 0.45882965686274507 0.3261780024509804 0.016515522875816993 0.013262867647058823
1 0.6597222222222222 0.47579656862745096 0.02042483660130719 0.013480392156862746
1 0.010620915032679739 0.6537990196078431 0.0196078431372549 0.015931372549019607
0 0.3220996732026144 0.6421568627450981 0.013480392156862746 0.00980392156862745
1 0.27532679738562094 0.2896752450980392 0.01715686274509804 0.012561274509803922
1 0.22058823529411764 0.5269822303921569 0.01715686274509804 0.012910539215686275
0 0.010416666666666666 0.8187806372549019 0.017565359477124183 0.014399509803921568
0 0.18116830065359477 0.663296568627451 0.01511437908496732 0.00980392156862745
0 0.099468954248366 0.7162990196078431 0.01838235294117647 0.012254901960784314
1 0.7303921568627451 0.3362438725490196 0.0196078431372549 0.013786764705882353
1 0.1909722222222222 0.48161764705882354 0.01838235294117647 0.014093137254901961
1 0.3604983660130719 0.5643382352941176 0.01919934640522876 0.014705882352941176
1 0.44505718954248363 0.2708333333333333 0.01919934640522876 0.012867647058823529
1 0.6897467320261438 0.24571078431372548 0.020016339869281044 0.014093137254901961
0 0.10825163398692811 0.8216911764705882 0.01715686274509804 0.012254901960784314
1 0.6811683006535948 0.4719669117647059 0.01838235294117647 0.013786764705882353
0 0.26762459150326795 0.6438863357843138 0.014824346405228757 0.00958639705882353
1 0.610498366013072 0.5594362745098039 0.01919934640522876 0.013480392156862746
0 0.22099673202614378 0.6531862745098039 0.013071895424836602 0.00857843137254902
1 0.34272875816993464 0.48514093137254904 0.017973856209150325 0.012561274509803922
1 0.6176470588235294 0.2824754901960784 0.018790849673202614 0.013480392156862746
0 0.5755718954248366 0.6158088235294118 0.015522875816993464 0.011642156862745098
1 0.49080882352941174 0.27956495098039214 0.02165032679738562 0.015012254901960785
1 0.06495098039215687 0.571078431372549 0.0196078431372549 0.013480392156862746
1 0.38439542483660133 0.42754289215686275 0.018790849673202614 0.015012254901960785
0 0.14726307189542484 0.6940870098039216 0.015931372549019607 0.010723039215686275
1 0.4491421568627451 0.5508578431372549 0.024101307189542485 0.017769607843137254
1 0.23631535947712418 0.48943014705882354 0.02246732026143791 0.015625
0 0.6452205882352942 0.6839767156862745 0.020833333333333332 0.014399509803921568
1 0.2346813725490196 0.5358455882352942 0.017565359477124183 0.011642156862745098
1 0.20976307189542484 0.3587622549019608 0.020833333333333332 0.014093137254901961
1 0.34068627450980393 0.36121323529411764 0.02042483660130719 0.015318627450980392
1 0.5614787581699346 0.5399816176470589 0.02165032679738562 0.015625
0 0.5892565359477124 0.7000612745098039 0.015931372549019607 0.011642156862745098
0 0.23651960784313725 0.7140012254901961 0.017973856209150325 0.013174019607843137
1 0.3474264705882353 0.4615502450980392 0.02246732026143791 0.015012254901960785
1 0.45731209150326796 0.38143382352941174 0.020833333333333332 0.014705882352941176
0 0.40441176470588236 0.8236825980392157 0.022058823529411766 0.015625
1 0.3560049019607843 0.3272058823529412 0.02246732026143791 0.016544117647058824
1 0.6321486928104575 0.4044561887254902 0.024101307189542485 0.01663296568627451
1 0.20649509803921567 0.48161764705882354 0.01838235294117647 0.014093137254901961
1 0.7220179738562091 0.4895833333333333 0.02246732026143791 0.015931372549019607
1 0.6759456699346404 0.4340640318627451 0.024276960784313725 0.018863357843137255
1 0.5191993464052288 0.5182291666666666 0.02369281045751634 0.016237745098039217
1 0.6926940359477124 0.30193014705882354 0.020191993464052288 0.015012254901960785
1 0.6613562091503268 0.43167892156862747 0.0196078431372549 0.015931372549019607
1 0.6286172385620915 0.3993566176470588 0.021940359477124183 0.013786764705882353
1 0.27768382352941173 0.5269822303921569 0.012883986928104574 0.009846813725490197
1 0.17680555555555555 0.5461963848039216 0.014558823529411765 0.010284926470588235
1 0.08022875816993465 0.6422441789215686 0.017483660130718955 0.011816789215686274
0 0.40991625816993466 0.5851501225490197 0.009375 0.0054718137254901955
1 0.3036744281045752 0.5980177696078431 0.012577614379084967 0.008535539215686274
0 0.2648978758169935 0.648875612745098 0.013455882352941175 0.008535539215686274
1 0.1559354575163399 0.4056372549019608 0.013668300653594772 0.009191176470588236
1 0.16613357843137255 0.4111075367647059 0.016090686274509804 0.010940563725490196
1 0.3969035947712418 0.5475536151960784 0.011127450980392157 0.008097426470588235