1 0.8417075163398693 0.3154105392156863 0.034722222222222224 0.020526960784313725
1 0.25796568627450983 0.3414522058823529 0.01838235294117647 0.012561274509803922
1 0.18770424836601307 0.37300857843137253 0.024101307189542485 0.022365196078431373
1 0.09415849673202614 0.3863357843137255 0.01838235294117647 0.01715686274509804
1 0.08619281045751634 0.3987438725490196 0.02042483660130719 0.015625
0 0.9646650326797386 0.4016544117647059 0.01838235294117647 0.017769607843137254
1 0.16523692810457516 0.4056372549019608 0.020016339869281044 0.012867647058823529
1 0.1460375816993464 0.40609681372549017 0.016748366013071895 0.016237745098039217
0 0.7346813725490197 0.4071691176470588 0.01838235294117647 0.006740196078431373
0 0.8547794117647058 0.40931372549019607 0.024918300653594773 0.013480392156862746
0 0.7032271241830066 0.41329656862745096 0.020833333333333332 0.012867647058823529
1 0.22365196078431374 0.04181985294117647 0.05841503267973856 0.060355392156862746
0 0.7485702614379085 0.41911764705882354 0.02165032679738562 0.00857843137254902
0 0.7359068627450981 0.43504901960784315 0.024101307189542485 0.013480392156862746
0 0.23284313725490197 0.43642769607843135 0.013888888888888888 0.005821078431372549
0 0.5684232026143791 0.4368872549019608 0.017565359477124183 0.014705882352941176
0 0.5884395424836601 0.45067401960784315 0.01511437908496732 0.015318627450980392
0 0.8792892156862745 0.4540441176470588 0.026552287581699346 0.015931372549019607
1 0.3443627450980392 0.004595588235294118 0.0392156862745098 0.009191176470588236
0 0.7363153594771242 0.4693627450980392 0.02246732026143791 0.015931372549019607
0 0.9948937908496732 0.47732843137254904 0.010212418300653595 0.01715686274509804
0 0.10212418300653595 0.4791666666666667 0.013888888888888888 0.013480392156862746
0 0.38766339869281047 0.4817708333333333 0.031862745098039214 0.02665441176470588
1 0.5247140522875817 0.0507046568627451 0.0363562091503268 0.046875
0 0.9287173202614379 0.5223651960784313 0.025735294117647058 0.014093137254901961
0 0.2542892156862745 0.5435049019607843 0.03390522875816993 0.029411764705882353
1 0.45179738562091504 0.05744485294117647 0.041666666666666664 0.04381127450980392
0 0.9724264705882353 0.5882352941176471 0.0298202614379085 0.01838235294117647
1 0.9875408496732027 0.06678921568627451 0.023284313725490197 0.04595588235294118
1 0.032066993464052285 0.0897671568627451 0.020833333333333332 0.018995098039215685
1 0.015318627450980392 0.01011029411764706 0.026552287581699346 0.01838235294117647
1 0.7277369281045751 0.16681985294117646 0.04370915032679738 0.03707107843137255
1 0.7189542483660131 0.20205269607843138 0.04330065359477124 0.033394607843137254
1 0.42687908496732024 0.021752450980392156 0.04820261437908497 0.04350490196078431
1 0.8237336601307189 0.24402573529411764 0.053513071895424834 0.05422794117647059
1 0.4987745098039216 0.25153186274509803 0.0392156862745098 0.0392156862745098