1 0.9321895424836601 0.31449142156862747 0.0196078431372549 0.019301470588235295
1 0.3292483660130719 0.3255208333333333 0.02287581699346405 0.015012254901960785
1 0.2624591503267974 0.3319546568627451 0.02165032679738562 0.012561274509803922
1 0.9691584967320261 0.33639705882352944 0.024101307189542485 0.015931372549019607
1 0.9920343137254902 0.34191176470588236 0.015931372549019607 0.012867647058823529
1 0.29616013071895425 0.34191176470588236 0.017973856209150325 0.012254901960784314
1 0.26123366013071897 0.34221813725490197 0.02165032679738562 0.015318627450980392
1 0.6094771241830066 0.3544730392156863 0.01715686274509804 0.016544117647058824
1 0.3137254901960784 0.3544730392156863 0.02042483660130719 0.013480392156862746
1 0.460375816993464 0.36580882352941174 0.024509803921568627 0.016544117647058824
1 0.9133986928104575 0.36642156862745096 0.013071895424836602 0.013480392156862746
1 0.5014297385620915 0.36963848039215685 0.023284313725490197 0.013174019607843137
1 0.471609477124183 0.3704044117647059 0.009395424836601307 0.010416666666666666
1 0.46548202614379086 0.3759191176470588 0.015931372549019607 0.013480392156862746
1 0.4381127450980392 0.3825061274509804 0.020016339869281044 0.015625
1 0.45588235294117646 0.3864889705882353 0.016339869281045753 0.01133578431372549
1 0.3639705882352941 0.39246323529411764 0.02042483660130719 0.0196078431372549
1 0.35804738562091504 0.3935355392156863 0.020016339869281044 0.016237745098039217
1 0.9808006535947712 0.3961397058823529 0.022058823529411766 0.010416666666666666
1 0.8055555555555556 0.3990502450980392 0.014705882352941176 0.008884803921568627
1 0.1039624183006536 0.40119485294117646 0.020016339869281044 0.010723039215686275
1 0.5882352941176471 0.40410539215686275 0.014705882352941176 0.011029411764705883
1 0.10866013071895425 0.4050245098039216 0.01715686274509804 0.010416666666666666
1 0.9944852941176471 0.4103860294117647 0.011029411764705883 0.01133578431372549
1 0.8043300653594772 0.41130514705882354 0.01715686274509804 0.010723039215686275
1 0.21303104575163398 0.41299019607843135 0.024101307189542485 0.014705882352941176
1 0.11356209150326797 0.4163602941176471 0.0196078431372549 0.012254901960784314
1 0.13541666666666666 0.4163602941176471 0.020016339869281044 0.00980392156862745
1 0.3059640522875817 0.4192708333333333 0.017973856209150325 0.013174019607843137
1 0.4991830065359477 0.42141544117647056 0.015522875816993464 0.01133578431372549
1 0.8390522875816994 0.42294730392156865 0.015522875816993464 0.008884803921568627
1 0.20118464052287582 0.4257046568627451 0.02246732026143791 0.021139705882352942
1 0.9803921568627451 0.42723651960784315 0.0196078431372549 0.014399509803921568
1 0.1474673202614379 0.4293811274509804 0.016339869281045753 0.009497549019607842
1 0.84375 0.42984068627450983 0.016748366013071895 0.00980392156862745
1 0.9509803921568627 0.43504901960784315 0.0196078431372549 0.013480392156862746
1 0.2267156862745098 0.43964460784313725 0.02042483660130719 0.012867647058823529
1 0.1576797385620915 0.4401041666666667 0.017973856209150325 0.01133578431372549
1 0.43709150326797386 0.4430147058823529 0.016339869281045753 0.009191176470588236
1 0.2577614379084967 0.44454656862745096 0.025326797385620915 0.012867647058823529
1 0.2420343137254902 0.44546568627450983 0.01919934640522876 0.011642156862745098
1 0.9583333333333334 0.44684436274509803 0.022058823529411766 0.015012254901960785
1 0.35498366013071897 0.45787377450980393 0.017973856209150325 0.016237745098039217
1 0.3991013071895425 0.45848651960784315 0.017973856209150325 0.013786764705882353
1 0.23304738562091504 0.4603247549019608 0.023284313725490197 0.019301470588235295
1 0.4070669934640523 0.4618566176470588 0.017565359477124183 0.012561274509803922
1 0.90625 0.4733455882352941 0.013480392156862746 0.009191176470588236
1 0.5727124183006536 0.4756433823529412 0.02369281045751634 0.018688725490196078
1 0.1031454248366013 0.47840073529411764 0.02165032679738562 0.013174019607843137
1 0.9131944444444444 0.4811580882352941 0.014297385620915032 0.007659313725490196
1 0.12459150326797386 0.4811580882352941 0.0196078431372549 0.014399509803921568
1 0.6542075163398693 0.48131127450980393 0.02900326797385621 0.016544117647058824
1 0.9869281045751634 0.4814644607843137 0.018790849673202614 0.016237745098039217
1 0.3631535947712418 0.48238357843137253 0.018790849673202614 0.012561274509803922
1 0.9738562091503268 0.48253676470588236 0.02287581699346405 0.018995098039215685
1 0.14011437908496732 0.48330269607843135 0.011437908496732025 0.008272058823529412
1 0.1597222222222222 0.48651960784313725 0.018790849673202614 0.013480392156862746
1 0.2704248366013072 0.4912683823529412 0.02042483660130719 0.011948529411764705
1 0.676062091503268 0.4921875 0.024509803921568627 0.01685049019607843
1 0.3770424836601307 0.49494485294117646 0.02042483660130719 0.014399509803921568
1 0.6521650326797386 0.4967830882352941 0.02900326797385621 0.017463235294117647
1 0.33782679738562094 0.5022977941176471 0.018790849673202614 0.010723039215686275
1 0.2665441176470588 0.5073529411764706 0.017565359477124183 0.013480392156862746
1 0.3292483660130719 0.5113357843137255 0.018790849673202614 0.014093137254901961
1 0.9150326797385621 0.5177696078431373 0.01715686274509804 0.009191176470588236
1 0.34375 0.5291053921568627 0.017565359477124183 0.015318627450980392
1 0.43913398692810457 0.5301776960784313 0.018790849673202614 0.014399509803921568
1 0.21303104575163398 0.538296568627451 0.01838235294117647 0.012867647058823529
1 0.1511437908496732 0.5396752450980392 0.018790849673202614 0.010723039215686275
1 0.9313725490196079 0.539828431372549 0.016339869281045753 0.011029411764705883
1 0.17769607843137256 0.5404411764705882 0.018790849673202614 0.012254901960784314
1 0.9524101307189542 0.5410539215686274 0.014297385620915032 0.011029411764705883
1 0.9669117647058824 0.5418198529411765 0.014705882352941176 0.01011029411764706
1 0.19648692810457516 0.5444240196078431 0.016339869281045753 0.012867647058823529
1 0.3451797385620915 0.5481004901960784 0.018790849673202614 0.013480392156862746
1 0.21262254901960784 0.5491727941176471 0.01919934640522876 0.012561274509803922
1 0.9912173202614379 0.5522365196078431 0.015931372549019607 0.009497549019607842
1 0.6736111111111112 0.5583639705882353 0.028594771241830064 0.021139705882352942
1 0.26286764705882354 0.5611213235294118 0.020016339869281044 0.012561274509803922
1 0.7095588235294118 0.5626531862745098 0.026143790849673203 0.021139705882352942
1 0.6321486928104575 0.5669424019607843 0.020016339869281044 0.015012254901960785
1 0.19730392156862744 0.5677083333333334 0.01715686274509804 0.011029411764705883
1 0.44138071895424835 0.5703125 0.01919934640522876 0.013786764705882353
1 0.28022875816993464 0.5732230392156863 0.017973856209150325 0.010416666666666666
0 0.9044117647058824 0.5791973039215687 0.010620915032679739 0.008884803921568627
0 0.07455065359477124 0.5802696078431373 0.011029411764705883 0.006127450980392157
0 0.018790849673202614 0.5814950980392157 0.017973856209150325 0.010416666666666666
1 0.8386437908496732 0.5821078431372549 0.02042483660130719 0.01838235294117647
1 0.2724673202614379 0.5840992647058824 0.01715686274509804 0.010723039215686275
0 0.9262663398692811 0.5862438725490197 0.012663398692810458 0.008884803921568627
1 0.8251633986928104 0.5868566176470589 0.02369281045751634 0.016237745098039217
1 0.3984885620915033 0.5899203431372549 0.024101307189542485 0.013174019607843137
0 0.0247140522875817 0.5922181372549019 0.01919934640522876 0.00980392156862745
1 0.3539624183006536 0.5991115196078431 0.01838235294117647 0.018075980392156864
0 0.9242238562091504 0.6034007352941176 0.012663398692810458 0.008272058823529412
1 0.7704248366013072 0.6058517156862745 0.017973856209150325 0.016237745098039217
1 0.9448529411764706 0.6066176470588235 0.0196078431372549 0.012867647058823529
0 0.9957107843137255 0.6092218137254902 0.00857843137254902 0.011948529411764705
1 0.6740196078431373 0.6135110294117647 0.02696078431372549 0.016237745098039217
0 0.08905228758169935 0.6171875 0.021241830065359478 0.013786764705882353
1 0.255718954248366 0.6187193627450981 0.01715686274509804 0.013786764705882353
1 0.25469771241830064 0.6254595588235294 0.015931372549019607 0.012561274509803922
0 0.9722222222222222 0.6297487745098039 0.017973856209150325 0.011948529411764705
1 0.5927287581699346 0.6309742647058824 0.02287581699346405 0.017463235294117647
1 0.4832516339869281 0.6312806372549019 0.021241830065359478 0.015012254901960785
1 0.6280637254901961 0.6326593137254902 0.020833333333333332 0.017769607843137254
1 0.5089869281045751 0.6343443627450981 0.02287581699346405 0.013786764705882353
0 0.13725490196078433 0.6372549019607843 0.02696078431372549 0.015931372549019607
1 0.5849673202614379 0.6472120098039216 0.025326797385620915 0.013786764705882353
0 0.9904003267973857 0.6490502450980392 0.016748366013071895 0.01011029411764706
0 0.6680964052287581 0.6518075980392157 0.017565359477124183 0.013174019607843137
0 0.15073529411764705 0.6544117647058824 0.017973856209150325 0.00980392156862745
1 0.5606617647058824 0.6551776960784313 0.016748366013071895 0.015012254901960785
0 0.9852941176470589 0.6564031862745098 0.017973856209150325 0.01011029411764706
0 0.9238153594771242 0.6577818627450981 0.012663398692810458 0.010416666666666666
1 0.559640522875817 0.6594669117647058 0.01715686274509804 0.013174019607843137
0 0.9027777777777778 0.6611519607843137 0.01715686274509804 0.010416666666666666
0 0.11580882352941177 0.6628370098039216 0.012663398692810458 0.009497549019607842
0 0.1256127450980392 0.6640625 0.015931372549019607 0.01133578431372549
1 0.9362745098039216 0.6645220588235294 0.018790849673202614 0.016544117647058824
0 0.8937908496732027 0.6686580882352942 0.017973856209150325 0.011948529411764705
1 0.4910130718954248 0.6695772058823529 0.024509803921568627 0.014399509803921568
0 0.13357843137254902 0.671109068627451 0.021241830065359478 0.008884803921568627
0 0.16891339869281047 0.672640931372549 0.013480392156862746 0.013174019607843137
1 0.8304738562091504 0.6727941176470589 0.02369281045751634 0.01715686274509804
1 0.7994281045751634 0.6766237745098039 0.026143790849673203 0.018688725490196078
0 0.125 0.6798406862745098 0.017973856209150325 0.00980392156862745
0 0.875 0.6815257352941176 0.02042483660130719 0.013174019607843137
0 0.7138480392156863 0.6841299019607843 0.014297385620915032 0.013480392156862746
1 0.48141339869281047 0.6841299019607843 0.02246732026143791 0.0196078431372549
0 0.9848856209150327 0.6844362745098039 0.015522875816993464 0.011642156862745098
1 0.8314950980392157 0.6881127450980392 0.024101307189542485 0.020833333333333332
1 0.8439542483660131 0.6951593137254902 0.02369281045751634 0.020833333333333332
1 0.7679738562091504 0.7058823529411765 0.0196078431372549 0.015931372549019607
0 0.5945669934640523 0.7136948529411765 0.013480392156862746 0.01133578431372549
0 0.900531045751634 0.7212009803921569 0.015931372549019607 0.014705882352941176
0 0.4571078431372549 0.7328431372549019 0.01715686274509804 0.016544117647058824
0 0.4279003267973856 0.7354473039215687 0.015931372549019607 0.013174019607843137
0 0.2757352941176471 0.7362132352941176 0.014705882352941176 0.014093137254901961
0 0.4579248366013072 0.7426470588235294 0.016339869281045753 0.011029411764705883
0 0.6819852941176471 0.7432598039215687 0.02165032679738562 0.015931372549019607
0 0.7620506535947712 0.7467830882352942 0.024101307189542485 0.017463235294117647
0 0.0032679738562091504 0.7472426470588235 0.006535947712418301 0.012867647058823529
0 0.8845996732026143 0.75 0.020833333333333332 0.015931372549019607
0 0.2820669934640523 0.7558210784313726 0.017565359477124183 0.013480392156862746
0 0.582312091503268 0.7559742647058824 0.02246732026143791 0.018075980392156864
0 0.009191176470588236 0.7591911764705882 0.01511437908496732 0.0196078431372549
0 0.7007761437908496 0.7616421568627451 0.016748366013071895 0.01715686274509804
0 0.08558006535947713 0.7670036764705882 0.01919934640522876 0.009497549019607842
0 0.7034313725490197 0.7800245098039216 0.03022875816993464 0.01715686274509804
0 0.8198529411764706 0.7881433823529411 0.021241830065359478 0.014399509803921568
0 0.35518790849673204 0.7945772058823529 0.020016339869281044 0.014399509803921568
0 0.7510212418300654 0.8656556372549019 0.028186274509803922 0.020526960784313725
0 0.4695669934640523 0.8658088235294118 0.02165032679738562 0.013480392156862746
0 0.7009803921568627 0.8776041666666666 0.027777777777777776 0.017463235294117647
0 0.7679738562091504 0.8854166666666666 0.024509803921568627 0.02022058823529412
0 0.9936683006535948 0.8924632352941176 0.012663398692810458 0.0196078431372549
0 0.8449754901960784 0.8969056372549019 0.02246732026143791 0.017463235294117647
0 0.5171568627450981 0.9160539215686274 0.02696078431372549 0.026348039215686275
0 0.6141748366013072 0.9319852941176471 0.02165032679738562 0.01715686274509804
0 0.9070669934640523 0.9434742647058824 0.01919934640522876 0.017463235294117647
1 0.8921568627450981 0.3020833333333333 0.01715686274509804 0.015318627450980392