1 0.27062908496732024 0.6456801470588235 0.034722222222222224 0.022365196078431373
1 0.40012254901960786 0.34160539215686275 0.028186274509803922 0.015318627450980392
1 0.9503676470588235 0.6003370098039216 0.026552287581699346 0.018075980392156864
1 0.7626633986928104 0.48268995098039214 0.025326797385620915 0.017463235294117647
1 0.28431372549019607 0.5988051470588235 0.035130718954248366 0.02542892156862745
1 0.13940767973856208 0.35830269607843135 0.0410702614379085 0.02542892156862745
1 0.08129084967320262 0.31081495098039214 0.04330065359477124 0.026041666666666668
1 0.46870506535947715 0.45095741421568625 0.019926470588235295 0.014659926470588235
1 0.07618464052287582 0.3737745098039216 0.03308823529411765 0.024509803921568627
1 0.24754901960784315 0.45481004901960786 0.032679738562091505 0.023590686274509803
1 0.042279411764705885 0.6907169117647058 0.030637254901960783 0.020526960784313725
1 0.24611928104575165 0.31050857843137253 0.044526143790849675 0.027879901960784315
1 0.1729983660130719 0.6539522058823529 0.024918300653594773 0.021139705882352942
0 0.644812091503268 0.7397365196078431 0.01919934640522876 0.013174019607843137
1 0.3874591503267974 0.39169730392156865 0.026552287581699346 0.021752450980392156
1 0.8331290849673203 0.5839460784313726 0.03145424836601307 0.020833333333333332
1 0.3112745098039216 0.5520833333333334 0.03349673202614379 0.023284313725490197
1 0.9593545751633987 0.6652879901960784 0.03308823529411765 0.02297794117647059
1 0.4895833333333333 0.4348958333333333 0.028186274509803922 0.02420343137254902
0 0.4097222222222222 0.9736519607843137 0.03349673202614379 0.02389705882352941
1 0.16013071895424835 0.41590073529411764 0.0392156862745098 0.02849264705882353
1 0.22242647058823528 0.4753370098039216 0.03553921568627451 0.023590686274509803
1 0.17994281045751634 0.46231617647058826 0.034722222222222224 0.024509803921568627
1 0.08169934640522876 0.23069852941176472 0.03758169934640523 0.024509803921568627
0 0.01491013071895425 0.9777879901960784 0.028186274509803922 0.02420343137254902
1 0.19873366013071894 0.6536458333333334 0.030637254901960783 0.022365196078431373
1 0.2207924836601307 0.41452205882352944 0.042075163398692814 0.028186274509803922
1 0.136437908496732 0.49371936274509803 0.0392156862745098 0.0272671568627451
1 0.024918300653594773 0.25214460784313725 0.042483660130718956 0.029411764705882353
0 0.3329248366013072 0.9918811274509803 0.03839869281045752 0.016237745098039217
1 0.10559640522875817 0.6017156862745098 0.03880718954248366 0.028186274509803922
0 0.19852941176470587 0.9764093137254902 0.04084967320261438 0.029411764705882353
1 0.6860702614379085 0.5373774509803921 0.03553921568627451 0.024509803921568627
0 0.1184640522875817 0.9088541666666666 0.03349673202614379 0.026041666666666668
1 0.4352532679738562 0.4137561274509804 0.03390522875816993 0.02420343137254902
0 0.6323529411764706 0.8213848039215687 0.028594771241830064 0.017769607843137254
1 0.21711601307189543 0.34972426470588236 0.05106209150326797 0.0352328431372549
1 0.15012254901960784 0.6161151960784313 0.039624183006535946 0.029411764705882353
1 0.016339869281045753 0.6732536764705882 0.032679738562091505 0.0272671568627451
1 0.13562091503267973 0.3877144607843137 0.0457516339869281 0.03278186274509804
1 0.3382352941176471 0.5805759803921569 0.03839869281045752 0.027573529411764705
1 0.8196486928104575 0.6305147058823529 0.03227124183006536 0.024509803921568627
0 0.7618464052287581 0.9753370098039216 0.03349673202614379 0.0272671568627451
0 0.17034313725490197 0.8923100490196079 0.03022875816993464 0.02297794117647059
1 0.17830882352941177 0.5690870098039216 0.03553921568627451 0.024816176470588234
1 0.05555555555555555 0.26838235294117646 0.04330065359477124 0.03002450980392157
1 0.2534089052287582 0.34386795343137255 0.04685049019607843 0.03087316176470588
1 0.4487377450980392 0.44763327205882353 0.02002450980392157 0.014139093137254902
1 0.6927839052287581 0.2906770833333333 0.02854166666666667 0.018854166666666665
1 0.5344750816993464 0.40794730392156864 0.03136846405228758 0.02238970588235294