1 0.47855392156862747 0.31893382352941174 0.0298202614379085 0.022058823529411766
1 0.5051062091503268 0.3226102941176471 0.02246732026143791 0.02022058823529412
1 0.7544934640522876 0.3393075980392157 0.03594771241830065 0.022365196078431373
1 0.14562908496732027 0.3480392156862745 0.028186274509803922 0.0196078431372549
1 0.7855392156862745 0.35401348039215685 0.032679738562091505 0.029105392156862746
1 0.16605392156862744 0.3581495098039216 0.028186274509803922 0.018995098039215685
1 0.33762254901960786 0.35860906862745096 0.04044117647058824 0.029105392156862746
1 0.09272875816993464 0.36213235294117646 0.031862745098039214 0.02144607843137255
1 0.605187908496732 0.39920343137254904 0.0298202614379085 0.022058823529411766
1 0.17463235294117646 0.40042892156862747 0.024101307189542485 0.014705882352941176
1 0.02246732026143791 0.4074754901960784 0.026143790849673203 0.012867647058823529
1 0.12377450980392157 0.40778186274509803 0.027777777777777776 0.01838235294117647
1 0.733251633986928 0.40900735294117646 0.028594771241830064 0.01838235294117647
1 0.49530228758169936 0.42080269607843135 0.04125816993464052 0.03278186274509804
1 0.7493872549019608 0.42371323529411764 0.02900326797385621 0.014705882352941176
1 0.7265114379084967 0.43014705882352944 0.025735294117647058 0.014705882352941176
1 0.43586601307189543 0.43443627450980393 0.041666666666666664 0.03125
1 0.4679330065359477 0.4401041666666667 0.04125816993464052 0.030943627450980393
1 0.2790032679738562 0.45557598039215685 0.02369281045751634 0.01715686274509804
1 0.6472630718954249 0.45909926470588236 0.028186274509803922 0.01685049019607843
1 0.05310457516339869 0.4909620098039216 0.03594771241830065 0.021752450980392156
1 0.28165849673202614 0.49234068627450983 0.026552287581699346 0.023284313725490197
1 0.542687908496732 0.49525122549019607 0.02246732026143791 0.014399509803921568
1 0.8982843137254902 0.5102634803921569 0.026143790849673203 0.015012254901960785
1 0.7935049019607843 0.5119485294117647 0.025735294117647058 0.01838235294117647
1 0.3584558823529412 0.514859068627451 0.04044117647058824 0.024816176470588234
1 0.8165849673202614 0.5183823529411765 0.032679738562091505 0.023284313725490197
1 0.6019199346405228 0.5200674019607843 0.014297385620915032 0.012561274509803922
1 0.6938316993464052 0.5246629901960784 0.015931372549019607 0.010723039215686275
1 0.7910539215686274 0.5255821078431373 0.024918300653594773 0.014399509803921568
1 0.7436683006535948 0.5369178921568627 0.01919934640522876 0.012561274509803922
1 0.9330065359477124 0.5386029411764706 0.03431372549019608 0.024509803921568627
1 0.19117647058823528 0.5393688725490197 0.03431372549019608 0.016237745098039217
1 0.22834967320261437 0.539828431372549 0.025326797385620915 0.01715686274509804
1 0.7230392156862745 0.5404411764705882 0.013071895424836602 0.009191176470588236
1 0.40461601307189543 0.5511642156862745 0.01838235294117647 0.015318627450980392
1 0.49325980392156865 0.5580575980392157 0.034722222222222224 0.027879901960784315
1 0.3229166666666667 0.5620404411764706 0.02246732026143791 0.017463235294117647
1 0.7258986928104575 0.5776654411764706 0.013888888888888888 0.01011029411764706
1 0.8993055555555556 0.5798100490196079 0.03390522875816993 0.021139705882352942
1 0.33517156862745096 0.5836397058823529 0.03308823529411765 0.024509803921568627
1 0.3937908496732026 0.5879289215686274 0.016339869281045753 0.014093137254901961
1 0.3715277777777778 0.5978860294117647 0.020016339869281044 0.010723039215686275
1 0.25102124183006536 0.6231617647058824 0.04125816993464052 0.024509803921568627
1 0.8674428104575164 0.6337316176470589 0.04125816993464052 0.0272671568627451
0 0.795547385620915 0.6478247549019608 0.024101307189542485 0.017463235294117647
0 0.7757352941176471 0.6501225490196079 0.021241830065359478 0.017769607843137254
1 0.4928513071895425 0.6541053921568627 0.024918300653594773 0.012867647058823529
1 0.26776960784313725 0.6590073529411765 0.037173202614379085 0.02389705882352941
1 0.36376633986928103 0.6825980392156863 0.03308823529411765 0.024509803921568627
0 0.7659313725490197 0.6896446078431373 0.02696078431372549 0.0196078431372549
0 0.8004493464052288 0.6940870098039216 0.039624183006535946 0.02420343137254902
0 0.0755718954248366 0.6986825980392157 0.014705882352941176 0.008884803921568627
0 0.06147875816993464 0.7057291666666666 0.01838235294117647 0.012561274509803922
0 0.05555555555555555 0.7504595588235294 0.031862745098039214 0.022365196078431373
0 0.7708333333333334 0.7604166666666666 0.016339869281045753 0.014705882352941176
0 0.14665032679738563 0.7717524509803921 0.03104575163398693 0.01838235294117647
0 0.7896241830065359 0.7872242647058824 0.042483660130718956 0.0272671568627451
0 0.05943627450980392 0.7886029411764706 0.042075163398692814 0.016544117647058824
0 0.6174428104575164 0.7902879901960784 0.03308823529411765 0.021752450980392156
0 0.7175245098039216 0.8057598039215687 0.054330065359477125 0.03431372549019608
0 0.8982843137254902 0.8111213235294118 0.04738562091503268 0.030943627450980393
0 0.4187091503267974 0.8246017156862745 0.03758169934640523 0.021752450980392156
0 0.6145833333333334 0.8808210784313726 0.03880718954248366 0.018995098039215685
0 0.1329656862745098 0.8982843137254902 0.024918300653594773 0.0196078431372549
1 0.7285539215686274 0.20542279411764705 0.037173202614379085 0.026041666666666668
1 0.48304738562091504 0.22028186274509803 0.02900326797385621 0.022058823529411766
1 0.698937908496732 0.22212009803921567 0.03431372549019608 0.024509803921568627
1 0.7984068627450981 0.24647671568627452 0.03553921568627451 0.02420343137254902
1 0.6129493464052288 0.2575061274509804 0.0298202614379085 0.023590686274509803
1 0.644812091503268 0.2611825980392157 0.03390522875816993 0.024816176470588234
1 0.7005718954248366 0.28370098039215685 0.035130718954248366 0.020833333333333332
1 0.1256127450980392 0.3020833333333333 0.03308823529411765 0.015931372549019607
0 0.006535947712418301 0.7527573529411765 0.013071895424836602 0.016544117647058824
0 0.004493464052287581 0.6878063725490197 0.008986928104575163 0.012867647058823529
1 0.7305453431372549 0.7240257352941176 0.046875 0.05344362745098039