1 0.33455882352941174 0.3080575980392157 0.03104575163398693 0.021752450980392156
1 0.43218954248366015 0.3092830882352941 0.03022875816993464 0.02297794117647059
1 0.6382761437908496 0.32184436274509803 0.03145424836601307 0.02297794117647059
1 0.43566176470588236 0.32230392156862747 0.02165032679738562 0.011642156862745098
1 0.6750408496732027 0.33379289215686275 0.03308823529411765 0.02542892156862745
1 0.37663398692810457 0.3405330882352941 0.02287581699346405 0.019301470588235295
1 0.41217320261437906 0.3434436274509804 0.02287581699346405 0.014705882352941176
1 0.7906454248366013 0.3463541666666667 0.020016339869281044 0.015625
1 0.5610702614379085 0.36243872549019607 0.03227124183006536 0.01838235294117647
1 0.4957107843137255 0.39016544117647056 0.01184640522875817 0.009497549019607842
1 0.752859477124183 0.39537377450980393 0.017973856209150325 0.013786764705882353
1 0.6015114379084967 0.39981617647058826 0.02900326797385621 0.023284313725490197
1 0.8870506535947712 0.40027573529411764 0.04534313725490196 0.02542892156862745
1 0.6711601307189542 0.40548406862745096 0.022058823529411766 0.019301470588235295
1 0.7675653594771242 0.4068627450980392 0.018790849673202614 0.01715686274509804
1 0.5383986928104575 0.40900735294117646 0.02369281045751634 0.01838235294117647
1 0.35927287581699346 0.4099264705882353 0.012663398692810458 0.007965686274509803
1 0.3321078431372549 0.4137561274509804 0.026143790849673203 0.015625
1 0.3713235294117647 0.4192708333333333 0.026143790849673203 0.022365196078431373
1 0.5020424836601307 0.4267769607843137 0.022058823529411766 0.015318627450980392
1 0.7935049019607843 0.43045343137254904 0.016748366013071895 0.02144607843137255
1 0.8145424836601307 0.4341299019607843 0.03431372549019608 0.024509803921568627
1 0.37602124183006536 0.43995098039215685 0.024101307189542485 0.014705882352941176
1 0.8841911764705882 0.45067401960784315 0.03553921568627451 0.02389705882352941
1 0.5204248366013072 0.45297181372549017 0.03104575163398693 0.021752450980392156
1 0.7248774509803921 0.45450367647058826 0.027369281045751634 0.018688725490196078
1 0.15012254901960784 0.4563419117647059 0.02900326797385621 0.019301470588235295
1 0.3059640522875817 0.4566482843137255 0.03022875816993464 0.018688725490196078
1 0.42054738562091504 0.4653799019607843 0.02900326797385621 0.017769607843137254
1 0.7052696078431373 0.46568627450980393 0.00857843137254902 0.006127450980392157
1 0.17258986928104575 0.46599264705882354 0.03145424836601307 0.018995098039215685
1 0.9906045751633987 0.46675857843137253 0.018790849673202614 0.018688725490196078
1 0.36907679738562094 0.46767769607843135 0.024101307189542485 0.019301470588235295
1 0.22773692810457516 0.4725796568627451 0.0298202614379085 0.015625
1 0.44669117647058826 0.48713235294117646 0.025735294117647058 0.02144607843137255
1 0.6646241830065359 0.4882046568627451 0.013071895424836602 0.01011029411764706
1 0.3570261437908497 0.4882046568627451 0.03104575163398693 0.022365196078431373
1 0.5929330065359477 0.49080882352941174 0.037173202614379085 0.025735294117647058
1 0.22875816993464052 0.5033700980392157 0.035130718954248366 0.023284313725490197
1 0.3300653594771242 0.5053615196078431 0.02369281045751634 0.01991421568627451
1 0.7536764705882353 0.5140931372549019 0.018790849673202614 0.01838235294117647
1 0.28594771241830064 0.5160845588235294 0.031862745098039214 0.02542892156862745
1 0.4319852941176471 0.5200674019607843 0.02165032679738562 0.018688725490196078
1 0.45588235294117646 0.5225183823529411 0.02369281045751634 0.021752450980392156
1 0.4180964052287582 0.5438112745098039 0.02165032679738562 0.014093137254901961
1 0.7132352941176471 0.546875 0.026143790849673203 0.0196078431372549
1 0.5002042483660131 0.5507046568627451 0.03308823529411765 0.024816176470588234
1 0.795547385620915 0.5700061274509803 0.020833333333333332 0.018688725490196078
1 0.3321078431372549 0.5791973039215687 0.03022875816993464 0.02297794117647059
1 0.3762254901960784 0.5791973039215687 0.02369281045751634 0.01685049019607843
1 0.8272058823529411 0.5796568627450981 0.02696078431372549 0.01838235294117647
1 0.5986519607843137 0.5908394607843137 0.03145424836601307 0.022365196078431373
1 0.8964460784313726 0.5919117647058824 0.03308823529411765 0.02144607843137255
1 0.5122549019607843 0.594515931372549 0.035130718954248366 0.024816176470588234
1 0.31086601307189543 0.5969669117647058 0.02369281045751634 0.019301470588235295
1 0.6454248366013072 0.6017156862745098 0.02696078431372549 0.020833333333333332
1 0.035130718954248366 0.6058517156862745 0.03022875816993464 0.01685049019607843
1 0.7636846405228758 0.6083026960784313 0.02900326797385621 0.02297794117647059
1 0.8190359477124183 0.6184129901960784 0.03349673202614379 0.024816176470588234
1 0.6697303921568627 0.6669730392156863 0.02900326797385621 0.02144607843137255
1 0.5610702614379085 0.6853553921568627 0.03227124183006536 0.01838235294117647
0 0.3506944444444444 0.6878063725490197 0.015931372549019607 0.009191176470588236
1 0.6227532679738562 0.6917892156862745 0.02900326797385621 0.023284313725490197
1 0.4579248366013072 0.6965379901960784 0.03022875816993464 0.022365196078431373
0 0.318218954248366 0.7064950980392157 0.017973856209150325 0.011029411764705883
1 0.4238153594771242 0.7106311274509803 0.016748366013071895 0.013174019607843137
1 0.27879901960784315 0.7356004901960784 0.0298202614379085 0.02022058823529412
1 0.41421568627450983 0.7400428921568627 0.03839869281045752 0.029105392156862746
0 0.9624183006535948 0.7409620098039216 0.017973856209150325 0.01011029411764706
0 0.12990196078431374 0.7521446078431373 0.0196078431372549 0.012254901960784314
0 0.7167075163398693 0.8639705882352942 0.024918300653594773 0.02022058823529412
0 0.5042892156862745 0.8737745098039216 0.024918300653594773 0.01838235294117647
0 0.6889297385620915 0.8756127450980392 0.03227124183006536 0.02144607843137255
0 0.2986111111111111 0.8834252450980392 0.0196078431372549 0.013174019607843137
0 0.9936683006535948 0.9171262254901961 0.012663398692810458 0.021752450980392156
0 0.5555555555555556 0.9183517156862745 0.029411764705882353 0.021752450980392156
0 0.8241421568627451 0.9237132352941176 0.03308823529411765 0.023284313725490197
0 0.670547385620915 0.9287683823529411 0.028186274509803922 0.022365196078431373
0 0.9636437908496732 0.9365808823529411 0.03431372549019608 0.027573529411764705
0 0.6556372549019608 0.9431678921568627 0.035130718954248366 0.030943627450980393
0 0.6280637254901961 0.9528186274509803 0.03390522875816993 0.029411764705882353
0 0.6885212418300654 0.9543504901960784 0.030637254901960783 0.01838235294117647
1 0.579248366013072 0.29932598039215685 0.026143790849673203 0.01838235294117647