1 0.8194444444444444 0.3095894607843137 0.03349673202614379 0.015625
1 0.8641748366013072 0.3550857843137255 0.026552287581699346 0.02022058823529412
1 0.8451797385620915 0.35922181372549017 0.022058823529411766 0.021139705882352942
1 0.9889705882352942 0.3645833333333333 0.022058823529411766 0.02696078431372549
1 0.9844771241830066 0.5199142156862745 0.03104575163398693 0.029411764705882353
0 0.9503676470588235 0.5975796568627451 0.014297385620915032 0.006433823529411764
0 0.9803921568627451 0.5995710784313726 0.022058823529411766 0.014705882352941176
0 0.5802696078431373 0.6383272058823529 0.016748366013071895 0.008884803921568627
0 0.7790032679738562 0.6781556372549019 0.02696078431372549 0.023590686274509803
0 0.6983251633986928 0.6996017156862745 0.01511437908496732 0.009497549019607842
0 0.46691176470588236 0.7045036764705882 0.024509803921568627 0.016237745098039217
0 0.7097630718954249 0.7061887254901961 0.02246732026143791 0.012867647058823529
0 0.7538807189542484 0.7064950980392157 0.020016339869281044 0.011642156862745098
0 0.3786764705882353 0.7113970588235294 0.01715686274509804 0.009191176470588236
0 0.5046977124183006 0.7166053921568627 0.012663398692810458 0.009191176470588236
0 0.6000816993464052 0.7170649509803921 0.024509803921568627 0.01685049019607843
0 0.3263888888888889 0.7207414215686274 0.021241830065359478 0.008884803921568627
0 0.7604166666666666 0.7208946078431373 0.027369281045751634 0.012254901960784314
0 0.6752450980392157 0.7212009803921569 0.012254901960784314 0.010416666666666666
0 0.8817401960784313 0.7248774509803921 0.024101307189542485 0.02389705882352941
0 0.33843954248366015 0.7253370098039216 0.01919934640522876 0.01133578431372549
0 0.2622549019607843 0.7270220588235294 0.02287581699346405 0.015931372549019607
0 0.3799019607843137 0.7296262254901961 0.013888888888888888 0.008272058823529412
0 0.32250816993464054 0.7323835784313726 0.01838235294117647 0.01011029411764706
0 0.3220996732026144 0.7478553921568627 0.01919934640522876 0.012867647058823529
0 0.8651960784313726 0.7489276960784313 0.02287581699346405 0.020526960784313725
0 0.9328022875816994 0.7559742647058824 0.020833333333333332 0.020526960784313725
0 0.7826797385620915 0.7643995098039216 0.022058823529411766 0.013480392156862746
0 0.5618872549019608 0.7686887254901961 0.02246732026143791 0.014705882352941176
0 0.4993872549019608 0.7700674019607843 0.015931372549019607 0.013174019607843137
0 0.7792075163398693 0.7740502450980392 0.02165032679738562 0.015012254901960785
0 0.31229575163398693 0.7757352941176471 0.02165032679738562 0.014093137254901961
0 0.9775326797385621 0.8042279411764706 0.031862745098039214 0.025122549019607844
0 0.372140522875817 0.8500306372549019 0.028594771241830064 0.01685049019607843
0 0.19015522875816993 0.8576899509803921 0.03553921568627451 0.022365196078431373
0 0.13480392156862744 0.8613664215686274 0.032679738562091505 0.020526960784313725
0 0.7310049019607843 0.867953431372549 0.0298202614379085 0.018995098039215685
0 0.704452614379085 0.8815870098039216 0.028186274509803922 0.017463235294117647
0 0.5659722222222222 0.9768688725490197 0.028186274509803922 0.019301470588235295
1 0.9291258169934641 0.22549019607843138 0.03308823529411765 0.025735294117647058
1 0.8143382352941176 0.3005514705882353 0.02246732026143791 0.015318627450980392
1 0.9725980392156863 0.12066023284313725 0.03996732026143791 0.03114889705882353
1 0.9291666666666666 0.16503216911764704 0.04133986928104575 0.02859375
1 0.7811049836601307 0.5243060661764706 0.027079248366013074 0.020425857843137257
0 0.8090114379084967 0.5804227941176471 0.02161764705882353 0.013786764705882353
0 0.21180555555555555 0.9906556372549019 0.03145424836601307 0.018688725490196078