1 0.6229575163398693 0.3157169117647059 0.03022875816993464 0.018688725490196078
1 0.7185457516339869 0.33777573529411764 0.02042483660130719 0.018688725490196078
1 0.29554738562091504 0.3478860294117647 0.020833333333333332 0.016237745098039217
1 0.5428921568627451 0.3518688725490196 0.02369281045751634 0.019301470588235295
1 0.7305964052287581 0.35431985294117646 0.025735294117647058 0.01685049019607843
1 0.7069035947712419 0.35799632352941174 0.0298202614379085 0.016237745098039217
1 0.44138071895424835 0.359375 0.028186274509803922 0.02144607843137255
1 0.5690359477124183 0.38128063725490197 0.02042483660130719 0.019301470588235295
1 0.04064542483660131 0.39307598039215685 0.02246732026143791 0.02144607843137255
1 0.585171568627451 0.39568014705882354 0.024918300653594773 0.022365196078431373
1 0.42320261437908496 0.40870098039215685 0.02696078431372549 0.020833333333333332
1 0.30187908496732024 0.4169730392156863 0.027777777777777776 0.020833333333333332
1 0.5555555555555556 0.4227941176470588 0.021241830065359478 0.017769607843137254
1 0.35723039215686275 0.4446997549019608 0.03880718954248366 0.02665441176470588
1 0.2681781045751634 0.4485294117647059 0.027369281045751634 0.022058823529411766
1 0.1948529411764706 0.4621629901960784 0.024509803921568627 0.02420343137254902
1 0.5882352941176471 0.46629901960784315 0.027777777777777776 0.01838235294117647
1 0.46405228758169936 0.46982230392156865 0.016339869281045753 0.011948529411764705
1 0.4965277777777778 0.4742647058823529 0.025735294117647058 0.0196078431372549
1 0.6948529411764706 0.4771752450980392 0.03104575163398693 0.018075980392156864
1 0.4818218954248366 0.4803921568627451 0.02165032679738562 0.018995098039215685
1 0.6427696078431373 0.4814644607843137 0.02165032679738562 0.013786764705882353
1 0.4730392156862745 0.49356617647058826 0.018790849673202614 0.01715686274509804
1 0.36825980392156865 0.49356617647058826 0.026552287581699346 0.0196078431372549
1 0.534109477124183 0.49754901960784315 0.024918300653594773 0.01838235294117647
1 0.30780228758169936 0.49862132352941174 0.024918300653594773 0.01685049019607843
1 0.2618464052287582 0.5098039215686274 0.021241830065359478 0.013480392156862746
1 0.7628676470588235 0.5249693627450981 0.028186274509803922 0.01991421568627451
1 0.4777369281045752 0.5386029411764706 0.01919934640522876 0.016544117647058824
1 0.5153186274509803 0.5603553921568627 0.017565359477124183 0.015931372549019607
1 0.5214460784313726 0.5853247549019608 0.02165032679738562 0.015012254901960785
1 0.6599264705882353 0.5984987745098039 0.014297385620915032 0.013786764705882353
1 0.690359477124183 0.6043198529411765 0.02287581699346405 0.015625
1 0.40604575163398693 0.6181066176470589 0.03594771241830065 0.021752450980392156
1 0.5622957516339869 0.6332720588235294 0.015931372549019607 0.014705882352941176
1 0.5416666666666666 0.647671568627451 0.014705882352941176 0.013480392156862746
1 0.5892565359477124 0.6585477941176471 0.01511437908496732 0.013174019607843137
0 0.434640522875817 0.6928615196078431 0.018790849673202614 0.013786764705882353
0 0.39276960784313725 0.6996017156862745 0.017565359477124183 0.013174019607843137
0 0.5964052287581699 0.7132352941176471 0.008986928104575163 0.007352941176470588
0 0.5537173202614379 0.7158394607843137 0.01184640522875817 0.009497549019607842
0 0.07659313725490197 0.725796568627451 0.020016339869281044 0.016544117647058824
0 0.9746732026143791 0.725796568627451 0.027777777777777776 0.016544117647058824
0 0.5763888888888888 0.7357536764705882 0.015522875816993464 0.010723039215686275
0 0.9538398692810458 0.7489276960784313 0.029411764705882353 0.017463235294117647
0 0.6776960784313726 0.7680759803921569 0.017973856209150325 0.012867647058823529
0 0.2232434640522876 0.7693014705882353 0.027369281045751634 0.015318627450980392
1 0.3300653594771242 0.7703737745098039 0.03022875816993464 0.01991421568627451
0 0.5371732026143791 0.7810968137254902 0.02369281045751634 0.015625
0 0.6341911764705882 0.7993259803921569 0.016748366013071895 0.014705882352941176
0 0.46915849673202614 0.8013174019607843 0.015931372549019607 0.016237745098039217
0 0.852328431372549 0.8095894607843137 0.020016339869281044 0.01685049019607843
0 0.6580882352941176 0.8216911764705882 0.017973856209150325 0.013480392156862746
0 0.5953839869281046 0.8414522058823529 0.020016339869281044 0.013174019607843137
0 0.4714052287581699 0.8511029411764706 0.022058823529411766 0.015931372549019607
0 0.6205065359477124 0.8740808823529411 0.02696078431372549 0.0196078431372549
0 0.7346813725490197 0.8748468137254902 0.028186274509803922 0.017463235294117647
0 0.4789624183006536 0.8777573529411765 0.02165032679738562 0.0196078431372549
0 0.35661764705882354 0.8818933823529411 0.024509803921568627 0.015012254901960785
0 0.3075980392156863 0.8880208333333334 0.021241830065359478 0.017463235294117647
0 0.6795343137254902 0.9019607843137255 0.027369281045751634 0.02267156862745098
0 0.41094771241830064 0.9195772058823529 0.028594771241830064 0.020526960784313725
0 0.3880718954248366 0.9397977941176471 0.021241830065359478 0.014399509803921568
0 0.6115196078431373 0.9459252450980392 0.026143790849673203 0.018075980392156864
0 0.1642156862745098 0.9508272058823529 0.029411764705882353 0.02849264705882353
0 0.37254901960784315 0.9555759803921569 0.025326797385620915 0.015318627450980392
0 0.5314542483660131 0.9937193627450981 0.035130718954248366 0.012561274509803922
0 0.4193218954248366 0.9944852941176471 0.025735294117647058 0.011029411764705883
1 0.1170343137254902 0.1210171568627451 0.03390522875816993 0.030637254901960783
1 0.44812091503267976 0.15027573529411764 0.017973856209150325 0.016237745098039217
1 0.2834967320261438 0.28630514705882354 0.015522875816993464 0.013174019607843137
1 0.33455882352941174 0.29871323529411764 0.0196078431372549 0.015318627450980392