1 0.02267156862745098 0.3238357843137255 0.023284313725490197 0.024509803921568627
1 0.11417483660130719 0.41130514705882354 0.030637254901960783 0.029105392156862746
1 0.4869281045751634 0.43014705882352944 0.024509803921568627 0.025735294117647058
1 0.11785130718954248 0.49402573529411764 0.03227124183006536 0.030330882352941176
1 0.0974264705882353 0.6369485294117647 0.026552287581699346 0.023284313725490197
1 0.1417483660130719 0.6467524509803921 0.035130718954248366 0.031862745098039214
0 0.6037581699346405 0.694546568627451 0.02287581699346405 0.01838235294117647
0 0.9932598039215687 0.7319240196078431 0.013480392156862746 0.012867647058823529
0 0.6384803921568627 0.7830882352941176 0.025326797385620915 0.02022058823529412
0 0.21098856209150327 0.8308823529411765 0.0298202614379085 0.026348039215686275
1 0.5278349673202615 0.6132705269607843 0.028709150326797387 0.02188419117647059
1 0.5138296568627451 0.6056985294117647 0.024391339869281044 0.01838235294117647
1 0.6775408496732026 0.45071844362745095 0.02991830065359477 0.01969669117647059
1 0.4558721405228758 0.4082199754901961 0.026940359477124184 0.019258578431372547
0 0.16781658496732027 0.5339629289215686 0.010469771241830066 0.007876838235294118
1 0.07947303921568628 0.3270741421568627 0.031495098039215685 0.02056985294117647
1 0.09651143790849673 0.3477328431372549 0.03616013071895425 0.02144607843137255
1 0.11063316993464052 0.32173560049019606 0.03090686274509804 0.02276041666666667
1 0.15736928104575162 0.35333486519607843 0.0361437908496732 0.024071691176470587
1 0.18765522875816992 0.44485294117647056 0.01338235294117647 0.009191176470588236
1 0.22493872549019606 0.4616161151960784 0.0127859477124183 0.006565563725490196
1 0.21449550653594773 0.4699754901960784 0.009873366013071896 0.006127450980392157
1 0.2451858660130719 0.4863449754901961 0.015698529411764705 0.010067401960784313
1 0.14080882352941176 0.6222426470588235 0.043055555555555555 0.027573529411764705
1 0.06746323529411764 0.507484681372549 0.031985294117647056 0.02232230392156863
1 0.15026143790849672 0.5613189338235294 0.020294117647058824 0.013569240196078431
0 0.7332087418300653 0.6979610906862745 0.01625408496732026 0.010505514705882353
0 0.9324714052287582 0.5248161764705882 0.006282679738562092 0.006127450980392157
0 0.8540502450980393 0.521796875 0.006303104575163398 0.0043780637254901954
0 0.9444546568627451 0.5130422794117647 0.010641339869281046 0.005251225490196079
0 0.9536764705882352 0.5375965073529412 0.009477124183006535 0.006565563725490196
1 0.9883578431372549 0.5209865196078431 0.023284313725490197 0.02665441176470588
0 0.9123406862745097 0.5102849264705882 0.006870915032679738 0.005251225490196079
0 0.8506086601307189 0.49881893382352943 0.009223856209150326 0.0043780637254901954
0 0.9378410947712419 0.5149249387254902 0.008035130718954248 0.006565563725490196