0 0.07659313725490197 0.6099877450980392 0.0298202614379085 0.018995098039215685
0 0.2943218954248366 0.6449142156862745 0.027369281045751634 0.018995098039215685
0 0.017769607843137254 0.647671568627451 0.03308823529411765 0.022058823529411766
0 0.9805964052287581 0.7291666666666666 0.02900326797385621 0.022058823529411766
0 0.9761029411764706 0.7545955882352942 0.0298202614379085 0.02267156862745098
0 0.8024918300653595 0.7549019607843137 0.030637254901960783 0.02696078431372549
0 0.06066176470588235 0.8164828431372549 0.04044117647058824 0.026348039215686275
1 0.01613562091503268 0.09191176470588236 0.0298202614379085 0.03676470588235294
0 0.29595383986928103 0.6773023897058824 0.019195261437908496 0.012693014705882353
0 0.4794035947712418 0.8388480392156863 0.02906862745098039 0.02144607843137255
0 0.4385600490196079 0.7974877450980392 0.024995915032679738 0.01838235294117647
0 0.2652042483660131 0.6495971200980392 0.019787581699346406 0.011816789215686274
0 0.9151286764705883 0.7629120710784314 0.03368872549019608 0.02276041666666667
0 0.9321078431372549 0.7254901960784313 0.03251633986928104 0.02144607843137255