1 0.5055147058823529 0.5116421568627451 0.025735294117647058 0.01838235294117647
1 0.9217728758169934 0.39981617647058826 0.026552287581699346 0.0196078431372549
0 0.043913398692810454 0.6155024509803921 0.01511437908496732 0.009191176470588236
1 0.1039624183006536 0.32506127450980393 0.023284313725490197 0.017769607843137254
0 0.37663398692810457 0.789828431372549 0.028594771241830064 0.02022058823529412
0 0.05841503267973856 0.6109068627450981 0.014705882352941176 0.010416666666666666
0 0.15236928104575165 0.7239583333333334 0.02696078431372549 0.018995098039215685
0 0.20833333333333334 0.7997855392156863 0.031862745098039214 0.023590686274509803
0 0.18218954248366012 0.7761948529411765 0.03594771241830065 0.02665441176470588
0 0.2610294117647059 0.7565870098039216 0.027777777777777776 0.018688725490196078
0 0.041870915032679736 0.6862745098039216 0.027369281045751634 0.02022058823529412
1 0.1650326797385621 0.3293504901960784 0.02696078431372549 0.018995098039215685
0 0.12520424836601307 0.7378982843137255 0.03390522875816993 0.02297794117647059
0 0.10559640522875817 0.8336397058823529 0.0363562091503268 0.02696078431372549
0 0.06719771241830065 0.8576899509803921 0.03553921568627451 0.02542892156862745
1 0.9490175653594772 0.4102328431372549 0.023852124183006536 0.01838235294117647
1 0.9939991830065359 0.3935355392156863 0.011691176470588236 0.011948529411764705
1 0.9643954248366013 0.3900122549019608 0.01457516339869281 0.00980392156862745