1 0.16482843137254902 0.4416360294117647 0.017565359477124183 0.012561274509803922
0 0.9932598039215687 0.7100183823529411 0.012663398692810458 0.01133578431372549
1 0.34987745098039214 0.2535232843137255 0.01511437908496732 0.010723039215686275
0 0.7839052287581699 0.6741727941176471 0.016339869281045753 0.01133578431372549
1 0.9944852941176471 0.31387867647058826 0.011029411764705883 0.013786764705882353
1 0.8929738562091504 0.5589767156862745 0.016339869281045753 0.010723039215686275
1 0.1264297385620915 0.2902879901960784 0.017565359477124183 0.013174019607843137
1 0.24918300653594772 0.6184129901960784 0.01715686274509804 0.01011029411764706
1 0.34906045751633985 0.24080882352941177 0.013480392156862746 0.010416666666666666
1 0.35110294117647056 0.3633578431372549 0.02165032679738562 0.014705882352941176
1 0.9938725490196079 0.34359681372549017 0.012254901960784314 0.012561274509803922
0 0.5204248366013072 0.8373161764705882 0.0196078431372549 0.014705882352941176
1 0.010212418300653595 0.6162683823529411 0.017973856209150325 0.015625
0 0.49042687908496735 0.5709819240196078 0.011082516339869281 0.007772671568627452
1 0.3686683006535948 0.43734681372549017 0.013480392156862746 0.010723039215686275
0 0.8129084967320261 0.7022058823529411 0.018790849673202614 0.011029411764705883
0 0.3920547385620915 0.595844056372549 0.010416666666666666 0.006639093137254902
0 0.2630718954248366 0.5952818627450981 0.013888888888888888 0.009191176470588236
1 0.8923611111111112 0.4424019607843137 0.024101307189542485 0.014093137254901961
0 0.5212418300653595 0.6700367647058824 0.014705882352941176 0.010416666666666666
0 0.7087418300653595 0.719515931372549 0.014705882352941176 0.010723039215686275
1 0.701797385620915 0.25275735294117646 0.01715686274509804 0.012867647058823529
0 0.32798815359477124 0.5988051470588235 0.013002450980392157 0.008884803921568627
1 0.029616013071895424 0.3229166666666667 0.01838235294117647 0.012867647058823529
1 0.27450980392156865 0.2265625 0.0196078431372549 0.013786764705882353
1 0.13398692810457516 0.5782781862745098 0.01715686274509804 0.01133578431372549
0 0.15461601307189543 0.7222732843137255 0.017565359477124183 0.013174019607843137
0 0.5259395424836601 0.6122855392156863 0.012663398692810458 0.008272058823529412
0 0.9599673202614379 0.6884191176470589 0.014705882352941176 0.009191176470588236
0 0.5100081699346405 0.8279718137254902 0.01919934640522876 0.013786764705882353
1 0.20220588235294118 0.4053308823529412 0.01715686274509804 0.011642156862745098
1 0.36968954248366015 0.47503063725490197 0.015522875816993464 0.01133578431372549
1 0.012459150326797386 0.45174632352941174 0.020833333333333332 0.014399509803921568
1 0.9740604575163399 0.31357230392156865 0.017565359477124183 0.012561274509803922
1 0.8472222222222222 0.39368872549019607 0.01715686274509804 0.012254901960784314
1 0.32169117647058826 0.5235906862745098 0.014297385620915032 0.011642156862745098
1 0.7775735294117647 0.33547794117647056 0.020833333333333332 0.016544117647058824
0 0.7522467320261438 0.7028186274509803 0.01919934640522876 0.014093137254901961
0 0.2914624183006536 0.6156556372549019 0.011029411764705883 0.007659313725490196
1 0.35947712418300654 0.5248161764705882 0.016339869281045753 0.012254901960784314
1 0.9397467320261438 0.5614276960784313 0.016748366013071895 0.011948529411764705
0 0.8946078431372549 0.8745404411764706 0.022058823529411766 0.015012254901960785
1 0.18259803921568626 0.5664828431372549 0.01715686274509804 0.011642156862745098
1 0.8327205882352942 0.4722732843137255 0.01919934640522876 0.013786764705882353
1 0.8845996732026143 0.6551776960784313 0.01919934640522876 0.013174019607843137
1 0.11376633986928104 0.22257965686274508 0.01511437908496732 0.011948529411764705
1 0.6601307189542484 0.38296568627450983 0.0196078431372549 0.013480392156862746
1 0.0784313725490196 0.6672794117647058 0.01715686274509804 0.012867647058823529
1 0.29105392156862747 0.18183210784313725 0.017565359477124183 0.012561274509803922
0 0.9873366013071896 0.6855085784313726 0.016339869281045753 0.01133578431372549
1 0.8868464052287581 0.5494791666666666 0.01715686274509804 0.01133578431372549
0 0.9348447712418301 0.7480085784313726 0.017565359477124183 0.010723039215686275
1 0.09354575163398693 0.6668198529411765 0.01715686274509804 0.012561274509803922
0 0.8149509803921569 0.6862745098039216 0.015522875816993464 0.011029411764705883
1 0.9522058823529411 0.6473651960784313 0.02042483660130719 0.012867647058823529
1 0.21834150326797386 0.48544730392156865 0.017565359477124183 0.012561274509803922
0 0.43790849673202614 0.8610600490196079 0.018790849673202614 0.012561274509803922
1 0.06556372549019608 0.34129901960784315 0.020016339869281044 0.013480392156862746
1 0.15441176470588236 0.2526041666666667 0.017973856209150325 0.013174019607843137
1 0.7679738562091504 0.3697916666666667 0.022058823529411766 0.014705882352941176
0 0.8762254901960784 0.6450674019607843 0.015522875816993464 0.01011029411764706
1 0.3882761437908497 0.5566789215686274 0.015931372549019607 0.011642156862745098
1 0.37397875816993464 0.2913602941176471 0.017565359477124183 0.012867647058823529
1 0.7912581699346405 0.3492647058823529 0.01715686274509804 0.012867647058823529
1 0.10518790849673203 0.2565870098039216 0.01838235294117647 0.012561274509803922
1 0.19526143790849673 0.44745710784313725 0.016339869281045753 0.013786764705882353
0 0.29064542483660133 0.6030943627450981 0.012663398692810458 0.008884803921568627
1 0.023488562091503268 0.2777267156862745 0.020016339869281044 0.015012254901960785
0 0.44485294117647056 0.867953431372549 0.024509803921568627 0.016544117647058824
1 0.4499591503267974 0.45848651960784315 0.01919934640522876 0.013786764705882353
0 0.6011029411764706 0.6582414215686274 0.017565359477124183 0.01133578431372549
0 0.6964869281045751 0.7143075980392157 0.018790849673202614 0.014399509803921568
0 0.5208333333333334 0.842984068627451 0.02287581699346405 0.018075980392156864
1 0.403390522875817 0.5546875 0.015931372549019607 0.011948529411764705
1 0.7896241830065359 0.5897671568627451 0.021241830065359478 0.015931372549019607
1 0.04350490196078431 0.2977941176470588 0.020833333333333332 0.014093137254901961
1 0.11458333333333333 0.23697916666666666 0.015931372549019607 0.012561274509803922
1 0.2555147058823529 0.49234068627450983 0.01919934640522876 0.012254901960784314
0 0.44281045751633985 0.6876531862745098 0.013071895424836602 0.009497549019607842
0 0.45445261437908496 0.6505821078431373 0.012663398692810458 0.008884803921568627
1 0.7116013071895425 0.39920343137254904 0.017973856209150325 0.012254901960784314
1 0.7105800653594772 0.38786764705882354 0.016748366013071895 0.011029411764705883
1 0.2465277777777778 0.24662990196078433 0.016748366013071895 0.011642156862745098
0 0.27655228758169936 0.6165747549019608 0.013071895424836602 0.007659313725490196
1 0.11621732026143791 0.46829044117647056 0.023284313725490197 0.014399509803921568
0 0.4293300653594771 0.6331188725490197 0.013888888888888888 0.009497549019607842
1 0.11008986928104575 0.34375 0.017565359477124183 0.012867647058823529
0 0.3713235294117647 0.7423406862745098 0.016339869281045753 0.010416666666666666
0 0.23284313725490197 0.6806066176470589 0.013071895424836602 0.008272058823529412
1 0.3194444444444444 0.5791973039215687 0.01715686274509804 0.012561274509803922
0 0.058619281045751634 0.7242647058823529 0.017565359477124183 0.012867647058823529
1 0.20874183006535948 0.3170955882352941 0.018790849673202614 0.014093137254901961
0 0.5964052287581699 0.8428308823529411 0.02287581699346405 0.01715686274509804
1 0.1409313725490196 0.5459558823529411 0.016339869281045753 0.012254901960784314
1 0.018586601307189542 0.24065563725490197 0.020833333333333332 0.014399509803921568
1 0.375 0.30606617647058826 0.02287581699346405 0.015318627450980392
0 0.6203022875816994 0.8481924019607843 0.020833333333333332 0.015625
1 0.2493872549019608 0.5525428921568627 0.017565359477124183 0.012561274509803922
1 0.5953839869281046 0.5102634803921569 0.026552287581699346 0.017463235294117647
1 0.3382352941176471 0.5274203431372549 0.018790849673202614 0.014399509803921568
1 0.19321895424836602 0.39261642156862747 0.021241830065359478 0.013786764705882353
1 0.5326797385620915 0.5525428921568627 0.025326797385620915 0.019301470588235295
0 0.5964052287581699 0.8497242647058824 0.02287581699346405 0.017463235294117647
1 0.032883986928104576 0.2818627450980392 0.020016339869281044 0.012254901960784314
0 0.3451797385620915 0.6066176470588235 0.013071895424836602 0.00857843137254902
0 0.44342320261437906 0.6799938725490197 0.014297385620915032 0.01011029411764706
1 0.14419934640522875 0.5314031862745098 0.018790849673202614 0.012561274509803922
0 0.09272875816993464 0.6796875 0.015522875816993464 0.01133578431372549
1 0.17340686274509803 0.41911764705882354 0.01919934640522876 0.013480392156862746
1 0.9334150326797386 0.36090686274509803 0.021241830065359478 0.012867647058823529
1 0.18770424836601307 0.6127450980392157 0.01838235294117647 0.013480392156862746
1 0.44362745098039214 0.3481924019607843 0.021241830065359478 0.015625
1 0.8443627450980392 0.34191176470588236 0.021241830065359478 0.014705882352941176
1 0.07904411764705882 0.5061274509803921 0.02246732026143791 0.015931372549019607
1 0.22487745098039216 0.5298713235294118 0.017565359477124183 0.01133578431372549
1 0.8960375816993464 0.5968137254901961 0.01838235294117647 0.013480392156862746
1 0.7716503267973857 0.6438419117647058 0.02287581699346405 0.016237745098039217
1 0.2318218954248366 0.23314950980392157 0.017565359477124183 0.012254901960784314
1 0.08088235294117647 0.3215379901960784 0.01715686274509804 0.011948529411764705
1 0.2973856209150327 0.5088848039215687 0.018790849673202614 0.012867647058823529
1 0.21915849673202614 0.5746017156862745 0.017565359477124183 0.012561274509803922
1 0.15359477124183007 0.5646446078431373 0.01715686274509804 0.011642156862745098
1 0.47855392156862747 0.2604166666666667 0.02165032679738562 0.016544117647058824
1 0.12908496732026145 0.3169424019607843 0.018790849673202614 0.013786764705882353
1 0.8715277777777778 0.42325367647058826 0.02246732026143791 0.014399509803921568
1 0.2730800653594771 0.3403799019607843 0.017565359477124183 0.014093137254901961
1 0.07169117647058823 0.4348958333333333 0.02165032679738562 0.015625
1 0.14644607843137256 0.6225490196078431 0.017565359477124183 0.013480392156862746
0 0.16993464052287582 0.6824448529411765 0.016339869281045753 0.011948529411764705
1 0.7600081699346405 0.39767156862745096 0.017565359477124183 0.012867647058823529
1 0.05698529411764706 0.4606311274509804 0.01919934640522876 0.013786764705882353
0 0.9579248366013072 0.6974571078431373 0.0196078431372549 0.012561274509803922
0 0.429125816993464 0.6199448529411765 0.01511437908496732 0.008884803921568627
0 0.39705882352941174 0.7133884803921569 0.015522875816993464 0.01133578431372549
1 0.9736519607843137 0.44025735294117646 0.01919934640522876 0.014705882352941176
1 0.42953431372549017 0.5542279411764706 0.017565359477124183 0.012254901960784314
1 0.6948529411764706 0.6453737745098039 0.02287581699346405 0.015625
0 0.29248366013071897 0.6557904411764706 0.014705882352941176 0.009497549019607842
1 0.3161764705882353 0.2571997549019608 0.01715686274509804 0.012561274509803922
1 0.16339869281045752 0.21645220588235295 0.01715686274509804 0.013174019607843137
1 0.7892156862745098 0.46170343137254904 0.0196078431372549 0.013480392156862746
1 0.943218954248366 0.37683823529411764 0.0196078431372549 0.014093137254901961
1 0.2855392156862745 0.5356924019607843 0.021241830065359478 0.014399509803921568
1 0.21629901960784315 0.24601715686274508 0.020016339869281044 0.015318627450980392
1 0.5294117647058824 0.5113357843137255 0.022058823529411766 0.015931372549019607
1 0.3492647058823529 0.5629595588235294 0.02042483660130719 0.014399509803921568
1 0.3568218954248366 0.27925857843137253 0.01919934640522876 0.014399509803921568
1 0.7189542483660131 0.6303615196078431 0.02042483660130719 0.016237745098039217
1 0.8958333333333334 0.3567708333333333 0.0196078431372549 0.013174019607843137
1 0.2734885620915033 0.5458026960784313 0.01919934640522876 0.012561274509803922
1 0.2757352941176471 0.27068014705882354 0.02287581699346405 0.015012254901960785
0 0.9865196078431373 0.78125 0.0196078431372549 0.012867647058823529
1 0.15522875816993464 0.4957107843137255 0.022058823529411766 0.015931372549019607
0 0.3997140522875817 0.7455575980392157 0.01511437908496732 0.01133578431372549
0 0.48794934640522875 0.6888786764705882 0.01919934640522876 0.013174019607843137
0 0.41482843137254904 0.741421568627451 0.015931372549019607 0.011642156862745098
1 0.8390522875816994 0.41911764705882354 0.02042483660130719 0.014705882352941176
1 0.9358660130718954 0.5294117647058824 0.021241830065359478 0.014093137254901961
0 0.7820669934640523 0.7846200980392157 0.01838235294117647 0.013480392156862746
1 0.09354575163398693 0.30545343137254904 0.02369281045751634 0.016544117647058824
1 0.7252859477124183 0.39139093137254904 0.017565359477124183 0.013174019607843137
0 0.9099264705882353 0.7490808823529411 0.020833333333333332 0.013480392156862746
0 0.9368872549019608 0.7541360294117647 0.017565359477124183 0.012561274509803922
1 0.19117647058823528 0.515625 0.022058823529411766 0.015318627450980392
0 0.45935457516339867 0.7544424019607843 0.016748366013071895 0.012561274509803922
1 0.8374183006535948 0.5340073529411765 0.022058823529411766 0.015931372549019607
1 0.10253267973856209 0.4140625 0.02287581699346405 0.016237745098039217
1 0.4564950980392157 0.265625 0.02165032679738562 0.016544117647058824
0 0.838031045751634 0.7526041666666666 0.017565359477124183 0.012561274509803922
1 0.04268790849673203 0.4632352941176471 0.020016339869281044 0.014705882352941176
1 0.7687908496732027 0.6286764705882353 0.022058823529411766 0.016544117647058824
0 0.5390114379084967 0.7832414215686274 0.02246732026143791 0.016237745098039217
1 0.14460784313725492 0.21721813725490197 0.017973856209150325 0.014093137254901961
1 0.7565359477124183 0.6821384803921569 0.02369281045751634 0.018075980392156864
1 0.6787173202614379 0.6173406862745098 0.028186274509803922 0.0196078431372549
1 0.7150735294117647 0.5874693627450981 0.023284313725490197 0.018688725490196078
1 0.37187295751633986 0.5647472426470589 0.012536764705882353 0.008170955882352941
1 0.3201000816993464 0.514296875 0.01520016339869281 0.010211397058823528
1 0.21295138888888887 0.3554947916666667 0.017406045751633986 0.010621936274509804
1 0.1311049836601307 0.585375306372549 0.01874591503267974 0.010824142156862745
1 0.1293954248366013 0.6377910539215687 0.018594771241830066 0.014552696078431373
1 0.13695261437908496 0.6509267769607843 0.020637254901960785 0.012637867647058824
1 0.0813235294117647 0.4892386642156863 0.014771241830065358 0.010340073529411764
1 0.17672589869281047 0.580078125 0.020118464052287583 0.014935661764705883
1 0.03973651960784314 0.3099923406862745 0.020649509803921568 0.013979779411764707