0 0.3127205882352941 0.6170925245098039 0.013513071895424836 0.009920343137254903
1 0.37173202614379086 0.5782781862745098 0.021241830065359478 0.014399509803921568
1 0.042279411764705885 0.5121017156862745 0.024918300653594773 0.020526960784313725
1 0.7687908496732027 0.7337622549019608 0.03431372549019608 0.02267156862745098
1 0.9505555555555556 0.3637699142156863 0.022026143790849675 0.01675551470588235
0 0.35661764705882354 0.7420343137254902 0.022058823529411766 0.014093137254901961
1 0.9705882352941176 0.6063112745098039 0.02042483660130719 0.012867647058823529
0 0.33169934640522875 0.6423100490196079 0.014705882352941176 0.010723039215686275
1 0.5910947712418301 0.37806372549019607 0.02042483660130719 0.013480392156862746
1 0.6239787581699346 0.3284313725490196 0.02246732026143791 0.015931372549019607
1 0.6276552287581699 0.5998774509803921 0.03553921568627451 0.023284313725490197
1 0.6814971405228758 0.35363664215686275 0.023941993464052288 0.017322303921568628
1 0.8504901960784313 0.6459865196078431 0.024509803921568627 0.017463235294117647
0 0.21956699346405228 0.6246936274509803 0.020833333333333332 0.01715686274509804
1 0.6884906045751634 0.37823988970588235 0.02485702614379085 0.01689644607843137
0 0.9763071895424836 0.616421568627451 0.017973856209150325 0.013480392156862746
1 0.16441993464052287 0.4522058823529412 0.03145424836601307 0.022058823529411766
1 0.5723039215686274 0.6159620098039216 0.026143790849673203 0.018688725490196078
1 0.6693218954248366 0.7817095588235294 0.03553921568627451 0.02542892156862745
0 0.2722630718954248 0.6677389705882353 0.020833333333333332 0.013174019607843137
1 0.6822058823529411 0.4667356004901961 0.028627450980392155 0.019868259803921567
1 0.6117238562091504 0.3234237132352941 0.02165032679738562 0.015107230392156864
0 0.06944444444444445 0.8377757352941176 0.031862745098039214 0.023590686274509803
1 0.6147875816993464 0.5281862745098039 0.035130718954248366 0.023284313725490197
1 0.2562050653594771 0.6214767156862745 0.023848039215686276 0.021139705882352942
1 0.19526143790849673 0.6209466911764706 0.027777777777777776 0.019466911764705882
1 0.7837009803921569 0.6056985294117647 0.0298202614379085 0.02022058823529412
0 0.3249591503267974 0.8125 0.026552287581699346 0.0196078431372549
0 0.088031045751634 0.6479779411764706 0.024101307189542485 0.015931372549019607
1 0.3216441993464052 0.5661060049019607 0.01747140522875817 0.012113970588235294
1 0.6801633986928104 0.8476148897058823 0.03516339869281046 0.026112132352941176
1 0.22937091503267973 0.4185049019607843 0.026552287581699346 0.01838235294117647
1 0.3013766339869281 0.6039659926470589 0.02922385620915033 0.021657475490196077
1 0.9819321895424836 0.4126608455882353 0.026772875816993467 0.018949142156862747
0 0.0053104575163398695 0.8584558823529411 0.010620915032679739 0.024509803921568627
1 0.23631535947712418 0.6236213235294118 0.027369281045751634 0.022365196078431373
0 0.37173202614379086 0.8380821078431373 0.02696078431372549 0.021139705882352942
1 0.23284313725490197 0.5631127450980392 0.027777777777777776 0.020833333333333332
1 0.6848917483660131 0.7514613970588235 0.03236519607843137 0.023756127450980394
1 0.29268790849673204 0.6222426470588235 0.023284313725490197 0.01715686274509804
0 0.3075980392156863 0.7014399509803921 0.03022875816993464 0.023590686274509803
1 0.7779820261437909 0.5426439950980392 0.03308823529411765 0.0215625
1 0.5698529411764706 0.7645526960784313 0.032679738562091505 0.02665441176470588
1 0.6640114379084967 0.3570772058823529 0.024918300653594773 0.018075980392156864
1 0.9122365196078432 0.38817401960784315 0.030355392156862747 0.02267156862745098
1 0.9125816993464052 0.5193014705882353 0.031862745098039214 0.022058823529411766
1 0.39828431372549017 0.6034007352941176 0.029411764705882353 0.020526960784313725
1 0.1031454248366013 0.3014705882352941 0.026552287581699346 0.018995098039215685
1 0.8321078431372549 0.7616421568627451 0.0392156862745098 0.025122549019607844
1 0.5674019607843137 0.6637561274509803 0.032679738562091505 0.02420343137254902
1 0.029411764705882353 0.31893382352941174 0.029411764705882353 0.020833333333333332
1 0.08558006535947713 0.43949142156862747 0.039624183006535946 0.02542892156862745
1 0.6530126633986928 0.2728477328431373 0.02661356209150327 0.019347426470588236
1 0.5916768790849674 0.3159283088235294 0.02077205882352941 0.015435049019607844
1 0.9338235294117647 0.28829656862745096 0.035130718954248366 0.02389705882352941
1 0.39501633986928103 0.5625 0.02287581699346405 0.016544117647058824
1 0.7350898692810458 0.42892156862745096 0.02900326797385621 0.01838235294117647
1 0.9761662581699347 0.3083517156862745 0.03403186274509804 0.02295343137254902
1 0.6924019607843137 0.5359987745098039 0.03349673202614379 0.022365196078431373
1 0.9262663398692811 0.3950199142156863 0.03308823529411765 0.02410845588235294
1 0.8813316993464052 0.46568627450980393 0.03145424836601307 0.02144607843137255
0 0.309640522875817 0.8613664215686274 0.031862745098039214 0.02420343137254902
1 0.06454248366013073 0.41513480392156865 0.03594771241830065 0.023284313725490197
1 0.0690359477124183 0.36933210784313725 0.029411764705882353 0.020526960784313725
1 0.024305555555555556 0.6144301470588235 0.0363562091503268 0.02542892156862745
1 0.9074754901960784 0.1881127450980392 0.03390522875816993 0.025122549019607844
0 0.5363562091503268 0.8691789215686274 0.03839869281045752 0.030637254901960783
1 0.7504084967320261 0.4931066176470588 0.032679738562091505 0.021139705882352942
1 0.6696813725490196 0.23178308823529412 0.027271241830065362 0.019325980392156862
1 0.6257271241830066 0.34375 0.0194281045751634 0.012254901960784314
1 0.7661866830065359 0.5863020833333333 0.018484477124183007 0.013903186274509805
0 0.3462152777777778 0.6337898284313725 0.011875 0.007775735294117647
0 0.32041462418300654 0.6244347426470588 0.014195261437908497 0.00989889705882353
0 0.367406045751634 0.6458563112745097 0.010955882352941176 0.008011642156862744