1 0.46548202614379086 0.31326593137254904 0.027369281045751634 0.02297794117647059
1 0.09334150326797386 0.3515625 0.0298202614379085 0.02849264705882353
1 0.05984477124183007 0.3547794117647059 0.030637254901960783 0.02696078431372549
1 0.8866421568627451 0.3556985294117647 0.027369281045751634 0.024509803921568627
1 0.5957924836601307 0.35692401960784315 0.020016339869281044 0.014093137254901961
1 0.20649509803921567 0.3590686274509804 0.02165032679738562 0.0196078431372549
1 0.44955065359477125 0.3665747549019608 0.024918300653594773 0.02420343137254902
1 0.2289624183006536 0.3678002450980392 0.03553921568627451 0.021139705882352942
1 0.018790849673202614 0.36917892156862747 0.028594771241830064 0.025735294117647058
1 0.6262254901960784 0.3708639705882353 0.02287581699346405 0.01685049019607843
1 0.7892156862745098 0.37454044117647056 0.021241830065359478 0.01685049019607843
1 0.730187908496732 0.3753063725490196 0.02165032679738562 0.0196078431372549
1 0.24918300653594772 0.38235294117647056 0.025326797385620915 0.02389705882352941
1 0.4152369281045752 0.38296568627450983 0.02246732026143791 0.02144607843137255
1 0.684640522875817 0.38587622549019607 0.01715686274509804 0.017463235294117647
1 0.06638071895424837 0.3861825980392157 0.0298202614379085 0.01991421568627451
1 0.3547794117647059 0.3947610294117647 0.0298202614379085 0.018688725490196078
1 0.20608660130718953 0.4065563725490196 0.016748366013071895 0.014705882352941176
1 0.36580882352941174 0.4068627450980392 0.025735294117647058 0.023284313725490197
1 0.3897058823529412 0.42049632352941174 0.024509803921568627 0.022365196078431373
1 0.29983660130718953 0.4247855392156863 0.021241830065359478 0.018688725490196078
1 0.5935457516339869 0.043198529411764705 0.03349673202614379 0.03002450980392157
0 0.12111928104575163 0.4319852941176471 0.01184640522875817 0.007965686274509803
0 0.1315359477124183 0.43213848039215685 0.017973856209150325 0.010723039215686275
0 0.733047385620915 0.4368872549019608 0.01919934640522876 0.014093137254901961
0 0.8086192810457516 0.4368872549019608 0.016748366013071895 0.011642156862745098
1 0.2881944444444444 0.43857230392156865 0.02246732026143791 0.018688725490196078
0 0.4360702614379085 0.43949142156862747 0.020833333333333332 0.01685049019607843
0 0.8214869281045751 0.4420955882352941 0.014705882352941176 0.013480392156862746
0 0.735498366013072 0.44332107843137253 0.020016339869281044 0.015318627450980392
0 0.7920751633986928 0.4450061274509804 0.018790849673202614 0.013786764705882353
1 0.014501633986928105 0.044730392156862746 0.027369281045751634 0.025122549019607844
1 0.2853349673202614 0.44745710784313725 0.025735294117647058 0.015625
0 0.573937908496732 0.4494485294117647 0.021241830065359478 0.00857843137254902
0 0.1270424836601307 0.4528186274509804 0.0196078431372549 0.011029411764705883
0 0.5488153594771242 0.45358455882352944 0.01919934640522876 0.013786764705882353
1 0.9060457516339869 0.45465686274509803 0.027777777777777776 0.024509803921568627
0 0.6595179738562091 0.45557598039215685 0.020833333333333332 0.009191176470588236
0 0.6640114379084967 0.45909926470588236 0.01511437908496732 0.01011029411764706
0 0.4244281045751634 0.4632352941176471 0.017973856209150325 0.014705882352941176
0 0.9466911764705882 0.46338848039215685 0.020833333333333332 0.013786764705882353
0 0.6397058823529411 0.46691176470588236 0.022058823529411766 0.00857843137254902
0 0.9419934640522876 0.46706495098039214 0.017973856209150325 0.015625
0 0.9344362745098039 0.4725796568627451 0.020833333333333332 0.012561274509803922
0 0.5600490196078431 0.4730392156862745 0.013888888888888888 0.011642156862745098
0 0.5604575163398693 0.47794117647058826 0.013888888888888888 0.012254901960784314
0 0.6924019607843137 0.4788602941176471 0.02696078431372549 0.015318627450980392
0 0.15788398692810457 0.4805453431372549 0.016748366013071895 0.016237745098039217
0 0.2963643790849673 0.4811580882352941 0.015931372549019607 0.014399509803921568
0 0.9569035947712419 0.48360906862745096 0.009395424836601307 0.015012254901960785
0 0.2252859477124183 0.48575367647058826 0.017565359477124183 0.017463235294117647
0 0.8784722222222222 0.48713235294117646 0.017565359477124183 0.016544117647058824
0 0.8529411764705882 0.4872855392156863 0.021241830065359478 0.012561274509803922
0 0.6977124183006536 0.4878982843137255 0.026143790849673203 0.015625
0 0.05106209150326797 0.48973651960784315 0.027777777777777776 0.018688725490196078
0 0.42320261437908496 0.49264705882352944 0.01715686274509804 0.015318627450980392
0 0.7879901960784313 0.49525122549019607 0.022058823529411766 0.016237745098039217
0 0.5696486928104575 0.5110294117647058 0.01919934640522876 0.015318627450980392
0 0.20833333333333334 0.5127144607843137 0.013888888888888888 0.014399509803921568
0 0.37479575163398693 0.5191482843137255 0.025735294117647058 0.018075980392156864
0 0.5941584967320261 0.5193014705882353 0.024101307189542485 0.013480392156862746
0 0.1096813725490196 0.5214460784313726 0.02165032679738562 0.012254901960784314
0 0.13786764705882354 0.5265012254901961 0.020833333333333332 0.013174019607843137
0 0.6544117647058824 0.5277267156862745 0.02369281045751634 0.01991421568627451
0 0.2687908496732026 0.5307904411764706 0.0196078431372549 0.012561274509803922
0 0.6468545751633987 0.5333946078431373 0.020833333333333332 0.01838235294117647
0 0.15747549019607843 0.5347732843137255 0.023284313725490197 0.011948529411764705
0 0.5555555555555556 0.5350796568627451 0.016339869281045753 0.015012254901960785
0 0.02165032679738562 0.5389093137254902 0.022058823529411766 0.017769607843137254
0 0.2973856209150327 0.5458026960784313 0.025326797385620915 0.01133578431372549
0 0.3449754901960784 0.5459558823529411 0.020833333333333332 0.015318627450980392
0 0.2651143790849673 0.5482536764705882 0.018790849673202614 0.018688725490196078
0 0.9842728758169934 0.5549938725490197 0.020016339869281044 0.018075980392156864
0 0.27675653594771243 0.5556066176470589 0.024101307189542485 0.015012254901960785
0 0.733047385620915 0.5560661764705882 0.020016339869281044 0.01838235294117647
0 0.48856209150326796 0.5770526960784313 0.013888888888888888 0.015012254901960785
0 0.2761437908496732 0.5859375 0.018790849673202614 0.01685049019607843
0 0.5912990196078431 0.5890012254901961 0.023284313725490197 0.013786764705882353
0 0.25755718954248363 0.5894607843137255 0.02165032679738562 0.017769607843137254
1 0.015522875816993464 0.5908394607843137 0.02696078431372549 0.022365196078431373
0 0.03329248366013072 0.5955882352941176 0.0363562091503268 0.022058823529411766
0 0.23958333333333334 0.5962009803921569 0.024101307189542485 0.017769607843137254
0 0.4395424836601307 0.5984987745098039 0.018790849673202614 0.017463235294117647
0 0.30106209150326796 0.5994178921568627 0.017973856209150325 0.015625
0 0.5275735294117647 0.6109068627450981 0.01838235294117647 0.01838235294117647
1 0.4397467320261438 0.061887254901960786 0.01838235294117647 0.0196078431372549
0 0.31985294117647056 0.6199448529411765 0.0196078431372549 0.017463235294117647
0 0.4178921568627451 0.6560968137254902 0.014705882352941176 0.015012254901960785
0 0.4158496732026144 0.6605392156862745 0.014705882352941176 0.014705882352941176
0 0.7091503267973857 0.6680453431372549 0.026143790849673203 0.023590686274509803
1 0.010416666666666666 0.0818014705882353 0.020833333333333332 0.02144607843137255
1 0.6793300653594772 0.09099264705882353 0.026143790849673203 0.023284313725490197
1 0.6086601307189542 0.09191176470588236 0.03022875816993464 0.029411764705882353
1 0.8129084967320261 0.13633578431372548 0.035130718954248366 0.029411764705882353
1 0.07312091503267974 0.13939950980392157 0.029411764705882353 0.023284313725490197
1 0.09803921568627451 0.13985906862745098 0.018790849673202614 0.016237745098039217
1 0.08394607843137254 0.14568014705882354 0.03145424836601307 0.018075980392156864
1 0.7097630718954249 0.16314338235294118 0.024918300653594773 0.015625
1 0.5390114379084967 0.16544117647058823 0.028186274509803922 0.027573529411764705
1 0.1090686274509804 0.18167892156862744 0.018790849673202614 0.017769607843137254
1 0.2608251633986928 0.18198529411764705 0.024101307189542485 0.017769607843137254
1 0.051266339869281044 0.19224877450980393 0.020016339869281044 0.01685049019607843
1 0.5071486928104575 0.19806985294117646 0.01919934640522876 0.017463235294117647
1 0.6121323529411765 0.19898897058823528 0.024101307189542485 0.021752450980392156
1 0.8018790849673203 0.20603553921568626 0.021241830065359478 0.021752450980392156
1 0.2653186274509804 0.2115502450980392 0.020833333333333332 0.01685049019607843
1 0.014297385620915032 0.22732843137254902 0.0196078431372549 0.02144607843137255
1 0.6260212418300654 0.025735294117647058 0.02165032679738562 0.02022058823529412
1 0.8666258169934641 0.2611825980392157 0.024918300653594773 0.02420343137254902
1 0.7544934640522876 0.2688419117647059 0.035130718954248366 0.02420343137254902
1 0.9007352941176471 0.28599877450980393 0.03104575163398693 0.0272671568627451