0 0.2005718954248366 0.6446078431372549 0.015522875816993464 0.011029411764705883
1 0.8839869281045751 0.37362132352941174 0.0196078431372549 0.013786764705882353
1 0.4300122549019608 0.2538296568627451 0.016070261437908497 0.010723039215686275
1 0.6742238562091504 0.553921568627451 0.01838235294117647 0.014093137254901961
1 0.0053104575163398695 0.5199142156862745 0.010620915032679739 0.014093137254901961
1 0.6211192810457516 0.32628676470588236 0.01838235294117647 0.012867647058823529
1 0.43709150326797386 0.2896752450980392 0.016339869281045753 0.012561274509803922
1 0.11397058823529412 0.6541053921568627 0.024509803921568627 0.017769607843137254
0 0.6537990196078431 0.874234068627451 0.01838235294117647 0.013786764705882353
1 0.9056372549019608 0.47181372549019607 0.0196078431372549 0.015318627450980392
1 0.5951797385620915 0.27159926470588236 0.017973856209150325 0.013786764705882353
1 0.4164624183006536 0.3075980392156863 0.015931372549019607 0.012254901960784314
1 0.5508578431372549 0.4644607843137255 0.02165032679738562 0.015931372549019607
1 0.46139705882352944 0.3125 0.02165032679738562 0.015931372549019607
1 0.4540441176470588 0.6587009803921569 0.017565359477124183 0.012254901960784314
0 0.8762254901960784 0.7529105392156863 0.022058823529411766 0.014399509803921568
1 0.9485294117647058 0.5062806372549019 0.0196078431372549 0.013786764705882353
1 0.9530902777777778 0.41978094362745094 0.022193627450980392 0.016645220588235293
1 0.6325571895424836 0.6453737745098039 0.028186274509803922 0.02297794117647059
1 0.9352532679738562 0.32015931372549017 0.01838235294117647 0.012867647058823529
1 0.2734885620915033 0.30315563725490197 0.016748366013071895 0.012561274509803922
1 0.38929738562091504 0.24341299019607843 0.017973856209150325 0.011948529411764705
1 0.5663807189542484 0.3471200980392157 0.02165032679738562 0.015318627450980392
1 0.2710375816993464 0.2890625 0.017565359477124183 0.013174019607843137
1 0.372140522875817 0.32138480392156865 0.0196078431372549 0.014093137254901961
1 0.6237745098039216 0.3319546568627451 0.0196078431372549 0.014399509803921568
1 0.43709150326797386 0.34068627450980393 0.018790849673202614 0.013480392156862746
1 0.8874591503267973 0.5791973039215687 0.023284313725490197 0.016237745098039217
1 0.4354575163398693 0.6580882352941176 0.021241830065359478 0.014705882352941176
1 0.46915849673202614 0.2545955882352941 0.01838235294117647 0.014093137254901961
1 0.9720179738562091 0.3883272058823529 0.023284313725490197 0.015012254901960785
1 0.2973856209150327 0.26868872549019607 0.017973856209150325 0.012867647058823529
1 0.14950980392156862 0.47043504901960786 0.02287581699346405 0.016237745098039217
0 0.40625 0.734375 0.017565359477124183 0.014093137254901961
1 0.1460375816993464 0.6041666666666666 0.024101307189542485 0.01715686274509804
1 0.9771241830065359 0.4333639705882353 0.02696078431372549 0.018688725490196078
0 0.8960375816993464 0.6318933823529411 0.01919934640522876 0.013174019607843137
0 0.4452614379084967 0.7530637254901961 0.02042483660130719 0.014705882352941176
0 0.6881127450980392 0.6875 0.01838235294117647 0.012867647058823529
0 0.7483660130718954 0.6853553921568627 0.022058823529411766 0.014705882352941176
1 0.9287173202614379 0.4163602941176471 0.024918300653594773 0.017769607843137254
0 0.8361928104575164 0.7365196078431373 0.021241830065359478 0.015318627450980392
0 0.1895424836601307 0.8077512254901961 0.0196078431372549 0.015012254901960785
0 0.8488562091503268 0.7855392156862745 0.022058823529411766 0.014705882352941176
0 0.17524509803921567 0.8026960784313726 0.0196078431372549 0.015318627450980392
0 0.33394607843137253 0.7838541666666666 0.020016339869281044 0.016237745098039217
0 0.7975898692810458 0.7063419117647058 0.01919934640522876 0.015012254901960785
0 0.7681781045751634 0.8190870098039216 0.024918300653594773 0.016237745098039217
1 0.4291768790849673 0.26245863970588235 0.01685049019607843 0.010824142156862745
1 0.7673059640522876 0.35677849264705885 0.023174019607843137 0.01564031862745098
0 0.8544444444444443 0.7515808823529412 0.01607843137254902 0.011127450980392157