1 0.10294117647058823 0.31449142156862747 0.04656862745098039 0.036458333333333336
1 0.4848856209150327 0.31816789215686275 0.04820261437908497 0.03278186274509804
0 0.5091911764705882 0.43857230392156865 0.02246732026143791 0.011948529411764705
0 0.9234068627450981 0.4419424019607843 0.01919934640522876 0.010723039215686275
0 0.6654411764705882 0.4497549019607843 0.025326797385620915 0.012867647058823529
0 0.7469362745098039 0.4537377450980392 0.0298202614379085 0.011642156862745098
0 0.380718954248366 0.45465686274509803 0.026143790849673203 0.012254901960784314
0 0.7144607843137255 0.46231617647058826 0.022058823529411766 0.016544117647058824
0 0.2207924836601307 0.46599264705882354 0.023284313725490197 0.018995098039215685
0 0.6727941176470589 0.46829044117647056 0.025326797385620915 0.01685049019607843
0 0.3190359477124183 0.4721200980392157 0.028594771241830064 0.014093137254901961
0 0.23713235294117646 0.48651960784313725 0.023284313725490197 0.018995098039215685
0 0.3257761437908497 0.4869791666666667 0.03308823529411765 0.01685049019607843
0 0.33762254901960786 0.5015318627450981 0.03390522875816993 0.02267156862745098
0 0.27532679738562094 0.5056678921568627 0.03022875816993464 0.02542892156862745
0 0.16605392156862744 0.5119485294117647 0.042075163398692814 0.023284313725490197
0 0.9709967320261438 0.514859068627451 0.0457516339869281 0.02849264705882353
0 0.9848856209150327 0.5416666666666666 0.03022875816993464 0.02267156862745098
0 0.3488562091503268 0.5505514705882353 0.041666666666666664 0.030637254901960783
0 0.23366013071895425 0.5611213235294118 0.05800653594771242 0.03155637254901961
0 0.04350490196078431 0.5736825980392157 0.053513071895424834 0.030943627450980393
0 0.0676062091503268 0.6292892156862745 0.03880718954248366 0.03676470588235294
0 0.9564950980392157 0.9073223039215687 0.0363562091503268 0.033394607843137254
1 0.31985294117647056 0.22457107843137256 0.058823529411764705 0.025122549019607844
1 0.24959150326797386 0.2659313725490196 0.06209150326797386 0.03615196078431373
0 0.9578635620915033 0.3509497549019608 0.014583333333333335 0.010723039215686275
0 0.858406862745098 0.3671875 0.009297385620915033 0.008884803921568627
0 0.8218504901960785 0.34191176470588236 0.008897058823529412 0.006127450980392157
0 0.16604370915032682 0.3792892156862745 0.006924019607843137 0.0055147058823529415
0 0.2977675653594771 0.39231004901960786 0.005665849673202614 0.004595588235294118
0 0.31369485294117644 0.3648897058823529 0.008108660130718955 0.006127450980392157
0 0.2736683006535948 0.3681066176470588 0.009754901960784313 0.007659313725490196
0 0.2831127450980392 0.3674938725490196 0.010669934640522877 0.007659313725490196