0 0.9873366013071896 0.6620710784313726 0.025326797385620915 0.024509803921568627
0 0.05004084967320262 0.6579350490196079 0.023284313725490197 0.016237745098039217
1 0.6738153594771242 0.5375306372549019 0.024918300653594773 0.017463235294117647
1 0.9526143790849673 0.32766544117647056 0.028594771241830064 0.01991421568627451
1 0.4409722222222222 0.6012561274509803 0.017565359477124183 0.013786764705882353
1 0.9714052287581699 0.35723039215686275 0.022058823529411766 0.014705882352941176
1 0.7514297385620915 0.4192708333333333 0.020016339869281044 0.015012254901960785
1 0.5430964052287581 0.6507352941176471 0.024918300653594773 0.015318627450980392
1 0.3772467320261438 0.4603247549019608 0.01838235294117647 0.013786764705882353
1 0.3527369281045752 0.6321997549019608 0.01919934640522876 0.013174019607843137
1 0.19321895424836602 0.5032169117647058 0.02042483660130719 0.016237745098039217
1 0.5191993464052288 0.5871629901960784 0.02369281045751634 0.018075980392156864
1 0.007965686274509803 0.6027879901960784 0.015931372549019607 0.016237745098039217
0 0.8825571895424836 0.6597732843137255 0.01919934640522876 0.011948529411764705
1 0.32455065359477125 0.5559129901960784 0.02165032679738562 0.014399509803921568
0 0.22368872549019608 0.6841436887254903 0.03234477124183007 0.021473651960784313
1 0.15625 0.4885110294117647 0.02246732026143791 0.015012254901960785
1 0.3547794117647059 0.19806985294117646 0.02165032679738562 0.015625
1 0.9057679738562092 0.39027726715686273 0.034575163398692814 0.021363357843137257
1 0.8212826797385621 0.42110906862745096 0.024918300653594773 0.016237745098039217
1 0.0988562091503268 0.6056985294117647 0.02369281045751634 0.01715686274509804
1 0.33700980392156865 0.43887867647058826 0.021241830065359478 0.015012254901960785
1 0.5724142156862745 0.584670649509804 0.02636437908496732 0.020444240196078434
1 0.37663398692810457 0.46629901960784315 0.02042483660130719 0.014705882352941176
1 0.5731209150326797 0.5105698529411765 0.02287581699346405 0.01685049019607843
1 0.19281045751633988 0.6550245098039216 0.032679738562091505 0.02144607843137255
1 0.40870098039215685 0.24142156862745098 0.02246732026143791 0.016544117647058824
1 0.7338643790849673 0.4888174019607843 0.024101307189542485 0.015625
0 0.2630718954248366 0.7236519607843137 0.021241830065359478 0.014705882352941176
0 0.7328431372549019 0.6587009803921569 0.01715686274509804 0.011642156862745098
1 0.21180555555555555 0.42233455882352944 0.017565359477124183 0.014399509803921568
0 0.9162581699346405 0.6504289215686274 0.021241830065359478 0.014093137254901961
1 0.4201388888888889 0.5795036764705882 0.017565359477124183 0.01133578431372549
1 0.3073937908496732 0.5361519607843137 0.02165032679738562 0.015318627450980392
1 0.9468954248366013 0.5560661764705882 0.029411764705882353 0.02022058823529412
1 0.7005718954248366 0.5916053921568627 0.024509803921568627 0.015318627450980392
1 0.3423202614379085 0.20143995098039216 0.021241830065359478 0.014399509803921568
1 0.9241299019607843 0.31387867647058826 0.02718137254901961 0.021752450980392156
1 0.7677696078431373 0.5252757352941176 0.024918300653594773 0.017463235294117647
0 0.8443627450980392 0.7303921568627451 0.02369281045751634 0.016544117647058824
1 0.6060049019607843 0.6246936274509803 0.020016339869281044 0.014093137254901961
1 0.8125 0.5906862745098039 0.028594771241830064 0.01838235294117647
1 0.5367647058823529 0.21231617647058823 0.021241830065359478 0.015931372549019607
1 0.2551062091503268 0.28370098039215685 0.024101307189542485 0.01715686274509804
1 0.3480392156862745 0.46338848039215685 0.02287581699346405 0.015012254901960785
0 0.8700980392156863 0.6858149509803921 0.017973856209150325 0.012561274509803922
1 0.8827614379084967 0.4537377450980392 0.03022875816993464 0.0196078431372549
1 0.29391339869281047 0.3949142156862745 0.02246732026143791 0.015318627450980392
1 0.19975490196078433 0.5108762254901961 0.026143790849673203 0.018075980392156864
1 0.5563725490196079 0.507046568627451 0.02287581699346405 0.01715686274509804
1 0.33986928104575165 0.21645220588235295 0.022058823529411766 0.014399509803921568
0 0.8786764705882353 0.7536764705882353 0.022058823529411766 0.015318627450980392
1 0.5273692810457516 0.5481004901960784 0.022058823529411766 0.01715686274509804
1 0.9328022875816994 0.49892769607843135 0.025735294117647058 0.020526960784313725
0 0.8186274509803921 0.7322303921568627 0.026143790849673203 0.016544117647058824
1 0.32802287581699346 0.31295955882352944 0.02369281045751634 0.017463235294117647
1 0.497140522875817 0.4955575980392157 0.02369281045751634 0.017463235294117647
1 0.7448937908496732 0.5805759803921569 0.024101307189542485 0.016544117647058824
1 0.9013480392156863 0.31204044117647056 0.03308823529411765 0.02420343137254902
1 0.38439542483660133 0.19087009803921567 0.02287581699346405 0.01715686274509804
1 0.8741830065359477 0.3481924019607843 0.028594771241830064 0.019301470588235295
1 0.4742647058823529 0.5078125 0.021241830065359478 0.015625
0 0.5763888888888888 0.6686580882352942 0.018790849673202614 0.011948529411764705
1 0.42401960784313725 0.4537377450980392 0.026143790849673203 0.0196078431372549
0 0.014297385620915032 0.8391544117647058 0.028594771241830064 0.025735294117647058
1 0.8766339869281046 0.5134803921568627 0.02369281045751634 0.015931372549019607
0 0.8513071895424836 0.6773897058823529 0.02369281045751634 0.014705882352941176
1 0.31229575163398693 0.3602941176470588 0.025735294117647058 0.01838235294117647
1 0.8478349673202614 0.3399203431372549 0.028186274509803922 0.020526960784313725
1 0.3319035947712418 0.39231004901960786 0.023284313725490197 0.01685049019607843
1 0.4758986928104575 0.6279105392156863 0.022058823529411766 0.015625
1 0.42769607843137253 0.6073835784313726 0.0196078431372549 0.015625
1 0.9046160130718954 0.5655637254901961 0.030637254901960783 0.02144607843137255
1 0.22263071895424835 0.7403492647058824 0.031862745098039214 0.021752450980392156
1 0.12071078431372549 0.47487745098039214 0.03880718954248366 0.02696078431372549
0 0.9193218954248366 0.8396139705882353 0.027369281045751634 0.019301470588235295
1 0.45098039215686275 0.2965686274509804 0.02696078431372549 0.0196078431372549
1 0.8476307189542484 0.2711397058823529 0.027777777777777776 0.0196078431372549
1 0.9172794117647058 0.6294424019607843 0.028186274509803922 0.020526960784313725
1 0.7269199346405228 0.6200980392156863 0.03145424836601307 0.02144607843137255
1 0.7009803921568627 0.5091911764705882 0.026143790849673203 0.017769607843137254
1 0.20649509803921567 0.4856004901960784 0.02246732026143791 0.015931372549019607
1 0.5543300653594772 0.5818014705882353 0.024509803921568627 0.018995098039215685
0 0.215890522875817 0.8048406862745098 0.025735294117647058 0.018995098039215685
0 0.9814133986928104 0.8287377450980392 0.026552287581699346 0.01838235294117647
1 0.622140522875817 0.44393382352941174 0.02696078431372549 0.01838235294117647
1 0.6895424836601307 0.39246323529411764 0.025326797385620915 0.01715686274509804
1 0.15134803921568626 0.35661764705882354 0.03308823529411765 0.02267156862745098
1 0.6331699346405228 0.5421262254901961 0.028594771241830064 0.021139705882352942
1 0.6877042483660131 0.43075980392156865 0.023284313725490197 0.017769607843137254
0 0.8913398692810458 0.8386948529411765 0.028594771241830064 0.018075980392156864
1 0.8335375816993464 0.28324142156862747 0.030637254901960783 0.022365196078431373
0 0.9154411764705882 0.7450980392156863 0.03022875816993464 0.02022058823529412
0 0.9099264705882353 0.8011642156862745 0.027369281045751634 0.0196078431372549
0 0.7483660130718954 0.7461703431372549 0.025326797385620915 0.018688725490196078
0 0.9370915032679739 0.7559742647058824 0.027777777777777776 0.018688725490196078
1 0.6870915032679739 0.4973958333333333 0.025326797385620915 0.017463235294117647
1 0.9562908496732027 0.5042892156862745 0.035130718954248366 0.024509803921568627
1 0.8125 0.5370710784313726 0.03022875816993464 0.02267156862745098
1 0.6354023692810458 0.5800750612745098 0.024072712418300654 0.016155024509803922
1 0.7341360294117647 0.6168673406862745 0.027912581699346406 0.021724877450980392