1 0.8645833333333334 0.30744485294117646 0.024918300653594773 0.016237745098039217
1 0.39419934640522875 0.3238357843137255 0.02287581699346405 0.014093137254901961
1 0.9589460784313726 0.35462622549019607 0.02900326797385621 0.01685049019607843
1 0.2730800653594771 0.3684129901960784 0.02900326797385621 0.016237745098039217
1 0.9624183006535948 0.37193627450980393 0.028594771241830064 0.01715686274509804
1 0.8576388888888888 0.3864889705882353 0.02246732026143791 0.015625
1 0.42892156862745096 0.40487132352941174 0.028594771241830064 0.020526960784313725
1 0.6292892156862745 0.4074754901960784 0.02246732026143791 0.012254901960784314
1 0.8110702614379085 0.4102328431372549 0.01919934640522876 0.013480392156862746
1 0.6609477124183006 0.4140625 0.017973856209150325 0.012561274509803922
1 0.17177287581699346 0.45526960784313725 0.028186274509803922 0.014093137254901961
1 0.5465686274509803 0.4621629901960784 0.015522875816993464 0.013174019607843137
1 0.5741421568627451 0.46875 0.025735294117647058 0.015931372549019607
1 0.15298202614379086 0.4753370098039216 0.026552287581699346 0.018075980392156864
1 0.2806372549019608 0.4759497549019608 0.03349673202614379 0.01991421568627451
1 0.733251633986928 0.48192401960784315 0.02696078431372549 0.01715686274509804
1 0.8280228758169934 0.4834558823529412 0.024509803921568627 0.01715686274509804
1 0.12254901960784313 0.4852941176470588 0.03104575163398693 0.018995098039215685
1 0.24632352941176472 0.48606004901960786 0.024509803921568627 0.018688725490196078
1 0.9912173202614379 0.4885110294117647 0.017565359477124183 0.021752450980392156
1 0.2602124183006536 0.49463848039215685 0.028594771241830064 0.018075980392156864
1 0.7052696078431373 0.4970894607843137 0.026552287581699346 0.018075980392156864
1 0.6766748366013072 0.5012254901960784 0.026552287581699346 0.017769607843137254
1 0.3423202614379085 0.5016850490196079 0.02369281045751634 0.018688725490196078
1 0.20690359477124182 0.5021446078431373 0.020016339869281044 0.013480392156862746
1 0.7095588235294118 0.5099571078431373 0.02696078431372549 0.01991421568627451
1 0.8964460784313726 0.5134803921568627 0.03390522875816993 0.018995098039215685
1 0.36437908496732024 0.5206801470588235 0.024509803921568627 0.015012254901960785
1 0.16911764705882354 0.5252757352941176 0.026143790849673203 0.017463235294117647
1 0.7271241830065359 0.5289522058823529 0.024509803921568627 0.015012254901960785
1 0.43300653594771243 0.5341605392156863 0.026143790849673203 0.015012254901960785
1 0.24611928104575165 0.5381433823529411 0.026552287581699346 0.02297794117647059
1 0.29064542483660133 0.5505514705882353 0.025735294117647058 0.015931372549019607
1 0.2618464052287582 0.5513174019607843 0.02287581699346405 0.016237745098039217
1 0.5030637254901961 0.5559129901960784 0.025735294117647058 0.023590686274509803
1 0.45159313725490197 0.5614276960784313 0.024101307189542485 0.016237745098039217
1 0.9040032679738562 0.5736825980392157 0.028594771241830064 0.018688725490196078
1 0.9464869281045751 0.5785845588235294 0.03104575163398693 0.018688725490196078
1 0.3966503267973856 0.585171568627451 0.03104575163398693 0.017769607843137254
1 0.1636029411764706 0.5885416666666666 0.027369281045751634 0.018995098039215685
1 0.10130718954248366 0.5932904411764706 0.035130718954248366 0.02297794117647059
1 0.4948937908496732 0.5997242647058824 0.024918300653594773 0.020526960784313725
1 0.8331290849673203 0.6027879901960784 0.024918300653594773 0.023590686274509803
1 0.516952614379085 0.6083026960784313 0.023284313725490197 0.022365196078431373
1 0.7790032679738562 0.6159620098039216 0.03104575163398693 0.013174019607843137
1 0.39501633986928103 0.6188725490196079 0.021241830065359478 0.014705882352941176
1 0.8192401960784313 0.6199448529411765 0.026552287581699346 0.018688725490196078
1 0.7736928104575164 0.6256127450980392 0.032679738562091505 0.0196078431372549
1 0.39338235294117646 0.6297487745098039 0.03022875816993464 0.019301470588235295
0 0.16809640522875818 0.6378676470588235 0.03553921568627451 0.00980392156862745
1 0.883578431372549 0.641390931372549 0.01715686274509804 0.012561274509803922
0 0.7675653594771242 0.6423100490196079 0.016339869281045753 0.011948529411764705
1 0.9756944444444444 0.6435355392156863 0.01919934640522876 0.018075980392156864
1 0.8441584967320261 0.6446078431372549 0.030637254901960783 0.02022058823529412
1 0.516748366013072 0.6459865196078431 0.02369281045751634 0.01685049019607843
1 0.6525735294117647 0.6470588235294118 0.0298202614379085 0.025122549019607844
0 0.029411764705882353 0.6475183823529411 0.03431372549019608 0.015012254901960785
1 0.1962826797385621 0.6502757352941176 0.02900326797385621 0.021139705882352942
1 0.9180964052287581 0.65625 0.024101307189542485 0.016544117647058824
1 0.6170343137254902 0.6668198529411765 0.03145424836601307 0.02665441176470588
0 0.05269607843137255 0.6694240196078431 0.03431372549019608 0.018995098039215685
1 0.7808415032679739 0.6709558823529411 0.0298202614379085 0.0196078431372549
1 0.7520424836601307 0.6715686274509803 0.025326797385620915 0.0196078431372549
1 0.13970588235294118 0.6727941176470589 0.02696078431372549 0.02144607843137255
0 0.40665849673202614 0.6729473039215687 0.026552287581699346 0.020526960784313725
0 0.4675245098039216 0.6829044117647058 0.01838235294117647 0.012867647058823529
0 0.8788807189542484 0.6833639705882353 0.02165032679738562 0.015012254901960785
1 0.15931372549019607 0.6853553921568627 0.026143790849673203 0.01838235294117647
0 0.34129901960784315 0.6875 0.0298202614379085 0.01838235294117647
1 0.8045343137254902 0.6917892156862745 0.025735294117647058 0.018995098039215685
0 0.8329248366013072 0.6922487745098039 0.03022875816993464 0.015012254901960785
1 0.5716911764705882 0.6924019607843137 0.030637254901960783 0.023284313725490197
0 0.03145424836601307 0.6983762254901961 0.03104575163398693 0.024816176470588234
1 0.5565767973856209 0.7090992647058824 0.03145424836601307 0.020526960784313725
0 0.9634395424836601 0.7104779411764706 0.02900326797385621 0.0196078431372549
0 0.8043300653594772 0.711703431372549 0.02042483660130719 0.011029411764705883
1 0.20322712418300654 0.7271752450980392 0.037173202614379085 0.020526960784313725
0 0.15298202614379086 0.7349877450980392 0.0298202614379085 0.023284313725490197
1 0.7365196078431373 0.75 0.032679738562091505 0.02144607843137255
1 0.775531045751634 0.7584252450980392 0.0298202614379085 0.020526960784313725
1 0.7428513071895425 0.7604166666666666 0.02900326797385621 0.022058823529411766
0 0.8954248366013072 0.7617953431372549 0.017973856209150325 0.016237745098039217
1 0.7602124183006536 0.7712928921568627 0.03022875816993464 0.022365196078431373
0 0.1395016339869281 0.8011642156862745 0.05024509803921569 0.028799019607843136
0 0.5547385620915033 0.8080575980392157 0.03104575163398693 0.02542892156862745
0 0.17340686274509803 0.8114276960784313 0.04779411764705882 0.03462009803921569
0 0.013684640522875817 0.8207720588235294 0.027369281045751634 0.01715686274509804
0 0.8633578431372549 0.8707107843137255 0.04534313725490196 0.024509803921568627
1 0.3576388888888889 0.2653186274509804 0.020833333333333332 0.01715686274509804
1 0.41482843137254904 0.2700674019607843 0.023284313725490197 0.020526960784313725
1 0.4556781045751634 0.29181985294117646 0.020016339869281044 0.014399509803921568
1 0.5553513071895425 0.2919730392156863 0.026552287581699346 0.015318627450980392
1 0.9650735294117647 0.2930453431372549 0.030637254901960783 0.017463235294117647
1 0.9117647058823529 0.29488357843137253 0.028594771241830064 0.018688725490196078