1 0.30800653594771243 0.48575367647058826 0.024509803921568627 0.021752450980392156
0 0.4883578431372549 0.7405024509803921 0.01838235294117647 0.011642156862745098
0 0.8382352941176471 0.6083026960784313 0.014705882352941176 0.01011029411764706
1 0.15543300653594772 0.3043811274509804 0.02246732026143791 0.016237745098039217
0 0.7534722222222222 0.6600796568627451 0.015931372549019607 0.010723039215686275
0 0.9575163398692811 0.7800245098039216 0.017973856209150325 0.012867647058823529
0 0.7687908496732027 0.8939950980392157 0.022058823529411766 0.01715686274509804
1 0.019812091503267973 0.5808823529411765 0.024918300653594773 0.018995098039215685
1 0.6601307189542484 0.42049632352941174 0.0196078431372549 0.015012254901960785
0 0.5447303921568627 0.6338848039215687 0.017565359477124183 0.011642156862745098
1 0.6527777777777778 0.5223651960784313 0.026143790849673203 0.017769607843137254
0 0.5522875816993464 0.6139705882352942 0.015522875816993464 0.012867647058823529
0 0.5647467320261438 0.8062193627450981 0.02246732026143791 0.015012254901960785
1 0.40951593137254905 0.45076133578431377 0.03308415032679738 0.02223345588235294
1 0.0196078431372549 0.5896139705882353 0.02696078431372549 0.020526960784313725
0 0.4542483660130719 0.6501225490196079 0.013888888888888888 0.00980392156862745
1 0.7869975490196078 0.5972288602941177 0.028243464052287583 0.01921262254901961
0 0.9950980392156863 0.7271752450980392 0.00980392156862745 0.018688725490196078
0 0.2426470588235294 0.78125 0.026143790849673203 0.015318627450980392
1 0.5651552287581699 0.4966299019607843 0.028186274509803922 0.018995098039215685
1 0.3597385620915033 0.4935217524509804 0.02666666666666667 0.01768075980392157
1 0.7834967320261438 0.4649203431372549 0.01715686274509804 0.013786764705882353
0 0.6245915032679739 0.688265931372549 0.021241830065359478 0.013786764705882353
0 0.9287173202614379 0.6681985294117647 0.01838235294117647 0.011029411764705883
0 0.9850898692810458 0.6548713235294118 0.01511437908496732 0.010723039215686275
0 0.40870098039215685 0.7400428921568627 0.026552287581699346 0.016237745098039217
1 0.28022875816993464 0.5140931372549019 0.02696078431372549 0.017769607843137254
1 0.43566176470588236 0.6196384803921569 0.027369281045751634 0.020526960784313725
1 0.758578431372549 0.5939031862745098 0.025326797385620915 0.018075980392156864
1 0.36825980392156865 0.33425245098039214 0.02165032679738562 0.016544117647058824
0 0.30044934640522875 0.8524816176470589 0.02900326797385621 0.020526960784313725
1 0.7945261437908496 0.49831495098039214 0.018790849673202614 0.013786764705882353
0 0.25469771241830064 0.6360294117647058 0.016748366013071895 0.011642156862745098
1 0.5249183006535948 0.49671721813725495 0.028594771241830064 0.01794424019607843
0 0.5445261437908496 0.6299019607843137 0.015522875816993464 0.010416666666666666
1 0.17340686274509803 0.29871323529411764 0.02165032679738562 0.015318627450980392
0 0.545547385620915 0.6424632352941176 0.01838235294117647 0.011029411764705883
1 0.9154105392156864 0.43128523284313725 0.03180147058823529 0.018207720588235294
1 0.6109068627450981 0.3639705882352941 0.030637254901960783 0.022058823529411766
1 0.5441176470588235 0.48973651960784315 0.024509803921568627 0.019301470588235295
1 0.2222222222222222 0.6888786764705882 0.022058823529411766 0.018075980392156864
1 0.6683006535947712 0.3581495098039216 0.03594771241830065 0.02696078431372549
1 0.5600490196078431 0.41222426470588236 0.027777777777777776 0.018688725490196078
0 0.6276552287581699 0.7037377450980392 0.02246732026143791 0.015318627450980392
1 0.8906107026143791 0.4186580882352941 0.029587418300653597 0.021139705882352942
0 0.3645833333333333 0.7835477941176471 0.0298202614379085 0.020526960784313725
0 0.18525326797385622 0.7670036764705882 0.02900326797385621 0.01991421568627451
1 0.2957516339869281 0.4898897058823529 0.0392156862745098 0.025735294117647058
1 0.525531045751634 0.39338235294117646 0.02900326797385621 0.02267156862745098
0 0.8386437908496732 0.6617647058823529 0.021241830065359478 0.014705882352941176
1 0.8715277777777778 0.39690563725490197 0.027369281045751634 0.01991421568627451
1 0.9193218954248366 0.5009191176470589 0.03390522875816993 0.02389705882352941
0 0.25469771241830064 0.8431372549019608 0.0363562091503268 0.025122549019607844
1 0.5477941176470589 0.3425245098039216 0.03349673202614379 0.024509803921568627
1 0.47875816993464054 0.6125919117647058 0.031862745098039214 0.021752450980392156
0 0.8288398692810458 0.7068014705882353 0.02696078431372549 0.01838235294117647
1 0.5731209150326797 0.33348651960784315 0.031862745098039214 0.02420343137254902
0 0.5287990196078431 0.7383578431372549 0.02900326797385621 0.02267156862745098
1 0.5545343137254902 0.39200367647058826 0.03390522875816993 0.024816176470588234
0 0.8137254901960784 0.7642463235294118 0.028594771241830064 0.01991421568627451