1 0.6950571895424836 0.3215379901960784 0.024101307189542485 0.013174019607843137
1 0.5561683006535948 0.34129901960784315 0.020833333333333332 0.012254901960784314
1 0.4569035947712418 0.34589460784313725 0.01511437908496732 0.011642156862745098
1 0.7334558823529411 0.3471200980392157 0.015931372549019607 0.00980392156862745
1 0.525531045751634 0.34880514705882354 0.01511437908496732 0.008884803921568627
1 0.6652369281045751 0.3541666666666667 0.016748366013071895 0.014705882352941176
1 0.7502042483660131 0.36213235294117646 0.016748366013071895 0.011642156862745098
1 0.7383578431372549 0.3704044117647059 0.015931372549019607 0.011642156862745098
1 0.9113562091503268 0.4404105392156863 0.0008169934640522876 0.0009191176470588235
1 0.5584150326797386 0.44393382352941174 0.017973856209150325 0.011642156862745098
1 0.7879901960784313 0.48590686274509803 0.01715686274509804 0.013480392156862746
1 0.4491421568627451 0.4924938725490196 0.020016339869281044 0.01685049019607843
1 0.37888071895424835 0.5214460784313726 0.01919934640522876 0.016544117647058824
0 0.3723447712418301 0.5873161764705882 0.01919934640522876 0.016544117647058824
0 0.6546160130718954 0.608609068627451 0.01184640522875817 0.01133578431372549
0 0.27369281045751637 0.6106004901960784 0.031862745098039214 0.02144607843137255
0 0.7316176470588235 0.6112132352941176 0.015522875816993464 0.012254901960784314
0 0.5149101307189542 0.6256127450980392 0.014297385620915032 0.011642156862745098
0 0.5018382352941176 0.6259191176470589 0.013480392156862746 0.011029411764705883
0 0.7902369281045751 0.6507352941176471 0.017565359477124183 0.014705882352941176
0 0.582312091503268 0.6689644607843137 0.01919934640522876 0.015625
0 0.008374183006535947 0.6723345588235294 0.016748366013071895 0.015012254901960785
0 0.4332107843137255 0.6881127450980392 0.020016339869281044 0.015931372549019607
1 0.5588235294117647 0.23805147058823528 0.015522875816993464 0.00980392156862745
1 0.5933415032679739 0.24693627450980393 0.02165032679738562 0.014705882352941176
1 0.5778186274509803 0.2529105392156863 0.01919934640522876 0.010723039215686275
1 0.6930147058823529 0.25857843137254904 0.013480392156862746 0.012254901960784314
1 0.4852941176470588 0.27496936274509803 0.017973856209150325 0.010723039215686275
1 0.5175653594771242 0.28262867647058826 0.014705882352941176 0.01011029411764706
1 0.5400326797385621 0.28324142156862747 0.01715686274509804 0.014399509803921568
1 0.6658496732026143 0.2884497549019608 0.0196078431372549 0.011948529411764705
1 0.585171568627451 0.29181985294117646 0.015931372549019607 0.010723039215686275