1 0.028799019607843136 0.3639705882352941 0.01838235294117647 0.013480392156862746
1 0.15788398692810457 0.3831188725490196 0.02246732026143791 0.019301470588235295
1 0.3813316993464052 0.4209558823529412 0.030637254901960783 0.015931372549019607
1 0.04758986928104575 0.45006127450980393 0.03227124183006536 0.031862745098039214
1 0.034109477124183 0.4577205882352941 0.0363562091503268 0.020833333333333332
1 0.011642156862745098 0.4646139705882353 0.023284313725490197 0.017463235294117647
1 0.8492647058823529 0.47074142156862747 0.02042483660130719 0.017463235294117647
1 0.8694852941176471 0.47441789215686275 0.024918300653594773 0.021139705882352942
1 0.43933823529411764 0.4817708333333333 0.024918300653594773 0.020526960784313725
1 0.7218137254901961 0.4993872549019608 0.028594771241830064 0.022058823529411766
1 0.3464052287581699 0.5324754901960784 0.03022875816993464 0.02144607843137255
1 0.1474673202614379 0.5367647058823529 0.027777777777777776 0.018995098039215685
1 0.1184640522875817 0.5776654411764706 0.027777777777777776 0.018688725490196078
1 0.9195261437908496 0.5791973039215687 0.02287581699346405 0.01685049019607843
1 0.15522875816993464 0.5986519607843137 0.028594771241830064 0.01838235294117647
1 0.6983251633986928 0.6200980392156863 0.020016339869281044 0.01715686274509804
0 0.7718545751633987 0.6263786764705882 0.014297385620915032 0.007659313725490196
1 0.8596813725490197 0.6269914215686274 0.024101307189542485 0.018075980392156864
0 0.12152777777777778 0.6312806372549019 0.013480392156862746 0.008884803921568627
0 0.7387663398692811 0.6410845588235294 0.012663398692810458 0.011948529411764705
0 0.8159722222222222 0.6462928921568627 0.017565359477124183 0.008272058823529412
0 0.8588643790849673 0.6479779411764706 0.015931372549019607 0.007965686274509803
0 0.099468954248366 0.6637561274509803 0.01511437908496732 0.007659313725490196
0 0.19301470588235295 0.6678921568627451 0.01838235294117647 0.010416666666666666
0 0.9893790849673203 0.6701899509803921 0.021241830065359478 0.01133578431372549
0 0.10477941176470588 0.6720281862745098 0.015931372549019607 0.008884803921568627
0 0.7808415032679739 0.6724877450980392 0.020016339869281044 0.012254901960784314
0 0.07802287581699346 0.6787683823529411 0.021241830065359478 0.01011029411764706
0 0.03329248366013072 0.6873468137254902 0.01919934640522876 0.008884803921568627
1 0.46691176470588236 0.6959252450980392 0.028594771241830064 0.023590686274509803
0 0.2193627450980392 0.7113970588235294 0.017973856209150325 0.012254901960784314
0 0.17544934640522875 0.7140012254901961 0.020833333333333332 0.011948529411764705
0 0.06719771241830065 0.7294730392156863 0.020016339869281044 0.014705882352941176
1 0.9895833333333334 0.7789522058823529 0.020833333333333332 0.01991421568627451
0 0.12193627450980392 0.7800245098039216 0.020016339869281044 0.012867647058823529
0 0.20098039215686275 0.7872242647058824 0.02369281045751634 0.015012254901960785
0 0.12173202614379085 0.8154105392156863 0.025326797385620915 0.01685049019607843
0 0.8092320261437909 0.8233762254901961 0.017973856209150325 0.0070465686274509805
0 0.9419934640522876 0.8385416666666666 0.02369281045751634 0.014093137254901961
0 0.07700163398692811 0.8471200980392157 0.027369281045751634 0.013480392156862746
0 0.9613970588235294 0.9266237745098039 0.03880718954248366 0.02420343137254902
1 0.06801470588235294 0.30223651960784315 0.03145424836601307 0.019301470588235295
1 0.21957312091503267 0.6109068627450981 0.02329656862745098 0.01838235294117647