0 0.4389297385620915 0.7210477941176471 0.025735294117647058 0.01685049019607843
0 0.7495915032679739 0.7935049019607843 0.029411764705882353 0.01838235294117647
1 0.5758455882352942 0.6103446691176471 0.028325163398692812 0.01970894607843137
0 0.4846813725490196 0.6609987745098039 0.023284313725490197 0.018075980392156864
1 0.15890522875816993 0.4257046568627451 0.031862745098039214 0.023590686274509803
1 0.4963235294117647 0.5258884803921569 0.027777777777777776 0.02297794117647059
0 0.8862336601307189 0.5724571078431373 0.014297385620915032 0.009497549019607842
0 0.4667075163398693 0.6591605392156863 0.028186274509803922 0.019301470588235295
0 0.38500816993464054 0.5683210784313726 0.01919934640522876 0.010416666666666666
0 0.9293300653594772 0.5840992647058824 0.015522875816993464 0.009497549019607842
1 0.6433823529411765 0.649203431372549 0.032679738562091505 0.022058823529411766
1 0.5326797385620915 0.3962423406862745 0.02696078431372549 0.01858762254901961
0 0.8419812091503268 0.5610707720588235 0.012393790849673203 0.007558210784313726
1 0.2128247549019608 0.40058210784313725 0.03349264705882353 0.02297794117647059
0 0.9293300653594772 0.6283700980392157 0.014705882352941176 0.013480392156862746
1 0.6670751633986928 0.5741421568627451 0.022058823529411766 0.016544117647058824
1 0.3590686274509804 0.28661151960784315 0.02287581699346405 0.015625
0 0.3997140522875817 0.6822916666666666 0.023284313725490197 0.016544117647058824
1 0.3335375816993464 0.4255009191176471 0.03145424836601307 0.02134497549019608
1 0.5433006535947712 0.5949754901960784 0.03104575163398693 0.02267156862745098
1 0.5714869281045751 0.6318933823529411 0.026143790849673203 0.018688725490196078
0 0.6542075163398693 0.5934436274509803 0.02165032679738562 0.014705882352941176
0 0.1329656862745098 0.9894301470588235 0.05514705882352941 0.021139705882352942
1 0.39195261437908496 0.32077205882352944 0.03145424836601307 0.0196078431372549
0 0.5314542483660131 0.6043198529411765 0.0196078431372549 0.015625
0 0.9479166666666666 0.6721813725490197 0.024101307189542485 0.013480392156862746
1 0.6703431372549019 0.31326593137254904 0.03022875816993464 0.02420343137254902
1 0.8078022875816994 0.0914016544117647 0.039624183006535946 0.027778799019607843
1 0.5968137254901961 0.5343137254901961 0.031862745098039214 0.024509803921568627
0 0.8510355392156863 0.5815456495098039 0.014979575163398694 0.009905024509803921
1 0.6177165032679739 0.476358762254902 0.02791666666666667 0.021957720588235294
1 0.23631535947712418 0.3463541666666667 0.028186274509803922 0.01991421568627451
1 0.9340277777777778 0.01363357843137255 0.044526143790849675 0.0272671568627451
1 0.5492238562091504 0.49203431372549017 0.026552287581699346 0.02144607843137255
0 0.8876633986928104 0.6551776960784313 0.02042483660130719 0.014399509803921568
1 0.5679473039215687 0.6022778799019608 0.028868464052287584 0.020732230392156863
1 0.5465686274509803 0.30652573529411764 0.03431372549019608 0.02542892156862745
1 0.5665849673202614 0.547640931372549 0.027777777777777776 0.021752450980392156
1 0.3647875816993464 0.40088848039215685 0.032679738562091505 0.024816176470588234
0 0.8431372549019608 0.6636029411764706 0.021241830065359478 0.013480392156862746
0 0.2647058823529412 0.7711397058823529 0.03594771241830065 0.025735294117647058
1 0.6548202614379085 0.21553308823529413 0.027777777777777776 0.020526960784313725
1 0.5688316993464052 0.49433210784313725 0.026552287581699346 0.022365196078431373
1 0.04718137254901961 0.34620098039215685 0.04125816993464052 0.027573529411764705
1 0.8245506535947712 0.011795343137254902 0.0428921568627451 0.023590686274509803
1 0.5363562091503268 0.37653186274509803 0.031862745098039214 0.024509803921568627
0 0.022058823529411766 0.9609375 0.04411764705882353 0.043198529411764705
0 0.26143790849673204 0.6649816176470589 0.03349673202614379 0.02297794117647059
1 0.8625408496732027 0.3743872549019608 0.04616013071895425 0.032475490196078434
1 0.7943218954248366 0.04932598039215686 0.04125816993464052 0.032475490196078434
1 0.7015931372549019 0.29120710784313725 0.0428921568627451 0.02971813725490196
1 0.6807598039215687 0.49325980392156865 0.03553921568627451 0.024509803921568627
1 0.4185049019607843 0.3662683823529412 0.03227124183006536 0.02297794117647059
0 0.9714052287581699 0.8832720588235294 0.04656862745098039 0.03370098039215686
1 0.7620506535947712 0.20557598039215685 0.0494281045751634 0.03676470588235294
0 0.3488562091503268 0.9094669117647058 0.049019607843137254 0.040747549019607844
1 0.5547038398692811 0.48223039215686275 0.02852532679738562 0.020833333333333332
1 0.6279616013071896 0.47017922794117645 0.023080065359477125 0.018177083333333333
0 0.8574060457516339 0.5785340073529411 0.012197712418300654 0.008170955882352941
0 0.8477920751633987 0.5635217524509804 0.010126633986928105 0.005107230392156863
0 0.8380739379084967 0.5557598039215687 0.009481209150326797 0.0055147058823529415
0 0.3707516339869281 0.5556571691176471 0.012745098039215686 0.008373161764705882