0 0.8143382352941176 0.7029718137254902 0.020833333333333332 0.01133578431372549
0 0.9011437908496732 0.7395833333333334 0.022058823529411766 0.013480392156862746
0 0.6852532679738562 0.7529105392156863 0.020833333333333332 0.011948529411764705
1 0.6854575163398693 0.4802389705882353 0.017973856209150325 0.013786764705882353
1 0.1343954248366013 0.5056678921568627 0.026143790849673203 0.017463235294117647
0 0.13541666666666666 0.7086397058823529 0.015931372549019607 0.011029411764705883
1 0.2114276960784314 0.6723223039215687 0.020894607843137254 0.013149509803921568
1 0.4577205882352941 0.5327818627450981 0.016748366013071895 0.012254901960784314
1 0.7048304738562091 0.6914123774509804 0.024040032679738563 0.017628676470588234
1 0.7512254901960784 0.39981617647058826 0.02042483660130719 0.015318627450980392
0 0.25388071895424835 0.7386642156862745 0.020833333333333332 0.012867647058823529
0 0.08190359477124183 0.8924632352941176 0.02165032679738562 0.014093137254901961
0 0.6870915032679739 0.7118566176470589 0.01715686274509804 0.011948529411764705
1 0.827001633986928 0.3121936274509804 0.017565359477124183 0.013480392156862746
1 0.71875 0.5991115196078431 0.02246732026143791 0.013174019607843137
0 0.443218954248366 0.7333026960784313 0.01715686274509804 0.01133578431372549
1 0.32679738562091504 0.48743872549019607 0.024509803921568627 0.016544117647058824
0 0.8845996732026143 0.7354473039215687 0.017565359477124183 0.012561274509803922
1 0.8574346405228758 0.44316789215686275 0.022058823529411766 0.013174019607843137
0 0.3545751633986928 0.7072610294117647 0.01715686274509804 0.01133578431372549
0 0.23794934640522875 0.6844362745098039 0.017565359477124183 0.011642156862745098
0 0.4368872549019608 0.610140931372549 0.01511437908496732 0.010723039215686275
1 0.07536764705882353 0.5932904411764706 0.023284313725490197 0.013786764705882353
0 0.3756127450980392 0.6649816176470589 0.01511437908496732 0.010723039215686275
1 0.6235702614379085 0.5834865196078431 0.02165032679738562 0.014399509803921568
1 0.891748366013072 0.4169730392156863 0.021241830065359478 0.013480392156862746
0 0.477124183006536 0.7113970588235294 0.017973856209150325 0.012867647058823529
1 0.6770833333333334 0.38265931372549017 0.014297385620915032 0.011029411764705883
1 0.7097630718954249 0.6516544117647058 0.023284313725490197 0.016544117647058824
1 0.2167075163398693 0.6205575980392157 0.024918300653594773 0.016237745098039217
1 0.6542075163398693 0.7184436274509803 0.020833333333333332 0.014705882352941176
0 0.9468954248366013 0.6907169117647058 0.0196078431372549 0.013174019607843137
0 0.25796568627450983 0.7840073529411765 0.01919934640522876 0.014093137254901961
0 0.6127450980392157 0.7552083333333334 0.01715686274509804 0.011642156862745098
1 0.8263888888888888 0.5168504901960784 0.018790849673202614 0.014705882352941176
0 0.48794934640522875 0.7463235294117647 0.017565359477124183 0.012867647058823529
1 0.866374591503268 0.2440609681372549 0.01951388888888889 0.013244485294117645
0 0.3527369281045752 0.7757352941176471 0.020833333333333332 0.014705882352941176
1 0.6854575163398693 0.43612132352941174 0.01715686274509804 0.011948529411764705
1 0.661968954248366 0.3860294117647059 0.015931372549019607 0.011642156862745098
0 0.247140522875817 0.7441789215686274 0.024509803921568627 0.015318627450980392
1 0.8094362745098039 0.3166360294117647 0.01838235294117647 0.013786764705882353
1 0.09906045751633986 0.577359068627451 0.024918300653594773 0.016237745098039217
1 0.7391748366013072 0.7377450980392157 0.026552287581699346 0.02022058823529412
1 0.5839460784313726 0.6455269607843137 0.020016339869281044 0.015931372549019607
0 0.15236928104575165 0.7772671568627451 0.021241830065359478 0.013480392156862746
1 0.6919934640522876 0.5955882352941176 0.021241830065359478 0.016544117647058824
0 0.7659313725490197 0.928921568627451 0.02696078431372549 0.01838235294117647
1 0.3852124183006536 0.6337316176470589 0.017973856209150325 0.012561274509803922
1 0.6149918300653595 0.41452205882352944 0.016748366013071895 0.012254901960784314
1 0.5318014705882352 0.6137699142156863 0.01213235294117647 0.009402573529411765
1 0.7875816993464052 0.31755514705882354 0.02042483660130719 0.013174019607843137
0 0.009191176470588236 0.7711397058823529 0.017565359477124183 0.014705882352941176
0 0.1338296568627451 0.6336014093137254 0.016842320261437907 0.010462622549019607
0 0.7861519607843137 0.9195772058823529 0.027369281045751634 0.017463235294117647
1 0.7822712418300654 0.5113357843137255 0.022058823529411766 0.014705882352941176
1 0.5584150326797386 0.5707720588235294 0.02287581699346405 0.015318627450980392
0 0.7943218954248366 0.6911764705882353 0.015931372549019607 0.011642156862745098
1 0.8243464052287581 0.43826593137254904 0.021241830065359478 0.014399509803921568
1 0.599468954248366 0.5651041666666666 0.024101307189542485 0.018075980392156864
0 0.4325980392156863 0.7441789215686274 0.021241830065359478 0.014093137254901961
1 0.6403186274509803 0.6855085784313726 0.02246732026143791 0.015625
0 0.06801470588235294 0.7496936274509803 0.023284313725490197 0.015931372549019607
0 0.8308823529411765 0.6939338235294118 0.0196078431372549 0.011642156862745098
1 0.6521650326797386 0.44607843137254904 0.01511437908496732 0.011642156862745098
1 0.7148692810457516 0.6781556372549019 0.022058823529411766 0.013786764705882353
1 0.730187908496732 0.42830882352941174 0.017565359477124183 0.011642156862745098
1 0.6267442810457516 0.5903799019607843 0.020645424836601308 0.015318627450980392
0 0.35804738562091504 0.7288602941176471 0.016748366013071895 0.012254901960784314
0 0.8799019607843137 0.7515318627450981 0.015522875816993464 0.012254901960784314
1 0.02369281045751634 0.3785232843137255 0.025326797385620915 0.01685049019607843
1 0.4360702614379085 0.5525428921568627 0.02246732026143791 0.015625
1 0.7222222222222222 0.41329656862745096 0.017973856209150325 0.012254901960784314
0 0.8690767973856209 0.7647058823529411 0.01919934640522876 0.012867647058823529
1 0.7489787581699346 0.37392769607843135 0.020016339869281044 0.013786764705882353
1 0.7207924836601307 0.4518995098039216 0.017565359477124183 0.012254901960784314
1 0.7632761437908496 0.30269607843137253 0.020016339869281044 0.014705882352941176
1 0.8263888888888888 0.6815257352941176 0.02696078431372549 0.018688725490196078
1 0.4213643790849673 0.5615808823529411 0.02165032679738562 0.014705882352941176
0 0.2849264705882353 0.8713235294117647 0.024101307189542485 0.015931372549019607
1 0.5081699346405228 0.34589460784313725 0.022058823529411766 0.015318627450980392
0 0.06652165032679738 0.6156908700980392 0.017847222222222223 0.01263174019607843
1 0.6691176470588235 0.3190870098039216 0.021241830065359478 0.015012254901960785
1 0.024101307189542485 0.5346200980392157 0.024509803921568627 0.01838235294117647
1 0.23304738562091504 0.5026041666666666 0.023284313725490197 0.016237745098039217
1 0.315359477124183 0.5962009803921569 0.021241830065359478 0.015318627450980392
0 0.4375 0.6910232843137255 0.017973856209150325 0.012561274509803922
1 0.8363970588235294 0.49892769607843135 0.020833333333333332 0.014399509803921568
1 0.5247140522875817 0.6280637254901961 0.023284313725490197 0.016544117647058824
0 0.846609477124183 0.7503063725490197 0.01838235294117647 0.014705882352941176
0 0.7714460784313726 0.7127757352941176 0.016748366013071895 0.012561274509803922
0 0.18075980392156862 0.8498774509803921 0.024101307189542485 0.020833333333333332
0 0.2665441176470588 0.8097426470588235 0.023284313725490197 0.016544117647058824
1 0.920547385620915 0.28737745098039214 0.027369281045751634 0.02022058823529412
1 0.3233251633986928 0.5263480392156863 0.02165032679738562 0.016544117647058824
1 0.9140114379084967 0.40640318627450983 0.030637254901960783 0.02297794117647059
1 0.45445261437908496 0.4597120098039216 0.023284313725490197 0.01685049019607843
0 0.15053104575163398 0.9906556372549019 0.03799019607843137 0.018688725490196078
0 0.6062091503267973 0.7991727941176471 0.0196078431372549 0.013786764705882353
1 0.09681372549019608 0.4728860294117647 0.027777777777777776 0.019301470588235295
1 0.5890522875816994 0.4699754901960784 0.022058823529411766 0.015318627450980392
1 0.5222630718954249 0.7121629901960784 0.023284313725490197 0.018688725490196078
0 0.4993872549019608 0.7689950980392157 0.02165032679738562 0.015931372549019607
0 0.18974673202614378 0.7757352941176471 0.020016339869281044 0.013480392156862746
1 0.7081290849673203 0.38480392156862747 0.020016339869281044 0.014093137254901961
0 0.7828839869281046 0.9022671568627451 0.026552287581699346 0.017769607843137254
1 0.6266339869281046 0.39568014705882354 0.0196078431372549 0.013786764705882353
0 0.7681781045751634 0.7446384803921569 0.01919934640522876 0.014399509803921568
0 0.4297385620915033 0.7196691176470589 0.01715686274509804 0.011642156862745098
1 0.5053104575163399 0.5477941176470589 0.026143790849673203 0.01838235294117647
1 0.43423202614379086 0.5128676470588235 0.026143790849673203 0.01838235294117647
0 0.43014705882352944 0.7830882352941176 0.0196078431372549 0.015318627450980392
0 0.39133986928104575 0.7818627450980392 0.021241830065359478 0.015318627450980392
1 0.8176062091503268 0.3662683823529412 0.02246732026143791 0.015012254901960785
0 0.5974264705882353 0.7447916666666666 0.020016339869281044 0.016544117647058824
0 0.08762254901960784 0.7637867647058824 0.024101307189542485 0.016544117647058824
1 0.1787173202614379 0.43933823529411764 0.028186274509803922 0.02022058823529412
1 0.516952614379085 0.6799938725490197 0.025735294117647058 0.018688725490196078
1 0.4252450980392157 0.5456495098039216 0.026143790849673203 0.017769607843137254
0 0.44873366013071897 0.8074448529411765 0.023284313725490197 0.01685049019607843
1 0.2734885620915033 0.45481004901960786 0.027369281045751634 0.01991421568627451
1 0.47201797385620914 0.4892769607843137 0.025735294117647058 0.018995098039215685
0 0.6985294117647058 0.9387254901960784 0.03022875816993464 0.024509803921568627
0 0.3958333333333333 0.9122242647058824 0.029411764705882353 0.021752450980392156
0 0.7387663398692811 0.9696691176470589 0.027369281045751634 0.02022058823529412
0 0.306781045751634 0.7055759803921569 0.02287581699346405 0.01715686274509804
0 0.37888071895424835 0.936734068627451 0.030637254901960783 0.02542892156862745
0 0.974468954248366 0.7375919117647058 0.03145424836601307 0.022365196078431373
0 0.7446895424836601 0.8135723039215687 0.026143790849673203 0.019301470588235295
1 0.8668300653594772 0.4293811274509804 0.032679738562091505 0.023590686274509803
0 0.16472630718954248 0.6352052696078431 0.014093137254901961 0.007542892156862746
1 0.1775122549019608 0.6159267769607844 0.02005718954248366 0.012490808823529412
1 0.36872753267973857 0.5977803308823529 0.016866830065359478 0.01296262254901961
0 0.44453022875816994 0.604874387254902 0.01406045751633987 0.007542892156862746
1 0.5231474673202614 0.6145358455882353 0.012798202614379084 0.008483455882352942
1 0.06461805555555555 0.4405407475490196 0.019758986928104575 0.013434436274509805
0 0.37135212418300656 0.5909451593137255 0.013129084967320261 0.008483455882352942