1 0.16319444444444445 0.3391544117647059 0.020833333333333332 0.018995098039215685
1 0.07332516339869281 0.35401348039215685 0.016748366013071895 0.015012254901960785
1 0.09272875816993464 0.3840379901960784 0.02042483660130719 0.018075980392156864
1 0.06515522875816994 0.43612132352941174 0.01919934640522876 0.017463235294117647
1 0.013276143790849673 0.4365808823529412 0.014297385620915032 0.012867647058823529
1 0.017973856209150325 0.4371936274509804 0.014705882352941176 0.014705882352941176
1 0.7363153594771242 0.44056372549019607 0.02900326797385621 0.029411764705882353
1 0.010008169934640522 0.48238357843137253 0.01511437908496732 0.015012254901960785
1 0.5729166666666666 0.48253676470588236 0.0298202614379085 0.02696078431372549
1 0.8983353758169934 0.5485600490196079 0.04421977124183007 0.03707107843137255
1 0.5982434640522876 0.5530024509803921 0.024918300653594773 0.025122549019607844
1 0.21997549019607843 0.5609681372549019 0.01838235294117647 0.017769607843137254
1 0.09334150326797386 0.6012561274509803 0.020833333333333332 0.017463235294117647
1 0.2777777777777778 0.6072303921568627 0.02287581699346405 0.02022058823529412
1 0.813954248366013 0.6498161764705882 0.04784313725490196 0.03553921568627451
1 0.088031045751634 0.6608455882352942 0.014297385620915032 0.013480392156862746
1 0.4207516339869281 0.6649816176470589 0.015522875816993464 0.015012254901960785
1 0.16911764705882354 0.6666666666666666 0.014705882352941176 0.012254901960784314
1 0.5618872549019608 0.6700367647058824 0.017565359477124183 0.015318627450980392
1 0.20220588235294118 0.6852022058823529 0.014705882352941176 0.013174019607843137
0 0.0843545751633987 0.7012867647058824 0.01184640522875817 0.010416666666666666
0 0.5263480392156863 0.7087928921568627 0.014297385620915032 0.013174019607843137
0 0.1284722222222222 0.7202818627450981 0.011029411764705883 0.00980392156862745
0 0.125 0.7213541666666666 0.008986928104575163 0.008272058823529412
0 0.16748366013071894 0.7302389705882353 0.010620915032679739 0.008884803921568627
0 0.28145424836601307 0.7605698529411765 0.014705882352941176 0.011948529411764705
0 0.45159313725490197 0.7752757352941176 0.014297385620915032 0.013174019607843137
0 0.21650326797385622 0.7826286764705882 0.0196078431372549 0.016237745098039217
0 0.5508578431372549 0.7835477941176471 0.02246732026143791 0.018688725490196078
0 0.48590686274509803 0.8002450980392157 0.015931372549019607 0.012254901960784314
0 0.2536764705882353 0.8089767156862745 0.015522875816993464 0.013786764705882353
0 0.3958333333333333 0.8095894607843137 0.017973856209150325 0.015012254901960785
0 0.14705882352941177 0.8144914215686274 0.015522875816993464 0.013786764705882353
0 0.7853349673202614 0.8198529411764706 0.025735294117647058 0.022058823529411766
0 0.1235702614379085 0.8215379901960784 0.01511437908496732 0.012561274509803922
0 0.7379493464052288 0.8250612745098039 0.020016339869281044 0.01715686274509804
0 0.40236928104575165 0.828890931372549 0.016339869281045753 0.013786764705882353
0 0.20322712418300654 0.8360906862745098 0.016748366013071895 0.014093137254901961
0 0.31699346405228757 0.8373161764705882 0.014705882352941176 0.012867647058823529
0 0.4959150326797386 0.8391544117647058 0.017973856209150325 0.015318627450980392
0 0.4624183006535948 0.8480392156862745 0.016339869281045753 0.014705882352941176
1 0.8400735294117647 0.8521752450980392 0.0363562091503268 0.03216911764705882
0 0.5318627450980392 0.8550857843137255 0.01715686274509804 0.015318627450980392
0 0.9622140522875817 0.8681066176470589 0.027369281045751634 0.021752450980392156
0 0.07148692810457516 0.8840379901960784 0.0196078431372549 0.017463235294117647
0 0.6372549019607843 0.8874080882352942 0.022058823529411766 0.01991421568627451
0 0.5774101307189542 0.8952205882352942 0.027369281045751634 0.02022058823529412
0 0.49019607843137253 0.8979779411764706 0.02042483660130719 0.01715686274509804
0 0.49407679738562094 0.9010416666666666 0.020016339869281044 0.016544117647058824
0 0.8370098039215687 0.9119178921568627 0.03104575163398693 0.02971813725490196
0 0.08006535947712418 0.9136029411764706 0.0196078431372549 0.016544117647058824
0 0.08272058823529412 0.9180453431372549 0.02165032679738562 0.017463235294117647
0 0.5917075163398693 0.9240196078431373 0.024918300653594773 0.020833333333333332
0 0.05269607843137255 0.9261642156862745 0.017973856209150325 0.016544117647058824
0 0.049223856209150325 0.9296875 0.01919934640522876 0.017463235294117647
0 0.3388480392156863 0.9350490196078431 0.026552287581699346 0.024509803921568627
0 0.5692401960784313 0.9535845588235294 0.020016339869281044 0.016237745098039217
0 0.9742647058823529 0.9664522058823529 0.0196078431372549 0.01685049019607843
0 0.9740604575163399 0.9715073529411765 0.017565359477124183 0.015318627450980392
0 0.10702614379084967 0.9756433823529411 0.022058823529411766 0.019301470588235295
0 0.20016339869281047 0.9768688725490197 0.025326797385620915 0.01991421568627451
0 0.10825163398692811 0.9813112745098039 0.022058823529411766 0.01838235294117647
0 0.23386437908496732 0.9865196078431373 0.023284313725490197 0.018995098039215685
0 0.5069444444444444 0.9900428921568627 0.021241830065359478 0.018075980392156864
1 0.735702614379085 0.21982230392156862 0.03676470588235294 0.03216911764705882
1 0.11968954248366014 0.2610294117647059 0.015522875816993464 0.013480392156862746
1 0.8012663398692811 0.2772671568627451 0.03553921568627451 0.03370098039215686
1 0.02267156862745098 0.28079044117647056 0.01919934640522876 0.018075980392156864
1 0.09068627450980392 0.2853860294117647 0.01715686274509804 0.015625
1 0.35220179738562096 0.31066176470588236 0.03201797385620915 0.02144607843137255
1 0.08297794117647059 0.25464001225490196 0.022165032679738562 0.01663296568627451
1 0.08198733660130718 0.22190104166666666 0.021000816993464053 0.014880514705882354
1 0.13560866013071896 0.3126746323529412 0.024485294117647056 0.014442401960784314
1 0.14249591503267972 0.26606311274509803 0.018651960784313724 0.013131127450980391
1 0.13981004901960783 0.3417371323529412 0.015731209150326796 0.013131127450980391
1 0.1479799836601307 0.38222120098039214 0.019816176470588233 0.011378676470588236
1 0.16005718954248366 0.3638832720588235 0.018643790849673204 0.012693014705882353
1 0.15961805555555555 0.3764874387254902 0.016948529411764706 0.010940563725490196
1 0.15154003267973856 0.40213541666666663 0.016315359477124182 0.011378676470588236
1 0.17779616013071894 0.4220067401960785 0.015723039215686276 0.013131127450980391
1 0.2007863562091503 0.34348805147058825 0.019219771241830063 0.013569240196078431
1 0.2551674836601307 0.32536764705882354 0.0127859477124183 0.009191176470588236
1 0.26531454248366015 0.3277313112745098 0.01347222222222222 0.009629289215686274
1 0.3037724673202614 0.45548866421568623 0.025028594771241832 0.015756740196078433
1 0.375249183006536 0.4655989583333333 0.02500816993464052 0.015756740196078433
1 0.11625204248366013 0.4886197916666667 0.019268790849673204 0.017068014705882352
1 0.10014501633986927 0.47824754901960786 0.02218545751633987 0.015318627450980392
1 0.07697303921568628 0.4594715073529412 0.029763071895424837 0.01882046568627451
1 0.07160334967320262 0.528624387254902 0.019840686274509804 0.01619485294117647
1 0.07942401960784314 0.5613189338235294 0.02159313725490196 0.013569240196078431
1 0.13455882352941176 0.5258226102941177 0.017483660130718955 0.011816789215686274
1 0.130359477124183 0.5084911151960784 0.013986928104575164 0.009629289215686274
1 0.20516135620915033 0.5386902573529412 0.015714869281045752 0.011816789215686274
1 0.12092116013071895 0.6050857843137255 0.020437091503267973 0.015318627450980392
1 0.7378513071895425 0.5380928308823529 0.019820261437908496 0.014298406862745099
1 0.5032679738562091 0.27583792892156866 0.021241830065359478 0.01736213235294118
1 0.49142361111111116 0.31409926470588234 0.025330882352941175 0.019742647058823528
1 0.7716605392156863 0.2715487132352941 0.04250408496732026 0.03268075980392157
1 0.7334477124183006 0.2920404411764706 0.033888888888888885 0.022806372549019606
1 0.6041074346405229 0.44321844362745094 0.03664624183006536 0.02859375
1 0.2982741013071895 0.6630238970588236 0.022201797385620916 0.012935049019607842
1 0.2843423202614379 0.6820879289215687 0.013129084967320261 0.008170955882352941
1 0.1903982843137255 0.6922993259803921 0.017234477124183006 0.016338848039215686
1 0.25234681372549017 0.6708532475490196 0.014497549019607843 0.010211397058823528
1 0.23700776143790853 0.5789414828431373 0.018133169934640522 0.010211397058823528
1 0.24833129084967318 0.6576792279411765 0.01545343137254902 0.010211397058823528
1 0.8014276960784313 0.48566789215686273 0.048933823529411766 0.03199754901960784
1 0.8439971405228758 0.47712469362745097 0.02459558823529412 0.014298406862745099
1 0.9374632352941176 0.4918642769607843 0.039142156862745095 0.024169730392156863
1 0.9361029411764705 0.1917218137254902 0.03642156862745098 0.029276960784313726
1 0.7285906862745097 0.7252864583333334 0.021723856209150325 0.01736213235294118
1 0.7919893790849674 0.716672794117647 0.031691176470588237 0.019742647058823528
1 0.629156454248366 0.6435860906862745 0.01811683006535948 0.016338848039215686
1 0.8572957516339869 0.4437974877450981 0.02668300653594771 0.018722426470588235
1 0.25145833333333334 0.5136075367647058 0.030694444444444444 0.018636642156862743
1 0.14785743464052287 0.5152420343137255 0.022839052287581697 0.011488970588235295
1 0.15357434640522874 0.6561734068627451 0.01629901960784314 0.011488970588235295
1 0.14227532679738564 0.6980438112745098 0.0108578431372549 0.00944546568627451
1 0.1357046568627451 0.6900275735294118 0.017324346405228758 0.013020833333333334
1 0.1512295751633987 0.6943673406862745 0.011609477124183008 0.00944546568627451
1 0.11047589869281045 0.6995756740196079 0.012618464052287582 0.00944546568627451
1 0.10987132352941176 0.6925811887254902 0.016311274509803922 0.008936887254901962
1 0.09421364379084966 0.6768030024509804 0.017675653594771242 0.01046875
1 0.053913398692810456 0.5600490196078431 0.024493464052287583 0.015318627450980392
1 0.030061274509803924 0.4598391544117647 0.016004901960784315 0.010977328431372549
1 0.016609477124183005 0.4643581495098039 0.01769607843137255 0.010211397058823528
1 0.15728553921568628 0.6736366421568627 0.018002450980392156 0.011488970588235295
1 0.03681985294117647 0.36151960784313725 0.015633169934640524 0.009191176470588236
1 0.04485294117647059 0.3840640318627451 0.02107843137254902 0.01200061274509804
1 0.03940563725490196 0.24803462009803923 0.02652369281045752 0.015064338235294118
1 0.007383578431372549 0.22998314950980392 0.014767156862745098 0.013275122549019608
1 0.03634395424836601 0.2621277573529412 0.02040032679738562 0.01200061274509804
1 0.05417279411764706 0.3014200367647059 0.024195261437908497 0.015830269607843138
1 0.021862745098039215 0.3404564950980392 0.014313725490196078 0.009957107843137254
1 0.22330882352941175 0.4489889705882353 0.015245098039215687 0.010723039215686275
1 0.13993464052287582 0.5959451593137255 0.018431372549019606 0.011743259803921569
1 0.09797589869281045 0.4253982843137255 0.013762254901960784 0.010723039215686275
1 0.0996343954248366 0.435796568627451 0.012994281045751633 0.008235294117647058
0 0.0642749183006536 0.7569071691176471 0.01335375816993464 0.008912377450980393
0 0.09426062091503268 0.6993933823529412 0.010416666666666666 0.00724264705882353
0 0.2634109477124183 0.7554871323529412 0.012933006535947712 0.009748774509803921
0 0.30265727124183006 0.7569914215686275 0.013811274509803923 0.010306372549019609
0 0.360077614379085 0.7451531862745098 0.013455882352941175 0.008075980392156863
0 0.36609272875816995 0.7515870098039216 0.01568218954248366 0.008075980392156863
0 0.38288194444444446 0.7600827205882352 0.014946895424836603 0.009748774509803921
0 0.40590890522875817 0.7509466911764706 0.016066176470588233 0.011697303921568628
0 0.4259272875816994 0.7575474877450981 0.01198529411764706 0.008354779411764705
0 0.4188807189542484 0.7550689338235295 0.007696078431372549 0.005848651960784314
0 0.4969301470588235 0.7762362132352942 0.011017156862745098 0.008354779411764705
0 0.4917687908496732 0.7840073529411765 0.01621732026143791 0.009191176470588236
0 0.4377430555555556 0.7189169730392158 0.014374999999999999 0.008912377450980393
0 0.48946691176470586 0.72796875 0.013247549019607842 0.008633578431372548
0 0.35330678104575164 0.7398621323529412 0.012169117647058823 0.009748774509803921
0 0.33990196078431373 0.734765625 0.010686274509803922 0.007521446078431373
0 0.31205269607843134 0.7375229779411765 0.012177287581699345 0.007521446078431373
0 0.29775735294117645 0.7385523897058824 0.012181372549019609 0.008354779411764705
0 0.330655637254902 0.7367708333333334 0.011801470588235295 0.00724264705882353
0 0.36544934640522875 0.6919010416666665 0.010310457516339869 0.006963848039215686
0 0.37287581699346406 0.7137362132352942 0.008823529411764706 0.005291053921568627
0 0.5161642156862745 0.8503232230392157 0.018439542483660133 0.015597426470588234
0 0.6426021241830066 0.7742876838235294 0.010694444444444444 0.007521446078431373
0 0.7664358660130719 0.7903017769607843 0.013263888888888888 0.008912377450980393
0 0.6004207516339869 0.7066069240196078 0.008848039215686275 0.006963848039215686
0 0.6940665849673203 0.7111458333333333 0.01068218954248366 0.008075980392156863
0 0.6458312908496732 0.7624770220588235 0.015518790849673203 0.00779718137254902
0 0.5673366013071895 0.9184497549019608 0.012941176470588235 0.013370098039215687
0 0.55890727124183 0.908422181372549 0.018141339869281046 0.011697303921568628
0 0.37124591503267973 0.8328324142156862 0.013733660130718953 0.010027573529411764