1 0.3339256535947713 0.33632812500000003 0.0420343137254902 0.024984681372549018
1 0.2790032679738562 0.31433823529411764 0.03676470588235294 0.025735294117647058
0 0.1012704248366013 0.46982230392156865 0.016266339869281044 0.01011029411764706
1 0.3547794117647059 0.1256127450980392 0.03880718954248366 0.025735294117647058
0 0.08946078431372549 0.46706495098039214 0.018790849673202614 0.01133578431372549
1 0.4897875816993464 0.18382352941176472 0.026143790849673203 0.023284313725490197
1 0.27001633986928103 0.19393382352941177 0.035130718954248366 0.02144607843137255
0 0.03165849673202614 0.5661764705882353 0.026552287581699346 0.02022058823529412
0 0.9262663398692811 0.766390931372549 0.04125816993464052 0.024816176470588234
0 0.8378267973856209 0.5035232843137255 0.021241830065359478 0.015012254901960785
1 0.05555555555555555 0.00980392156862745 0.0457516339869281 0.0196078431372549
1 0.13419117647058823 0.40900735294117646 0.042075163398692814 0.028799019607843136
0 0.6776960784313726 0.522671568627451 0.0196078431372549 0.012867647058823529
1 0.4362745098039216 0.11381740196078431 0.031862745098039214 0.02665441176470588
1 0.13623366013071894 0.11917892156862746 0.056781045751633986 0.03676470588235294
0 0.3974673202614379 0.7306985294117647 0.04084967320261438 0.02696078431372549
1 0.11315359477124183 0.34375 0.042483660130718956 0.03308823529411765
1 0.9468954248366013 0.29120710784313725 0.03839869281045752 0.026041666666666668
0 0.05494281045751634 0.6654411764705882 0.039624183006535946 0.025735294117647058
1 0.06985294117647059 0.07965686274509803 0.05473856209150327 0.04044117647058824
1 0.2965686274509804 0.24662990196078433 0.05228758169934641 0.03860294117647059
0 0.6652369281045751 0.5925245098039216 0.030637254901960783 0.020833333333333332
1 0.058823529411764705 0.19408700980392157 0.049836601307189546 0.035845588235294115
1 0.5063316993464052 0.04641544117647059 0.04370915032679738 0.035845588235294115
1 0.7777777777777778 0.16605392156862744 0.04820261437908497 0.037377450980392156
1 0.9297385620915033 0.33700980392156865 0.04330065359477124 0.03125
0 0.14052287581699346 0.7313112745098039 0.04738562091503268 0.030637254901960783
1 0.4272875816993464 0.029871323529411766 0.04820261437908497 0.0389093137254902
0 0.3014705882352941 0.7555147058823529 0.0457516339869281 0.03125
0 0.11866830065359477 0.6521139705882353 0.0363562091503268 0.024816176470588234
1 0.025939542483660132 0.2541360294117647 0.051879084967320264 0.04197303921568627
0 0.8306781045751634 0.7369791666666666 0.04044117647058824 0.03155637254901961
0 0.1434313725490196 0.4739031862745098 0.01888888888888889 0.010306372549019609
0 0.3424203431372549 0.47434895833333335 0.013272058823529413 0.007521446078431373
0 0.7788459967320261 0.47688265931372553 0.018476307189542483 0.008912377450980393
1 0.26630718954248367 0.24495863970588233 0.044869281045751636 0.03342218137254902