1 0.9483251633986928 0.31893382352941174 0.03390522875816993 0.024509803921568627
1 0.5200163398692811 0.3635110294117647 0.03594771241830065 0.024816176470588234
0 0.9859068627450981 0.3671875 0.015931372549019607 0.010723039215686275
0 0.9591503267973857 0.3708639705882353 0.015522875816993464 0.007659313725490196
0 0.9736519607843137 0.37392769607843135 0.01919934640522876 0.008884803921568627
1 0.758578431372549 0.3772977941176471 0.026143790849673203 0.019301470588235295
1 0.6885212418300654 0.3831188725490196 0.026552287581699346 0.01991421568627451
0 0.8676470588235294 0.3834252450980392 0.02042483660130719 0.008884803921568627
0 0.9442401960784313 0.38434436274509803 0.01184640522875817 0.008272058823529412
1 0.5620915032679739 0.38587622549019607 0.024509803921568627 0.017463235294117647
0 0.8316993464052288 0.38893995098039214 0.02287581699346405 0.01133578431372549
1 0.5720996732026143 0.3958333333333333 0.025735294117647058 0.016544117647058824
0 0.8786764705882353 0.40487132352941174 0.016339869281045753 0.008272058823529412
0 0.9944852941176471 0.4074754901960784 0.011029411764705883 0.006740196078431373
0 0.9415849673202614 0.40870098039215685 0.013071895424836602 0.007965686274509803
0 0.8488562091503268 0.4102328431372549 0.012254901960784314 0.00857843137254902
1 0.2608251633986928 0.4103860294117647 0.017565359477124183 0.013174019607843137
0 0.9466911764705882 0.41574754901960786 0.012663398692810458 0.007352941176470588
0 0.9250408496732027 0.41590073529411764 0.01511437908496732 0.0070465686274509805
1 0.07883986928104575 0.41620710784313725 0.03594771241830065 0.023590686274509803
0 0.21343954248366012 0.41651348039215685 0.010212418300653595 0.0070465686274509805
0 0.8363970588235294 0.4172794117647059 0.016748366013071895 0.007965686274509803
1 0.10988562091503268 0.4180453431372549 0.029411764705882353 0.029105392156862746
0 0.1454248366013072 0.42018995098039214 0.016339869281045753 0.009497549019607842
0 0.9381127450980392 0.4221813725490196 0.016748366013071895 0.006740196078431373
0 0.00428921568627451 0.4224877450980392 0.00857843137254902 0.012254901960784314
0 0.7167075163398693 0.42371323529411764 0.020016339869281044 0.011642156862745098
0 0.9638480392156863 0.4258578431372549 0.01511437908496732 0.00980392156862745
0 0.6928104575163399 0.4348958333333333 0.01715686274509804 0.011948529411764705
0 0.7577614379084967 0.43704044117647056 0.01715686274509804 0.01133578431372549
0 0.07393790849673203 0.4387254901960784 0.0196078431372549 0.011029411764705883
0 0.006740196078431373 0.44056372549019607 0.013480392156862746 0.013480392156862746
0 0.19240196078431374 0.45894607843137253 0.016339869281045753 0.010416666666666666
0 0.9115604575163399 0.4713541666666667 0.023284313725490197 0.015625
0 0.7792075163398693 0.47349877450980393 0.02246732026143791 0.015625
0 0.8272058823529411 0.4753370098039216 0.02042483660130719 0.015625
0 0.09293300653594772 0.4762561274509804 0.017565359477124183 0.011948529411764705
0 0.05065359477124183 0.5240502450980392 0.026143790849673203 0.01685049019607843
0 0.4068627450980392 0.5332414215686274 0.027777777777777776 0.024816176470588234
0 0.5780228758169934 0.5412071078431373 0.02287581699346405 0.014399509803921568
0 0.9748774509803921 0.5456495098039216 0.025735294117647058 0.020833333333333332
0 0.45608660130718953 0.5974264705882353 0.03880718954248366 0.022058823529411766
0 0.6368464052287581 0.7008272058823529 0.025326797385620915 0.015012254901960785
0 0.03431372549019608 0.75 0.04003267973856209 0.029411764705882353
1 0.3560049019607843 0.17264093137254902 0.042075163398692814 0.036458333333333336
1 0.05024509803921569 0.18229166666666666 0.03104575163398693 0.027573529411764705
1 0.3206699346405229 0.019761029411764705 0.049019607843137254 0.035845588235294115
1 0.006740196078431373 0.21170343137254902 0.010212418300653595 0.023284313725490197
1 0.12540849673202614 0.2711397058823529 0.03104575163398693 0.028186274509803922
1 0.6223447712418301 0.28140318627450983 0.028186274509803922 0.01991421568627451
1 0.8884803921568627 0.28262867647058826 0.03349673202614379 0.023590686274509803
1 0.9082924836601307 0.29044117647058826 0.027369281045751634 0.02022058823529412