1 0.47610294117647056 0.3196997549019608 0.012663398692810458 0.013786764705882353
1 0.5220588235294118 0.33088235294117646 0.013888888888888888 0.010416666666666666
1 0.8272058823529411 0.35340073529411764 0.01715686274509804 0.013174019607843137
1 0.644812091503268 0.3633578431372549 0.013480392156862746 0.012867647058823529
1 0.19709967320261437 0.3633578431372549 0.015931372549019607 0.014093137254901961
1 0.5337009803921569 0.3665747549019608 0.014297385620915032 0.013174019607843137
1 0.45445261437908496 0.36963848039215685 0.014297385620915032 0.012561274509803922
1 0.45955882352941174 0.3700980392156863 0.013071895424836602 0.010416666666666666
1 0.8941993464052288 0.5004595588235294 0.022058823529411766 0.01685049019607843
1 0.4957107843137255 0.5015318627450981 0.013480392156862746 0.012254901960784314
1 0.5008169934640523 0.5055147058823529 0.013071895424836602 0.012867647058823529
1 0.18443627450980393 0.5257352941176471 0.012663398692810458 0.012254901960784314
1 0.6875 0.5424325980392157 0.01715686274509804 0.014399509803921568
1 0.5588235294117647 0.5542279411764706 0.014705882352941176 0.013480392156862746
1 0.5629084967320261 0.5553002450980392 0.013888888888888888 0.012561274509803922
1 0.6646241830065359 0.5571384803921569 0.014705882352941176 0.013786764705882353
1 0.7340686274509803 0.5594362745098039 0.01715686274509804 0.015931372549019607
1 0.8431372549019608 0.5704656862745098 0.015522875816993464 0.012867647058823529
1 0.8137254901960784 0.5801164215686274 0.021241830065359478 0.014399509803921568
1 0.6872957516339869 0.592984068627451 0.014297385620915032 0.015012254901960785
1 0.994281045751634 0.5966605392156863 0.011437908496732025 0.013174019607843137
1 0.7691993464052288 0.5958946078431373 0.015522875816993464 0.014705882352941176
1 0.641952614379085 0.6095281862745098 0.011029411764705883 0.01011029411764706
1 0.2346813725490196 0.6133578431372549 0.012663398692810458 0.012254901960784314
1 0.7232434640522876 0.6193321078431373 0.013480392156862746 0.012561274509803922
1 0.605187908496732 0.6196384803921569 0.017565359477124183 0.016237745098039217
0 0.7465277777777778 0.6663602941176471 0.010212418300653595 0.00980392156862745
0 0.8059640522875817 0.6986825980392157 0.011437908496732025 0.009497549019607842
0 0.9705882352941176 0.7041973039215687 0.013888888888888888 0.01133578431372549
0 0.3872549019607843 0.7299325980392157 0.013071895424836602 0.013174019607843137
0 0.6227532679738562 0.7276348039215687 0.013480392156862746 0.012254901960784314
0 0.46425653594771243 0.7415747549019608 0.013480392156862746 0.012561274509803922
0 0.34068627450980393 0.7617953431372549 0.012254901960784314 0.010723039215686275
0 0.8353758169934641 0.7627144607843137 0.012254901960784314 0.01133578431372549
0 0.5594362745098039 0.7714460784313726 0.014297385620915032 0.013480392156862746
0 0.1621732026143791 0.7863051470588235 0.016339869281045753 0.014399509803921568
0 0.8435457516339869 0.7938112745098039 0.013888888888888888 0.011642156862745098
0 0.8799019607843137 0.7958026960784313 0.016339869281045753 0.013174019607843137
0 0.9477124183006536 0.8066789215686274 0.015522875816993464 0.012867647058823529
0 0.4013480392156863 0.8131127450980392 0.015931372549019607 0.014093137254901961
0 0.12254901960784313 0.8178615196078431 0.017973856209150325 0.016237745098039217
0 0.2647058823529412 0.8250612745098039 0.014705882352941176 0.012254901960784314
0 0.8147467320261438 0.8477328431372549 0.016748366013071895 0.012867647058823529
1 0.5833333333333334 0.2689950980392157 0.012254901960784314 0.011642156862745098
1 0.5404411764705882 0.28691789215686275 0.012254901960784314 0.01133578431372549
1 0.5122549019607843 0.2896752450980392 0.014705882352941176 0.013174019607843137
1 0.6456290849673203 0.29381127450980393 0.013480392156862746 0.012867647058823529
1 0.647671568627451 0.2971813725490196 0.014297385620915032 0.014093137254901961
1 0.4713684640522876 0.6901041666666666 0.019534313725490197 0.013174019607843137
1 0.47259395424836603 0.6734068627450981 0.015449346405228758 0.011029411764705883
1 0.3171813725490196 0.6225490196078431 0.014264705882352941 0.00980392156862745
1 0.6465910947712419 0.6956188725490197 0.017038398692810458 0.012561274509803922
1 0.6480208333333334 0.6829044117647058 0.015812908496732028 0.012867647058823529
1 0.6744873366013072 0.6142769607843137 0.018092320261437908 0.012867647058823529
1 0.6010498366013072 0.6312806372549019 0.0166421568627451 0.009497549019607842
1 0.6425102124183006 0.5690870098039216 0.017046568627450978 0.013174019607843137
1 0.682046568627451 0.5739889705882353 0.016870915032679738 0.012561274509803922
1 0.6680351307189543 0.5742953431372549 0.019076797385620917 0.013174019607843137
1 0.6806964869281046 0.5315563725490197 0.01988970588235294 0.011642156862745098
1 0.648545751633987 0.46400122549019607 0.017679738562091502 0.01133578431372549
1 0.6025837418300654 0.4612438725490196 0.023794934640522875 0.015012254901960785
1 0.5633639705882353 0.4831495098039216 0.025420751633986927 0.014093137254901961
1 0.5580514705882352 0.507046568627451 0.015612745098039215 0.012254901960784314
1 0.5008558006535948 0.4417892156862745 0.018868464052287582 0.014093137254901961
1 0.4800204248366013 0.4413296568627451 0.01559640522875817 0.011948529411764705
1 0.4756576797385621 0.43106617647058826 0.018308823529411766 0.011029411764705883
1 0.4158190359477124 0.3867953431372549 0.01709558823529412 0.013174019607843137
1 0.36149714052287585 0.45588235294117646 0.015477941176470588 0.011642156862745098
1 0.379468954248366 0.5111825980392157 0.017107843137254903 0.01133578431372549
1 0.30308823529411766 0.3174019607843137 0.016307189542483662 0.011029411764705883
1 0.26816789215686276 0.296875 0.010191993464052288 0.00857843137254902
1 0.24141339869281048 0.2622549019607843 0.016323529411764705 0.00980392156862745
1 0.274906045751634 0.2763480392156863 0.01386437908496732 0.010416666666666666
1 0.3173856209150327 0.3002450980392157 0.015490196078431374 0.009191176470588236
1 0.3286519607843137 0.29702818627450983 0.013513071895424836 0.01011029411764706
1 0.37931168300653595 0.2581188725490196 0.016793300653594773 0.011948529411764705
1 0.548656045751634 0.27297794117647056 0.015612745098039215 0.011642156862745098
1 0.7116666666666667 0.23284313725490197 0.01565359477124183 0.010416666666666666
1 0.6652961601307189 0.28201593137254904 0.01931781045751634 0.012561274509803922
1 0.6078941993464052 0.35370710784313725 0.021343954248366014 0.012561274509803922
1 0.5395792483660131 0.35738357843137253 0.01870098039215686 0.01133578431372549
1 0.5126205065359477 0.32567401960784315 0.017888071895424837 0.011642156862745098
1 0.48811478758169935 0.34191176470588236 0.017079248366013072 0.011029411764705883
1 0.3110539215686275 0.4169730392156863 0.01916666666666667 0.012254901960784314
1 0.34172589869281045 0.4215686274509804 0.015151143790849675 0.011642156862745098
1 0.20261437908496732 0.5151654411764706 0.017973856209150325 0.013786764705882353
1 0.280625 0.5228247549019608 0.017949346405228758 0.01133578431372549
1 0.29596813725490195 0.5193014705882353 0.014321895424836603 0.010416666666666666
1 0.31231004901960785 0.5143995098039216 0.013508986928104575 0.011642156862745098
1 0.3584334150326798 0.4181985294117647 0.01670343137254902 0.010416666666666666
1 0.3371936274509804 0.3236825980392157 0.01343954248366013 0.01133578431372549
1 0.6013398692810458 0.26669730392156865 0.017222222222222222 0.014399509803921568
1 0.6928553921568628 0.2890625 0.01397875816993464 0.009497549019607842
1 0.6763092320261438 0.3091299019607843 0.016834150326797387 0.011029411764705883
1 0.7472916666666666 0.3193933823529412 0.015008169934640523 0.010723039215686275
1 0.7632209967320261 0.3056066176470588 0.01500408496732026 0.01011029411764706
1 0.8130494281045751 0.2890625 0.019072712418300653 0.011948529411764705
1 0.803860294117647 0.3007046568627451 0.01621732026143791 0.009497549019607842
1 0.8215482026143791 0.32506127450980393 0.01727941176470588 0.011029411764705883
1 0.8101899509803921 0.35079656862745096 0.02315767973856209 0.014093137254901961
1 0.8791523692810458 0.39215686274509803 0.023827614379084965 0.012867647058823529
1 0.7233966503267973 0.38587622549019607 0.01787173202614379 0.013174019607843137
1 0.6443627450980393 0.4050245098039216 0.01584967320261438 0.011029411764705883
1 0.5118688725490196 0.3918504901960784 0.013933823529411764 0.011642156862745098
1 0.4883782679738562 0.38878676470588236 0.015972222222222224 0.013480392156862746
1 0.652734885620915 0.7700674019607843 0.021156045751633986 0.014399509803921568
1 0.46975490196078434 0.43857230392156865 0.015490196078431374 0.008884803921568627
1 0.8031617647058824 0.4810049019607843 0.014820261437908497 0.00980392156862745
1 0.8199959150326797 0.5563725490196079 0.016625816993464052 0.012254901960784314
1 0.8014113562091504 0.5899203431372549 0.021123366013071895 0.012561274509803922
1 0.8310539215686275 0.4840686274509804 0.0175 0.011642156862745098
1 0.5980514705882353 0.4885110294117647 0.017998366013071896 0.01133578431372549
0 0.6133415032679739 0.6439950980392157 0.012630718954248367 0.00857843137254902
0 0.581482843137255 0.6479779411764706 0.011821895424836602 0.006740196078431373
0 0.584342320261438 0.6619178921568627 0.011004901960784314 0.006433823529411764
0 0.5970302287581699 0.6603860294117647 0.012687908496732025 0.008272058823529412
0 0.7957128267973856 0.6678921568627451 0.015445261437908498 0.00980392156862745
0 0.9162030228758169 0.711703431372549 0.014595588235294117 0.011642156862745098
0 0.8380739379084967 0.7277879901960784 0.0160171568627451 0.009497549019607842
0 0.8482863562091504 0.7362132352941176 0.014383169934640522 0.007965686274509803
0 0.8961907679738562 0.7372855392156863 0.01460375816993464 0.012561274509803922
0 0.9033374183006535 0.7182904411764706 0.010923202614379084 0.007659313725490196
0 0.8881209150326796 0.7927389705882353 0.012352941176470587 0.010723039215686275
1 0.14969158496732027 0.6325061274509803 0.015069444444444444 0.010723039215686275
1 0.1760375816993464 0.6303615196078431 0.016290849673202615 0.009497549019607842
1 0.1754248366013072 0.6122855392156863 0.015882352941176472 0.01133578431372549
1 0.14131944444444444 0.5942095588235294 0.013848039215686274 0.008884803921568627
1 0.11701593137254901 0.5935968137254902 0.019162581699346405 0.01011029411764706
1 0.1394812091503268 0.5698529411764706 0.012622549019607843 0.00980392156862745
1 0.1609232026143791 0.5649509803921569 0.017107843137254903 0.011642156862745098
1 0.12620710784313724 0.5533088235294118 0.01793709150326797 0.010416666666666666
1 0.08944648692810457 0.5275735294117647 0.01386029411764706 0.00857843137254902
1 0.12845383986928105 0.5252757352941176 0.013443627450980392 0.008272058823529412
1 0.09519199346405229 0.49954044117647056 0.015547385620915033 0.009497549019607842
1 0.0892422385620915 0.5081188725490197 0.012634803921568627 0.007659313725490196
1 0.1268545751633987 0.47503063725490197 0.016781045751633986 0.01133578431372549
1 0.12539011437908495 0.46277573529411764 0.0163031045751634 0.009497549019607842
1 0.08536151960784313 0.4615502450980392 0.011409313725490196 0.008884803921568627
1 0.05901756535947712 0.4489889705882353 0.019178921568627452 0.015012254901960785
1 0.08066380718954248 0.4411764705882353 0.01917075163398693 0.015318627450980392
1 0.16500816993464051 0.4522058823529412 0.01874183006535948 0.012867647058823529
1 0.1809375 0.47380514705882354 0.014652777777777777 0.01011029411764706
1 0.34901348039215685 0.3815870098039216 0.019922385620915035 0.013786764705882353
1 0.03757352941176471 0.41452205882352944 0.015506535947712419 0.00980392156862745
1 0.07086192810457516 0.43106617647058826 0.024893790849673202 0.014093137254901961