0 0.46772875816993464 0.525 0.12173202614379085 0.16304347826086957
0 0.17197712418300654 0.4652173913043478 0.13316993464052287 0.1391304347826087
0 0.21486928104575165 0.2875 0.119281045751634 0.15543478260869564
0 0.34068627450980393 0.3065217391304348 0.10457516339869281 0.14347826086956522
0 0.40155228758169936 0.2358695652173913 0.005718954248366013 0.013043478260869565
0 0.2508169934640523 0.7217391304347827 0.1388888888888889 0.17608695652173914
0 0.3553921568627451 0.7086956521739131 0.12254901960784313 0.18043478260869567
0 0.17933006535947713 0.5391304347826087 0.10866013071895425 0.1608695652173913
0 0.06576797385620915 0.8592391304347826 0.1184640522875817 0.14021739130434782
0 0.1556372549019608 0.928804347826087 0.10702614379084967 0.1423913043478261
0 0.09681372549019608 0.9478260869565217 0.125 0.09565217391304348
0 0.4877450980392157 0.3760869565217391 0.10457516339869281 0.09782608695652174
0 0.5261437908496732 0.4777173913043478 0.0784313725490196 0.125
0 0.4089052287581699 0.33804347826086956 0.07924836601307189 0.14347826086956522
0 0.934640522875817 0.5384130434782608 0.07625816993464053 0.06810869565217391
0 0.9520751633986927 0.4434782608695652 0.08496732026143791 0.11593478260869565
0 0.5054411764705882 0.6355 0.10457516339869281 0.11158695652173913