0 0.39156862745098037 0.6009313725490196 0.046683006535947716 0.05514705882352941
0 0.6104084967320261 0.3431372549019608 0.0513562091503268 0.06477941176470588
0 0.5155882352941177 0.5068382352941176 0.03792483660130719 0.04727941176470588
0 0.5473856209150327 0.5352696078431373 0.049019607843137254 0.05865196078431373
0 0.5027450980392157 0.9488725490196078 0.03326797385620915 0.050759803921568626
0 0.31862745098039214 0.9537009803921569 0.03151960784313725 0.04463235294117647
0 0.05264705882352941 0.8224509803921569 0.049019607843137254 0.05990196078431373
0 0.05583333333333334 0.5868627450980393 0.049934640522875814 0.07080882352941177
0 0.011339869281045752 0.5364950980392157 0.02269607843137255 0.05174019607843137
0 0.015882352941176472 0.6120588235294118 0.031764705882352945 0.06943627450980391
0 0.03630718954248366 0.6821813725490196 0.04357843137254902 0.06808823529411764
0 0.18155228758169933 0.8394607843137255 0.03812091503267974 0.0503921568627451
0 0.012254901960784314 0.6835539215686274 0.024509803921568627 0.0571813725490196
0 0.49655228758169934 0.5963970588235294 0.058104575163398696 0.0571813725490196
0 0.5051797385620915 0.5541911764705882 0.048104575163398694 0.038137254901960786
0 0.8346895424836601 0.14637254901960783 0.048104575163398694 0.0503921568627451
0 0.7324836601307189 0.9731127450980391 0.0413562091503268 0.042132352941176475
0 0.7876797385620915 0.2725 0.035555555555555556 0.08649509803921568
0 0.7838398692810458 0.76125 0.056715686274509805 0.07497549019607844