0 0.1086111111111111 0.8552216748768473 0.04532679738562091 0.06566502463054187
0 0.33356209150326793 0.9516009852216749 0.08065359477124183 0.09677339901477833
0 0.26189542483660133 0.7214778325123153 0.07552287581699346 0.09667487684729065
0 0.24678104575163398 0.7898768472906403 0.057843137254901957 0.052561576354679805
0 0.1780392156862745 0.787832512315271 0.07691176470588236 0.10502463054187192
0 0.12802287581699345 0.765024630541872 0.06558823529411764 0.10916256157635468
0 0.13163398692810457 0.6688669950738916 0.0707516339869281 0.11270935960591133
0 0.20227124183006537 0.6678325123152709 0.07794117647058824 0.11687192118226601
0 0.1806045751633987 0.5968226600985221 0.06351307189542484 0.0991871921182266
0 0.25073529411764706 0.6121182266009852 0.07261437908496732 0.1080295566502463
0 0.25983660130718955 0.7251231527093596 0.09200980392156863 0.09150246305418719
0 0.27359477124183007 0.7084975369458127 0.00423202614379085 0.010098522167487684
0 0.3840032679738562 0.2224630541871921 0.08924836601307189 0.11763546798029556
0 0.4255392156862745 0.3190886699507389 0.09477124183006536 0.13384236453201973
0 0.3289869281045752 0.33411330049261084 0.09444444444444444 0.1238177339901478
0 0.4473202614379085 0.39369458128078816 0.08960784313725491 0.10270935960591134
0 0.44604575163398696 0.5106403940886699 0.09241830065359477 0.10278325123152708
0 0.42129084967320257 0.6676600985221675 0.10179738562091503 0.10955665024630541
0 0.4523202614379085 0.5913793103448276 0.05772875816993464 0.10394088669950739
0 0.37052287581699345 0.5902709359605911 0.0955392156862745 0.1217487684729064
0 0.3057352941176471 0.4471428571428571 0.06565359477124183 0.08935960591133005
0 0.33416666666666667 0.5482266009852217 0.07375816993464053 0.10113300492610838
0 0.3644117647058824 0.4080541871921182 0.09457516339869282 0.11633004926108374
0 0.3855882352941176 0.504039408866995 0.06102941176470589 0.10194581280788177
0 0.7237091503267974 0.5394581280788178 0.08326797385620915 0.11842364532019704
0 0.7060947712418301 0.6138916256157636 0.08972222222222222 0.10576354679802955
0 0.7611764705882352 0.5667487684729063 0.04504901960784314 0.09674876847290641
0 0.8317483660130719 0.5110098522167488 0.05668300653594771 0.09298029556650246
0 0.7924346405228758 0.4790147783251231 0.07183006535947713 0.11204433497536946
0 0.7333823529411765 0.41467980295566503 0.07284313725490196 0.10899014778325124
0 0.7013888888888888 0.3221182266009852 0.06540849673202614 0.11012315270935961
0 0.7539705882352942 0.30714285714285716 0.057450980392156854 0.09815270935960592
0 0.7920588235294118 0.36849753694581283 0.06812091503267974 0.1131527093596059
0 0.7270588235294118 0.22408866995073892 0.061683006535947715 0.0846551724137931
0 0.8883496732026143 0.47140394088669946 0.056421568627450985 0.09901477832512316
0 0.8750653594771242 0.39918719211822656 0.060637254901960785 0.09822660098522168
0 0.8465522875816994 0.28470443349753694 0.07599673202614379 0.11610837438423645
0 0.8044771241830065 0.2544088669950739 0.06665032679738563 0.08541871921182266
0 0.8234640522875817 0.18145320197044335 0.08326797385620915 0.08312807881773399
0 0.8825163398692811 0.23120689655172416 0.042777777777777776 0.07642857142857143
0 0.933235294117647 0.19958128078817736 0.0542156862745098 0.0917487684729064
0 0.9707843137254902 0.22839901477832514 0.0584313725490196 0.10746305418719213
0 0.9704248366013072 0.3445320197044335 0.05588235294117647 0.1143103448275862
0 0.2440359477124183 0.049482758620689654 0.06866013071895426 0.0819704433497537
0 0.27465686274509804 0.1162807881773399 0.0731045751633987 0.10711822660098523
0 0.6129084967320262 0.9399014778325123 0.05158496732026144 0.09982758620689655
0 0.570326797385621 0.7918965517241379 0.05375816993464052 0.08692118226600985
0 0.596421568627451 0.8433004926108374 0.043823529411764706 0.10416256157635467
0 0.5158496732026143 0.7845812807881773 0.06295751633986928 0.09423645320197044
0 0.5406045751633988 0.8550246305418718 0.05060457516339869 0.08807881773399014
0 0.48031045751633983 0.8616009852216748 0.0690359477124183 0.06610837438423646
0 0.8566013071895425 0.7270935960591133 0.05552287581699346 0.11216748768472906
0 0.9093790849673202 0.7901970443349754 0.06887254901960783 0.09315270935960591
0 0.9270261437908497 0.9608866995073891 0.07562091503267974 0.07822660098522168
0 0.9527287581699347 0.9261083743842364 0.06566993464052287 0.09517241379310346
0 0.9726143790849673 0.872512315270936 0.05150326797385621 0.0680295566502463