0 0.3462591687041565 0.4970424836601307 0.0660880195599022 0.03400326797385621
0 0.38789731051344745 0.5440686274509804 0.07004889975550121 0.05122549019607844
0 0.12158924205378972 0.49769607843137254 0.0647677261613692 0.040620915032679734
0 0.5537652811735941 0.37957516339869285 0.054180929095354526 0.035767973856209154
0 0.32511002444987774 0.28727124183006536 0.07533007334963325 0.040179738562091505
0 0.1615647921760391 0.3157516339869281 0.08127139364303179 0.0388562091503268
0 0.58679706601467 0.7048202614379085 0.07136919315403423 0.04946078431372549
0 0.7909779951100244 0.7163071895424836 0.08457212713936431 0.05034313725490196
0 0.7714914425427873 0.6518300653594772 0.07731051344743277 0.040620915032679734
0 0.737799511002445 0.5162581699346405 0.049559902200488996 0.026503267973856208
0 0.7526650366748165 0.5601960784313725 0.07136919315403423 0.051666666666666666
0 0.6998044009779951 0.26893790849673205 0.06078239608801956 0.03973856209150327
0 0.47743276283618585 0.2961111111111111 0.054841075794621025 0.03929738562091503
0 0.852762836185819 0.3325326797385621 0.05748166259168704 0.03797385620915032
0 0.7668704156479217 0.34513071895424835 0.06012224938875305 0.03488562091503268
0 0.7698288508557457 0.39635620915032677 0.0647677261613692 0.04372549019607844
0 0.8147677261613692 0.5648366013071896 0.0647677261613692 0.04504901960784314
0 0.8871393643031784 0.5094117647058823 0.06012224938875305 0.0313562091503268
0 0.783716381418093 0.5118300653594772 0.04493887530562347 0.02207516339869281
0 0.9571882640586797 0.9470424836601308 0.07863080684596577 0.04813725490196079
0 0.9188508557457212 0.8998039215686273 0.06938875305623472 0.03929738562091503
0 0.9446210268948656 0.5392156862745098 0.06012224938875305 0.03797385620915032
0 0.7235941320293399 0.22235294117647061 0.04493887530562347 0.03665032679738562
0 0.6779951100244499 0.20712418300653596 0.05550122249388753 0.02826797385620915
0 0.5920782396088019 0.13866013071895425 0.05286063569682152 0.03620915032679738
0 0.23364303178484108 0.26869281045751636 0.05161369193154034 0.03630718954248366
0 0.3436674816625917 0.2237581699346405 0.057041564792176036 0.031764705882352945
0 0.29679706601466993 0.16794117647058823 0.03938875305623472 0.0453921568627451
0 0.36811735941320295 0.18428104575163398 0.06249388753056234 0.03449346405228758
0 0.17726161369193155 0.43527777777777776 0.06926650366748166 0.04447712418300653
0 0.120880195599022 0.4602450980392157 0.09237163814180929 0.04176470588235294
0 0.028533007334963324 0.37127450980392157 0.057041564792176036 0.03993464052287582
0 0.02581907090464548 0.33405228758169936 0.05161369193154034 0.04176470588235294
0 0.7837652811735941 0.1057516339869281 0.0434718826405868 0.037222222222222226
0 0.5032518337408314 0.13571895424836602 0.061124694376528114 0.035408496732026146
0 0.29 0.08078431372549019 0.07471882640586797 0.04176470588235294
0 0.08083129584352079 0.0667156862745098 0.06926650366748166 0.02813725490196078
0 0.02444987775061125 0.6831045751633987 0.0488997555012225 0.037222222222222226