0 0.6963235294117647 0.7579166666666667 0.15334967320261436 0.19230392156862744
0 0.5643464052287581 0.3384313725490196 0.17344771241830068 0.27715686274509804
0 0.4725980392156863 0.5081127450980393 0.16339869281045752 0.22813725490196077
0 0.8157352941176471 0.17911764705882352 0.12820261437908495 0.24887254901960787
0 0.050898692810457516 0.31955882352941173 0.10179738562091503 0.22436274509803922
0 0.08861111111111111 0.6702450980392156 0.09426470588235293 0.1979656862745098
0 0.12442810457516341 0.881421568627451 0.12316993464052287 0.17534313725490197
0 0.4317483660130719 0.29034313725490196 0.10934640522875817 0.21870098039215688
0 0.5561764705882353 0.044313725490196076 0.12192810457516341 0.08860294117647058
0 0.8867483660130719 0.046200980392156865 0.08924836601307189 0.09237745098039216
0 0.7510130718954249 0.4308088235294118 0.17722222222222223 0.2582843137254902
0 0.9751143790849673 0.5062254901960784 0.04977124183006536 0.23566176470588238