0 0.5242084942084942 0.511340206185567 0.03528957528957529 0.04345360824742268
0 0.48752895752895753 0.5102061855670104 0.046640926640926644 0.038402061855670105
0 0.3955984555984556 0.5389175257731958 0.03223938223938224 0.04350515463917526
0 0.36459459459459465 0.5143298969072165 0.0405019305019305 0.046701030927835056
0 0.3561776061776062 0.6095360824742269 0.025714285714285714 0.032938144329896904
0 0.36220077220077224 0.6525257731958763 0.03567567567567568 0.03345360824742268
0 0.3236293436293436 0.6529896907216495 0.037065637065637064 0.039896907216494845
0 0.32328185328185327 0.6191752577319588 0.03223938223938224 0.03020618556701031
0 0.2723552123552124 0.45845360824742265 0.029536679536679537 0.04252577319587629
0 0.28853281853281854 0.5021649484536083 0.04142857142857143 0.041134020618556706
0 0.34996138996139 0.398659793814433 0.02984555984555985 0.04432989690721649
0 0.3818146718146718 0.4179896907216495 0.03250965250965251 0.027783505154639173
0 0.38664092664092664 0.3830412371134021 0.03498069498069498 0.03510309278350515
0 0.5297683397683398 0.659020618556701 0.03652509652509653 0.030567010309278348
0 0.46177606177606173 0.7177835051546392 0.02853281853281853 0.046649484536082475
0 0.39972972972972975 0.7431958762886598 0.04054054054054054 0.04396907216494845
0 0.49675675675675673 0.7516494845360825 0.033204633204633204 0.043092783505154636
0 0.33942084942084944 0.7629381443298968 0.03992277992277992 0.04082474226804124
0 0.3507335907335907 0.807938144329897 0.03857142857142857 0.03458762886597938
0 0.6121235521235521 0.34690721649484535 0.03115830115830116 0.04474226804123711
0 0.4625868725868726 0.3856701030927835 0.030193050193050193 0.03675257731958763
0 0.48042471042471047 0.3202061855670103 0.03988416988416989 0.039381443298969074
0 0.49559845559845567 0.36381443298969074 0.03980694980694981 0.03360824742268041
0 0.4182625482625483 0.3192783505154639 0.04166023166023166 0.0377319587628866
0 0.3811196911196911 0.3241237113402062 0.03664092664092664 0.04737113402061855
0 0.6093436293436293 0.12061855670103092 0.04737451737451737 0.041958762886597945
0 0.6897297297297297 0.05304123711340206 0.0350965250965251 0.04824742268041237