0 0.8369032258064516 0.7421472392638037 0.05629032258064516 0.10061349693251533
0 0.7882580645161291 0.8735582822085889 0.06003225806451613 0.1138036809815951
0 0.7578709677419355 0.7534355828220859 0.04370967741935484 0.1305521472392638
0 0.791483870967742 0.7201840490797546 0.04961290322580646 0.0947239263803681
0 0.6831612903225807 0.7396319018404908 0.06848387096774193 0.09680981595092024
0 0.6119354838709677 0.7876687116564416 0.05183870967741935 0.11932515337423312
0 0.5686774193548387 0.9303680981595093 0.06529032258064515 0.10411042944785276
0 0.025225806451612903 0.06815950920245399 0.04935483870967742 0.09742331288343559
0 0.02735483870967742 0.22515337423312884 0.053645161290322575 0.12306748466257668
0 0.10799999999999998 0.2552760736196319 0.05361290322580645 0.09141104294478528
0 0.07170967741935484 0.32331288343558284 0.05525806451612903 0.09858895705521473
0 0.1176774193548387 0.3601226993865031 0.05361290322580645 0.13546012269938648
0 0.019580645161290322 0.6076687116564417 0.039129032258064515 0.09061349693251533
0 0.06606451612903226 0.6741717791411043 0.073 0.11312883435582823
0 0.014193548387096775 0.69 0.02838709677419355 0.12644171779141103
0 0.023870967741935485 0.803006134969325 0.04774193548387097 0.100920245398773
0 0.05183870967741935 0.8356441717791412 0.0671290322580645 0.13797546012269937
0 0.1112258064516129 0.8265644171779141 0.06651612903225806 0.1234355828220859
0 0.2093225806451613 0.6450306748466258 0.07238709677419355 0.12233128834355829
0 0.15206451612903227 0.6772392638036809 0.045 0.08245398773006135
0 0.1534193548387097 0.5769938650306748 0.06380645161290323 0.10282208588957056
0 0.1547741935483871 0.45423312883435585 0.05683870967741936 0.10276073619631902
0 0.20958064516129032 0.18374233128834355 0.06325806451612903 0.12
0 0.2891290322580645 0.05429447852760736 0.06109677419354839 0.08822085889570552
0 0.3211290322580645 0.1438036809815951 0.06377419354838709 0.0892638036809816
0 0.22141935483870967 0.3933742331288344 0.05464516129032258 0.08533742331288344
0 0.27783870967741936 0.3161963190184049 0.08367741935483872 0.10883435582822085
0 0.3922258064516129 0.3958282208588957 0.06616129032258065 0.1096319018404908
0 0.3701935483870968 0.4687116564417178 0.06487096774193549 0.09865030674846624
0 0.3914516129032258 0.563680981595092 0.062161290322580644 0.09570552147239264
0 0.4251290322580645 0.6319631901840491 0.056612903225806456 0.10576687116564416
0 0.48980645161290326 0.5842331288343559 0.05716129032258064 0.1067484662576687
0 0.422741935483871 0.47975460122699387 0.06770967741935484 0.08423312883435582
0 0.5352258064516129 0.34760736196319014 0.05190322580645161 0.07122699386503067
0 0.5484193548387096 0.2882822085889571 0.05403225806451613 0.0752760736196319
0 0.603225806451613 0.3332515337423313 0.05693548387096774 0.10889570552147239
0 0.6527096774193548 0.33478527607361963 0.057741935483870965 0.08177914110429448
0 0.5890967741935484 0.21024539877300616 0.05825806451612903 0.08680981595092024
0 0.6132580645161291 0.2714110429447853 0.043225806451612905 0.07656441717791411
0 0.5573870967741935 0.13447852760736198 0.059 0.11177914110429447
0 0.5130322580645161 0.09680981595092024 0.05583870967741935 0.12085889570552147
0 0.5381290322580645 0.0347239263803681 0.05212903225806452 0.0671165644171779
0 0.5979354838709677 0.05687116564417178 0.0592258064516129 0.10730061349693251
0 0.6313225806451613 0.028098159509202456 0.05932258064516129 0.05625766871165644
0 0.6381935483870967 0.109079754601227 0.0677741935483871 0.08717791411042945
0 0.277 0.4249693251533742 0.061322580645161294 0.11533742331288344
0 0.30087096774193545 0.6641104294478528 0.07041935483870967 0.11576687116564417
0 0.3959354838709677 0.8934355828220859 0.06267741935483871 0.11570552147239263
0 0.3746774193548387 0.816319018404908 0.06432258064516129 0.10079754601226994
0 0.35593548387096774 0.9200613496932515 0.05554838709677419 0.10460122699386504
0 0.3346774193548387 0.8542331288343559 0.06829032258064517 0.11337423312883436
0 0.28067741935483875 0.7909815950920246 0.06332258064516129 0.10128834355828222
0 0.497741935483871 0.7299386503067485 0.05716129032258064 0.08466257668711658
0 0.44967741935483874 0.8323926380368099 0.05903225806451613 0.09680981595092024
0 0.6112903225806452 0.5114723926380368 0.06064516129032258 0.11785276073619633
0 0.636 0.4647239263803681 0.05 0.06656441717791411
0 0.6467096774193548 0.5199386503067485 0.06190322580645162 0.09417177914110429
0 0.6470967741935484 0.5857668711656442 0.06583870967741935 0.07098159509202454
0 0.6849677419354839 0.5516564417177914 0.05503225806451612 0.09576687116564417
0 0.774483870967742 0.3891411042944785 0.05741935483870968 0.10828220858895704
0 0.8303225806451612 0.5378527607361964 0.056612903225806456 0.0983435582822086
0 0.9296129032258065 0.5727607361963191 0.0712258064516129 0.10613496932515337
0 0.985774193548387 0.5476687116564417 0.028451612903225808 0.10288343558282208
0 0.9774516129032258 0.4647239263803681 0.04506451612903226 0.07570552147239264
0 0.9117741935483871 0.4019631901840491 0.06896774193548387 0.0947239263803681
0 0.8403548387096774 0.446441717791411 0.057645161290322586 0.10226993865030676
0 0.8226774193548387 0.09 0.04761290322580645 0.09766871165644171
0 0.8786451612903226 0.5617177914110429 0.05183870967741935 0.10693251533742332
0 0.8216129032258064 0.3615337423312883 0.05819354838709677 0.11331288343558281
0 0.8758387096774193 0.2010429447852761 0.050483870967741935 0.12092024539877301
0 0.8528387096774194 0.2917791411042945 0.07348387096774193 0.10858895705521472
0 0.5301612903225806 0.9015337423312882 0.03770967741935484 0.11687116564417178
0 0.5590322580645162 0.7475460122699387 0.050677419354838715 0.1158282208588957
0 0.8620967741935484 0.8541717791411042 0.07616129032258065 0.09006134969325154
0 0.9132580645161291 0.7274846625766871 0.053258064516129036 0.09184049079754601